FFI_GadCer_IP_R5
ENSMUSG00000000001.4	217.34805212925
ENSMUSG00000000003.15	0
ENSMUSG00000000028.15	19.6649839835447
ENSMUSG00000000031.16	0
ENSMUSG00000000037.17	10.2624315753213
ENSMUSG00000000049.11	34.6674565515634
ENSMUSG00000000056.7	646.484873711641
ENSMUSG00000000058.6	61.3220565175905
ENSMUSG00000000078.7	55.4823689617283
ENSMUSG00000000085.16	990.520250021777
ENSMUSG00000000088.7	42613.9350222912
ENSMUSG00000000093.6	0
ENSMUSG00000000094.12	0
ENSMUSG00000000103.12	0
ENSMUSG00000000120.6	128.704872247688
ENSMUSG00000000125.5	59.1035370548931
ENSMUSG00000000126.11	47.1214407801312
ENSMUSG00000000127.15	137.631697677149
ENSMUSG00000000131.15	3183.05232280598
ENSMUSG00000000134.17	1179.31151213641
ENSMUSG00000000142.15	233.339432556809
ENSMUSG00000000148.17	248.480515773868
ENSMUSG00000000149.10	414.428861530551
ENSMUSG00000000154.16	0
ENSMUSG00000000157.16	0
ENSMUSG00000000159.16	7.80455046716204
ENSMUSG00000000167.14	0
ENSMUSG00000000168.9	4256.38030992902
ENSMUSG00000000171.5	4640.21978939417
ENSMUSG00000000182.9	0
ENSMUSG00000000183.6	0
ENSMUSG00000000184.12	768.586935149908
ENSMUSG00000000194.13	533.076986548151
ENSMUSG00000000197.8	517.822542854325
ENSMUSG00000000202.9	98.1605597110471
ENSMUSG00000000204.16	0
ENSMUSG00000000214.11	419.446467148766
ENSMUSG00000000215.11	87.5463735726336
ENSMUSG00000000216.8	17.3057002724404
ENSMUSG00000000223.13	300.89394321606
ENSMUSG00000000244.17	0
ENSMUSG00000000247.11	191.998970341131
ENSMUSG00000000248.16	0
ENSMUSG00000000253.13	3954.12760157102
ENSMUSG00000000263.15	25.6711853454493
ENSMUSG00000000266.11	207.738847816658
ENSMUSG00000000275.16	11.4907635034932
ENSMUSG00000000276.11	352.978868725994
ENSMUSG00000000278.10	479.398584776982
ENSMUSG00000000282.12	390.805468277781
ENSMUSG00000000290.13	129.107220790085
ENSMUSG00000000295.13	1456.95444752048
ENSMUSG00000000296.8	1823.07551592457
ENSMUSG00000000301.16	131.489288958249
ENSMUSG00000000303.12	18.2361800448368
ENSMUSG00000000305.12	379.194384114064
ENSMUSG00000000308.14	15744.0605457851
ENSMUSG00000000317.11	0
ENSMUSG00000000318.16	0
ENSMUSG00000000320.10	0
ENSMUSG00000000325.16	394.884572746251
ENSMUSG00000000326.13	3180.74363307418
ENSMUSG00000000339.14	2275.18443861527
ENSMUSG00000000340.10	213.089574681712
ENSMUSG00000000346.9	2636.23889921268
ENSMUSG00000000355.13	4001.47460847604
ENSMUSG00000000359.3	0
ENSMUSG00000000365.9	0
ENSMUSG00000000374.8	751.796288453346
ENSMUSG00000000378.15	2059.40891977372
ENSMUSG00000000381.10	0
ENSMUSG00000000384.15	1011.05965777104
ENSMUSG00000000385.8	17.9218481721746
ENSMUSG00000000386.16	0
ENSMUSG00000000392.17	121.675523917484
ENSMUSG00000000394.15	47.5138952500799
ENSMUSG00000000399.10	5786.12803901837
ENSMUSG00000000402.2	33.4845374795849
ENSMUSG00000000409.14	69.2040429271689
ENSMUSG00000000411.7	0
ENSMUSG00000000416.16	412.047323959333
ENSMUSG00000000420.15	533.075613238411
ENSMUSG00000000435.1	0
ENSMUSG00000000439.9	483.018535618332
ENSMUSG00000000440.12	0
ENSMUSG00000000441.17	1271.21723899934
ENSMUSG00000000486.13	206.717916870895
ENSMUSG00000000489.7	109.530690438466
ENSMUSG00000000530.16	24.1493396718187
ENSMUSG00000000531.5	1339.69711073104
ENSMUSG00000000532.11	1298.00445699008
ENSMUSG00000000538.18	4402.79341826106
ENSMUSG00000000544.14	0
ENSMUSG00000000552.10	5469.20732143734
ENSMUSG00000000555.8	122.676136121404
ENSMUSG00000000560.9	1358.63302330028
ENSMUSG00000000561.14	993.237343343466
ENSMUSG00000000562.5	0
ENSMUSG00000000563.17	14431.1417265315
ENSMUSG00000000567.5	27.9624590128112
ENSMUSG00000000568.15	9014.02872529118
ENSMUSG00000000579.14	0
ENSMUSG00000000581.8	3081.19047486304
ENSMUSG00000000594.7	443.488095640706
ENSMUSG00000000600.15	201.56326118289
ENSMUSG00000000605.9	1566.80895815345
ENSMUSG00000000606.18	0
ENSMUSG00000000617.14	12.5833562484451
ENSMUSG00000000627.15	927.671884573899
ENSMUSG00000000628.10	13.5772267500022
ENSMUSG00000000631.20	992.522129872902
ENSMUSG00000000632.13	7408.413841683
ENSMUSG00000000673.9	0
ENSMUSG00000000682.7	560.869873019589
ENSMUSG00000000686.11	9.45451969726947
ENSMUSG00000000690.5	84.0499269731792
ENSMUSG00000000693.10	8.70113445823471
ENSMUSG00000000701.8	0
ENSMUSG00000000706.16	0
ENSMUSG00000000708.14	172.342756812975
ENSMUSG00000000711.3	1930.02244893252
ENSMUSG00000000724.10	0
ENSMUSG00000000730.13	0
ENSMUSG00000000731.15	0
ENSMUSG00000000732.9	29.9288825033616
ENSMUSG00000000738.18	1299.26606046788
ENSMUSG00000000739.14	0
ENSMUSG00000000740.12	24600.0213823615
ENSMUSG00000000743.9	2329.26275442521
ENSMUSG00000000751.13	1055.05741191152
ENSMUSG00000000753.15	1545.01809069153
ENSMUSG00000000759.14	249.435465428915
ENSMUSG00000000766.18	0
ENSMUSG00000000776.13	1040.16199508009
ENSMUSG00000000782.16	153.305000841844
ENSMUSG00000000787.12	1323.42073732073
ENSMUSG00000000791.9	0
ENSMUSG00000000792.2	275.668490516176
ENSMUSG00000000794.9	61.3049525690036
ENSMUSG00000000804.14	648.048324428093
ENSMUSG00000000805.18	270.116292869865
ENSMUSG00000000811.13	121.545215550057
ENSMUSG00000000817.10	27.413166328174
ENSMUSG00000000823.16	395.394570045357
ENSMUSG00000000826.16	3462.50540527445
ENSMUSG00000000827.18	3578.64077921744
ENSMUSG00000000838.17	453.037155228979
ENSMUSG00000000861.15	2638.45641990466
ENSMUSG00000000869.12	0
ENSMUSG00000000876.11	346.20829564713
ENSMUSG00000000881.12	1880.36347507928
ENSMUSG00000000884.17	281.332144732567
ENSMUSG00000000889.8	0
ENSMUSG00000000901.17	66.6831456288691
ENSMUSG00000000902.13	4572.06248939357
ENSMUSG00000000903.3	0
ENSMUSG00000000915.15	993.067552320998
ENSMUSG00000000916.15	474.113464663625
ENSMUSG00000000934.9	739.077723618626
ENSMUSG00000000938.11	0
ENSMUSG00000000942.10	40.1385352884265
ENSMUSG00000000948.16	75.3700788159231
ENSMUSG00000000957.11	47.8820671068889
ENSMUSG00000000958.10	2.47938589023294
ENSMUSG00000000959.7	1845.18530336215
ENSMUSG00000000976.13	96.6733276851955
ENSMUSG00000000982.5	0
ENSMUSG00000000983.13	0
ENSMUSG00000001014.6	1.75587013805527
ENSMUSG00000001016.12	4744.93768463528
ENSMUSG00000001017.15	5320.90191712916
ENSMUSG00000001018.15	1757.74920031937
ENSMUSG00000001020.8	0
ENSMUSG00000001021.13	89.2494024972625
ENSMUSG00000001023.10	57.1868960424378
ENSMUSG00000001025.8	521.924681472535
ENSMUSG00000001027.7	0
ENSMUSG00000001029.15	0
ENSMUSG00000001034.17	137.111712670838
ENSMUSG00000001036.17	1015.41495355528
ENSMUSG00000001039.12	1097.13662113286
ENSMUSG00000001052.15	1548.07223791977
ENSMUSG00000001053.15	788.101354447351
ENSMUSG00000001054.9	1638.30574169248
ENSMUSG00000001056.3	4292.84018538469
ENSMUSG00000001062.18	664.295608641171
ENSMUSG00000001065.15	92.9156089076005
ENSMUSG00000001076.7	73.189325371091
ENSMUSG00000001082.12	481.143624495038
ENSMUSG00000001089.14	642.921322204409
ENSMUSG00000001095.5	0
ENSMUSG00000001098.15	996.084776244168
ENSMUSG00000001100.10	2765.56213538264
ENSMUSG00000001103.7	0
ENSMUSG00000001105.15	3439.19718660714
ENSMUSG00000001119.7	209.947660476416
ENSMUSG00000001120.15	3725.96707610377
ENSMUSG00000001123.15	248.929744116955
ENSMUSG00000001127.12	9136.14545617441
ENSMUSG00000001128.7	0
ENSMUSG00000001131.11	0
ENSMUSG00000001134.9	723.714944513221
ENSMUSG00000001138.13	223.670926232693
ENSMUSG00000001143.13	715.172052791001
ENSMUSG00000001150.7	933.979839539706
ENSMUSG00000001151.10	222.134754441541
ENSMUSG00000001155.13	0
ENSMUSG00000001156.9	230.780987721739
ENSMUSG00000001157.13	261.730395420258
ENSMUSG00000001158.13	3779.25305461658
ENSMUSG00000001166.17	11.8026296609393
ENSMUSG00000001168.16	0
ENSMUSG00000001173.15	722.583899095534
ENSMUSG00000001175.16	36082.4558247014
ENSMUSG00000001211.15	1657.95103116588
ENSMUSG00000001225.12	0
ENSMUSG00000001227.12	2115.73053704485
ENSMUSG00000001228.14	0
ENSMUSG00000001229.9	668.078983341646
ENSMUSG00000001240.13	456.232846995252
ENSMUSG00000001247.16	5.30534522044608
ENSMUSG00000001248.15	2501.8293607259
ENSMUSG00000001249.14	0
ENSMUSG00000001260.10	131.760080669819
ENSMUSG00000001270.9	125381.874543619
ENSMUSG00000001280.13	16.4008139997543
ENSMUSG00000001281.10	28.1317818615046
ENSMUSG00000001285.12	2655.69582677053
ENSMUSG00000001288.15	107.486425254895
ENSMUSG00000001289.12	18927.6007056648
ENSMUSG00000001300.16	686.600499696668
ENSMUSG00000001305.5	359.095434252503
ENSMUSG00000001313.12	5520.94099176955
ENSMUSG00000001323.17	744.542778519581
ENSMUSG00000001333.9	32.4824583311695
ENSMUSG00000001334.9	3759.53373126353
ENSMUSG00000001348.15	0
ENSMUSG00000001349.5	14.1678747847811
ENSMUSG00000001366.14	5265.87395763363
ENSMUSG00000001376.17	875.63555550183
ENSMUSG00000001380.7	5613.79099392545
ENSMUSG00000001383.9	8046.94257025908
ENSMUSG00000001403.13	0
ENSMUSG00000001415.10	1269.87292482126
ENSMUSG00000001416.13	6418.05664098133
ENSMUSG00000001418.13	4717.84515491994
ENSMUSG00000001419.17	2059.47608710466
ENSMUSG00000001420.13	76.4015280658353
ENSMUSG00000001424.14	1769.4302296451
ENSMUSG00000001435.15	198.165692884755
ENSMUSG00000001436.15	160.224546815973
ENSMUSG00000001440.5	1845.65678556536
ENSMUSG00000001441.13	1996.82298133262
ENSMUSG00000001444.2	0
ENSMUSG00000001445.10	2459.80280544847
ENSMUSG00000001467.5	606.80446206803
ENSMUSG00000001472.17	22652.6406728474
ENSMUSG00000001473.7	0
ENSMUSG00000001482.15	630.528856009901
ENSMUSG00000001493.9	0
ENSMUSG00000001494.6	0
ENSMUSG00000001496.15	135.081055738332
ENSMUSG00000001497.18	0
ENSMUSG00000001504.10	83.1460394712136
ENSMUSG00000001506.10	5.52398237345952
ENSMUSG00000001507.16	319.997149880963
ENSMUSG00000001508.15	29.3111116012067
ENSMUSG00000001510.8	0
ENSMUSG00000001517.14	65.6319706572289
ENSMUSG00000001518.12	485.493957637268
ENSMUSG00000001520.12	1924.52128222771
ENSMUSG00000001521.12	147.459476719584
ENSMUSG00000001524.14	892.097013611264
ENSMUSG00000001525.10	8676.27146567158
ENSMUSG00000001542.7	165.970974155817
ENSMUSG00000001552.14	624.573748012663
ENSMUSG00000001555.10	33.0830316499825
ENSMUSG00000001558.5	0
ENSMUSG00000001566.9	0
ENSMUSG00000001569.10	717.733462726647
ENSMUSG00000001576.15	2325.96141144367
ENSMUSG00000001583.13	0
ENSMUSG00000001588.12	0
ENSMUSG00000001604.14	0
ENSMUSG00000001622.15	0
ENSMUSG00000001627.12	1771.32976670897
ENSMUSG00000001630.13	269.056004115401
ENSMUSG00000001632.16	280.698580768396
ENSMUSG00000001642.18	4265.56444366533
ENSMUSG00000001655.6	0
ENSMUSG00000001656.3	0
ENSMUSG00000001657.7	0
ENSMUSG00000001661.5	0
ENSMUSG00000001663.10	420.77854638552
ENSMUSG00000001665.11	11.8201393601314
ENSMUSG00000001666.8	7499.28930533625
ENSMUSG00000001670.13	0
ENSMUSG00000001672.14	22.0275761226604
ENSMUSG00000001674.11	1155.73949315257
ENSMUSG00000001687.15	4834.73650466352
ENSMUSG00000001700.10	46.4197107142923
ENSMUSG00000001707.8	2029.16405118369
ENSMUSG00000001729.14	3278.11491422343
ENSMUSG00000001739.14	5.54966950792491
ENSMUSG00000001741.12	66.986959197382
ENSMUSG00000001750.16	169.818988048854
ENSMUSG00000001751.9	214.699749140929
ENSMUSG00000001755.12	415.307405225487
ENSMUSG00000001761.7	51.714100668399
ENSMUSG00000001763.14	1164.18890617767
ENSMUSG00000001767.5	130.373006620272
ENSMUSG00000001768.16	220.07965883797
ENSMUSG00000001773.14	56.0083778039461
ENSMUSG00000001774.8	586.591059324228
ENSMUSG00000001783.3	3764.06106530436
ENSMUSG00000001785.13	320.430241834598
ENSMUSG00000001786.14	959.561572482509
ENSMUSG00000001794.13	11195.5922043892
ENSMUSG00000001802.16	1358.74831889532
ENSMUSG00000001804.9	0
ENSMUSG00000001815.15	0
ENSMUSG00000001819.4	0
ENSMUSG00000001823.5	0
ENSMUSG00000001827.12	0
ENSMUSG00000001829.17	732.425536081715
ENSMUSG00000001833.17	2881.62756416361
ENSMUSG00000001844.10	642.377772451414
ENSMUSG00000001847.14	7580.12643659457
ENSMUSG00000001855.15	190.698882979015
ENSMUSG00000001864.13	0
ENSMUSG00000001865.2	0
ENSMUSG00000001870.16	12.5766457576674
ENSMUSG00000001891.16	2217.67653142098
ENSMUSG00000001901.15	79.9618647798105
ENSMUSG00000001909.16	2129.48835402573
ENSMUSG00000001910.5	999.83319396943
ENSMUSG00000001911.16	517.746885972255
ENSMUSG00000001918.17	10.3028505779126
ENSMUSG00000001924.15	6170.87062569586
ENSMUSG00000001930.17	122.022409473315
ENSMUSG00000001942.8	316.156064959799
ENSMUSG00000001943.8	32.6543093182491
ENSMUSG00000001946.14	140.183650502536
ENSMUSG00000001948.10	539.034372991096
ENSMUSG00000001962.8	1513.00711456356
ENSMUSG00000001964.14	1997.98358412132
ENSMUSG00000001983.7	335.239858018824
ENSMUSG00000001985.9	537.30272304301
ENSMUSG00000001986.16	1240.34654691822
ENSMUSG00000001988.9	785.032849890005
ENSMUSG00000001995.9	262.3779733861
ENSMUSG00000001998.15	10.7419975790403
ENSMUSG00000001999.15	1805.24249592334
ENSMUSG00000002006.12	1913.72138715847
ENSMUSG00000002007.5	21.5020354542178
ENSMUSG00000002010.17	7445.10986399088
ENSMUSG00000002012.13	4689.96890230493
ENSMUSG00000002014.12	4351.00584552154
ENSMUSG00000002015.5	4169.06789839764
ENSMUSG00000002017.10	634.574751351918
ENSMUSG00000002020.15	0
ENSMUSG00000002028.13	74.6914141114086
ENSMUSG00000002031.13	4666.15156026289
ENSMUSG00000002032.17	1584.03740975299
ENSMUSG00000002033.14	0
ENSMUSG00000002043.17	1554.57189444072
ENSMUSG00000002052.6	1307.17994511734
ENSMUSG00000002055.9	116.232410760792
ENSMUSG00000002057.4	0
ENSMUSG00000002058.13	1817.32306474882
ENSMUSG00000002059.18	258.206857165013
ENSMUSG00000002064.10	4193.89896150931
ENSMUSG00000002068.16	875.261110116434
ENSMUSG00000002076.12	0
ENSMUSG00000002083.13	288.078778525726
ENSMUSG00000002100.15	45.5502183790106
ENSMUSG00000002102.15	8362.83776879134
ENSMUSG00000002103.16	1063.86975324715
ENSMUSG00000002104.11	153.439304292153
ENSMUSG00000002105.15	1576.18370103943
ENSMUSG00000002107.18	1955.67409582575
ENSMUSG00000002108.10	94.9146797160741
ENSMUSG00000002109.14	324.926395502007
ENSMUSG00000002111.8	144.060566323294
ENSMUSG00000002129.11	727.285300145986
ENSMUSG00000002147.18	229.832217960525
ENSMUSG00000002190.13	364.07986195585
ENSMUSG00000002204.9	0
ENSMUSG00000002205.16	1192.63252298504
ENSMUSG00000002210.11	1208.04165129419
ENSMUSG00000002221.11	359.941455475856
ENSMUSG00000002222.14	1312.43400970361
ENSMUSG00000002227.15	56.1628439381735
ENSMUSG00000002228.7	85.278071631841
ENSMUSG00000002233.13	1.47530920037678
ENSMUSG00000002240.12	0
ENSMUSG00000002249.21	22.7062096155899
ENSMUSG00000002250.16	265.065290855687
ENSMUSG00000002257.8	181.672804709214
ENSMUSG00000002265.17	834.498967359455
ENSMUSG00000002266.17	13.1414506000559
ENSMUSG00000002274.13	675.316887482904
ENSMUSG00000002279.19	701.10467930996
ENSMUSG00000002280.11	916.365300633566
ENSMUSG00000002289.16	9.20176828183723
ENSMUSG00000002297.16	23.1726355420186
ENSMUSG00000002307.16	1275.90484452921
ENSMUSG00000002308.16	620.829481428208
ENSMUSG00000002319.16	5663.26641244723
ENSMUSG00000002320.15	528.956214613689
ENSMUSG00000002324.8	0
ENSMUSG00000002325.15	124.307940209034
ENSMUSG00000002326.6	637.525213694747
ENSMUSG00000002329.7	1938.8632240221
ENSMUSG00000002332.16	4283.29867899999
ENSMUSG00000002341.8	456.449611453164
ENSMUSG00000002342.17	1244.8769084828
ENSMUSG00000002343.11	1439.2404372929
ENSMUSG00000002345.18	2519.77879993922
ENSMUSG00000002346.16	330.746981567841
ENSMUSG00000002365.10	115.330676858193
ENSMUSG00000002372.9	2739.61731807138
ENSMUSG00000002379.7	30447.1056469096
ENSMUSG00000002384.2	11.9347170887127
ENSMUSG00000002393.14	792.976073429378
ENSMUSG00000002395.14	5162.81826656396
ENSMUSG00000002396.8	389.116390931652
ENSMUSG00000002409.18	330.478343455638
ENSMUSG00000002413.15	269.696590686201
ENSMUSG00000002416.13	21856.8395452238
ENSMUSG00000002428.12	154.854125440775
ENSMUSG00000002455.14	2391.31506839734
ENSMUSG00000002458.13	662.170536664001
ENSMUSG00000002459.17	1093.10733035407
ENSMUSG00000002475.16	1279.25852933882
ENSMUSG00000002477.5	4156.48320005104
ENSMUSG00000002486.15	231.811469412516
ENSMUSG00000002489.16	1169.10379446961
ENSMUSG00000002496.10	1500.6861853219
ENSMUSG00000002500.15	2.54614747057495
ENSMUSG00000002504.15	1898.56447966781
ENSMUSG00000002524.17	8033.56584673119
ENSMUSG00000002546.17	2012.01974601735
ENSMUSG00000002550.16	1486.40264040306
ENSMUSG00000002565.16	0
ENSMUSG00000002578.18	68.9940513832039
ENSMUSG00000002580.7	7622.39266563331
ENSMUSG00000002588.13	12.7000251532223
ENSMUSG00000002602.16	36.3739187505437
ENSMUSG00000002603.15	92.7203804433465
ENSMUSG00000002608.8	1517.4815449678
ENSMUSG00000002617.14	14.4960333896038
ENSMUSG00000002625.10	1321.69458061161
ENSMUSG00000002633.4	164.542388698204
ENSMUSG00000002635.11	775.87206241929
ENSMUSG00000002658.9	4730.73847341915
ENSMUSG00000002660.8	5405.21011996832
ENSMUSG00000002661.14	1499.30204516135
ENSMUSG00000002664.2	0
ENSMUSG00000002668.8	4.67047036970426
ENSMUSG00000002679.14	1370.71352970258
ENSMUSG00000002688.8	50.831624313752
ENSMUSG00000002699.13	40.6257793420586
ENSMUSG00000002718.14	1239.5391968487
ENSMUSG00000002728.14	5127.28159858138
ENSMUSG00000002731.6	1080.00395788773
ENSMUSG00000002732.14	269.229197200636
ENSMUSG00000002733.8	499.04621511926
ENSMUSG00000002741.9	1845.51496012306
ENSMUSG00000002748.7	567.200237903434
ENSMUSG00000002763.16	1186.63443663524
ENSMUSG00000002767.13	3805.05074051608
ENSMUSG00000002768.8	9802.16422521254
ENSMUSG00000002769.9	0
ENSMUSG00000002771.12	464.649113317076
ENSMUSG00000002778.14	3125.10089898866
ENSMUSG00000002781.19	440.104915883263
ENSMUSG00000002791.17	0
ENSMUSG00000002797.9	1712.88557438747
ENSMUSG00000002799.6	163.464059647603
ENSMUSG00000002803.14	1515.79599453078
ENSMUSG00000002804.4	1050.38166678395
ENSMUSG00000002808.7	3503.17956257328
ENSMUSG00000002812.4	780.63067430507
ENSMUSG00000002814.15	21.2565875496785
ENSMUSG00000002820.6	724.199410735787
ENSMUSG00000002825.8	460.355397990059
ENSMUSG00000002831.14	0
ENSMUSG00000002833.11	4104.9522489635
ENSMUSG00000002835.9	29.3356751186116
ENSMUSG00000002844.9	2672.39505473459
ENSMUSG00000002845.14	396.396368289507
ENSMUSG00000002846.9	914.456056766758
ENSMUSG00000002847.7	15.539686369256
ENSMUSG00000002870.8	178.698933677626
ENSMUSG00000002871.14	901.81495908604
ENSMUSG00000002881.14	457.149624881827
ENSMUSG00000002885.14	8.16738514293381
ENSMUSG00000002897.5	76.8153936831028
ENSMUSG00000002900.17	207.034808093528
ENSMUSG00000002908.17	681.669038053088
ENSMUSG00000002910.11	320.424249210275
ENSMUSG00000002930.6	1011.47246219441
ENSMUSG00000002944.15	0
ENSMUSG00000002948.19	1849.17551723651
ENSMUSG00000002949.15	1679.56108991583
ENSMUSG00000002957.11	2466.93565139458
ENSMUSG00000002963.17	943.071524561204
ENSMUSG00000002968.9	988.497832947714
ENSMUSG00000002980.14	242.10536226553
ENSMUSG00000002981.10	4778.27805580369
ENSMUSG00000002983.17	155.505542431574
ENSMUSG00000002984.17	3904.39602957104
ENSMUSG00000002985.16	9959.95414355119
ENSMUSG00000002992.17	0
ENSMUSG00000002996.17	283.790088263897
ENSMUSG00000002997.15	1609.99218355986
ENSMUSG00000003031.14	483.315420214972
ENSMUSG00000003032.8	20.3860340205064
ENSMUSG00000003033.15	1284.65423209788
ENSMUSG00000003037.16	786.488839119259
ENSMUSG00000003038.15	5023.73950617087
ENSMUSG00000003039.9	3462.39154541232
ENSMUSG00000003051.13	16.1741242578076
ENSMUSG00000003053.17	0
ENSMUSG00000003062.13	1444.64809408902
ENSMUSG00000003068.17	3034.49257529153
ENSMUSG00000003070.6	160.822560784815
ENSMUSG00000003072.15	31223.5585257143
ENSMUSG00000003099.11	6273.67406473546
ENSMUSG00000003119.14	257.339237524832
ENSMUSG00000003123.15	92.2547660181282
ENSMUSG00000003131.7	2708.4849792731
ENSMUSG00000003134.10	507.881372123539
ENSMUSG00000003135.15	450.158198627414
ENSMUSG00000003153.10	2681.33380298953
ENSMUSG00000003154.15	331.299083295129
ENSMUSG00000003161.15	2557.65855282028
ENSMUSG00000003166.20	2354.51779570769
ENSMUSG00000003184.15	745.002213050967
ENSMUSG00000003190.12	6.68030917500727
ENSMUSG00000003198.10	74.7811786299049
ENSMUSG00000003199.16	5704.99205683355
ENSMUSG00000003200.10	850.039902192111
ENSMUSG00000003206.7	10.8033595551751
ENSMUSG00000003208.9	594.047007598384
ENSMUSG00000003226.7	102.541292937079
ENSMUSG00000003227.4	8.66236966964903
ENSMUSG00000003228.9	135.708533443426
ENSMUSG00000003233.12	580.485355429303
ENSMUSG00000003234.16	3122.57728628247
ENSMUSG00000003235.13	2377.37890841969
ENSMUSG00000003269.17	5381.55826175002
ENSMUSG00000003271.17	162.869322895188
ENSMUSG00000003273.14	7569.38303449421
ENSMUSG00000003279.17	1119.30795781609
ENSMUSG00000003282.9	4.8258104283121
ENSMUSG00000003283.15	21.9418691102157
ENSMUSG00000003299.10	3280.71128113429
ENSMUSG00000003308.15	1079.82012165201
ENSMUSG00000003309.14	25.2138732018443
ENSMUSG00000003316.14	1564.55142420949
ENSMUSG00000003341.9	13.8578501108507
ENSMUSG00000003344.14	2177.58066236927
ENSMUSG00000003345.16	1992.32127200308
ENSMUSG00000003346.14	3913.4653046745
ENSMUSG00000003348.10	188.869072596065
ENSMUSG00000003352.14	3297.57664836537
ENSMUSG00000003354.6	552.951337843961
ENSMUSG00000003355.7	254.187304400747
ENSMUSG00000003360.15	1904.62786065346
ENSMUSG00000003363.15	29490.4547107874
ENSMUSG00000003378.9	2416.98285168002
ENSMUSG00000003379.7	0
ENSMUSG00000003380.11	18411.228346685
ENSMUSG00000003382.18	231.672296954944
ENSMUSG00000003402.14	4240.7430873566
ENSMUSG00000003410.8	3993.07382310038
ENSMUSG00000003411.10	4753.46306665831
ENSMUSG00000003418.11	6.6363944748945
ENSMUSG00000003420.8	153.217545980638
ENSMUSG00000003421.13	2853.5024615813
ENSMUSG00000003423.15	1965.55240642432
ENSMUSG00000003429.11	23690.4047442741
ENSMUSG00000003435.9	2977.17640086397
ENSMUSG00000003436.11	81.4542779287742
ENSMUSG00000003437.14	2835.1358483227
ENSMUSG00000003438.17	1299.50929234988
ENSMUSG00000003444.8	2200.84715114742
ENSMUSG00000003452.15	101.038767234571
ENSMUSG00000003458.12	1569.30410589412
ENSMUSG00000003464.13	2027.07262529516
ENSMUSG00000003469.9	13063.0050877107
ENSMUSG00000003476.16	40.9046548541464
ENSMUSG00000003477.5	0
ENSMUSG00000003484.4	0
ENSMUSG00000003500.13	2254.28550461826
ENSMUSG00000003505.15	0
ENSMUSG00000003518.13	1550.34450373186
ENSMUSG00000003526.12	248.168649616422
ENSMUSG00000003527.9	924.120880123843
ENSMUSG00000003528.15	1307.32470444863
ENSMUSG00000003531.15	4542.10130289972
ENSMUSG00000003534.17	691.279303559571
ENSMUSG00000003541.6	577.623190660476
ENSMUSG00000003545.3	89.3878882999635
ENSMUSG00000003546.10	724.446388007992
ENSMUSG00000003549.9	2115.23695703946
ENSMUSG00000003555.8	0
ENSMUSG00000003559.8	502.994480623357
ENSMUSG00000003573.15	1534.92679223683
ENSMUSG00000003575.13	1165.32357213922
ENSMUSG00000003581.14	493.575854248852
ENSMUSG00000003585.13	816.079981061199
ENSMUSG00000003604.14	419.292718880994
ENSMUSG00000003617.16	151.528250153415
ENSMUSG00000003623.4	108.112404803908
ENSMUSG00000003644.17	365.24218138172
ENSMUSG00000003657.9	5302.58555452243
ENSMUSG00000003660.10	1215.49126361659
ENSMUSG00000003662.10	2140.34614658517
ENSMUSG00000003665.7	149.963238857712
ENSMUSG00000003680.16	298.072228661409
ENSMUSG00000003721.14	1134.09738010481
ENSMUSG00000003731.13	688.357805567634
ENSMUSG00000003746.16	342.141738235835
ENSMUSG00000003752.9	169.131365619441
ENSMUSG00000003762.13	468.707711774193
ENSMUSG00000003778.14	668.119995364353
ENSMUSG00000003779.16	0
ENSMUSG00000003808.18	1624.44992033465
ENSMUSG00000003809.14	627.786762208617
ENSMUSG00000003810.13	922.275963333747
ENSMUSG00000003812.13	64.7034884262733
ENSMUSG00000003813.15	3805.48729695566
ENSMUSG00000003814.8	18864.5389778218
ENSMUSG00000003824.12	115.156110463217
ENSMUSG00000003847.16	89.1343878064909
ENSMUSG00000003848.14	1338.58635284361
ENSMUSG00000003849.8	174.051060495471
ENSMUSG00000003863.18	1598.76163104062
ENSMUSG00000003865.16	106.358376149368
ENSMUSG00000003868.14	2014.97954062409
ENSMUSG00000003872.9	8196.58823123928
ENSMUSG00000003873.11	3308.76013381442
ENSMUSG00000003882.5	0
ENSMUSG00000003923.14	1116.30530970312
ENSMUSG00000003929.11	52.6850306549717
ENSMUSG00000003934.5	1955.18204518803
ENSMUSG00000003948.17	1851.92391577797
ENSMUSG00000003949.16	1566.38519846374
ENSMUSG00000003955.8	6287.86609728704
ENSMUSG00000003970.9	25455.1175613257
ENSMUSG00000003974.6	365.543404388677
ENSMUSG00000003992.15	2668.18529857126
ENSMUSG00000004018.9	273.92326352861
ENSMUSG00000004031.13	877.031400006765
ENSMUSG00000004032.10	9175.82078032966
ENSMUSG00000004035.12	889.247801650217
ENSMUSG00000004038.9	0
ENSMUSG00000004040.16	433.133589889598
ENSMUSG00000004043.14	8.64276879426111
ENSMUSG00000004044.9	54.2205782144229
ENSMUSG00000004054.9	299.597975783166
ENSMUSG00000004056.15	1587.19002953194
ENSMUSG00000004069.17	1445.03814526693
ENSMUSG00000004070.15	7453.5613369806
ENSMUSG00000004071.13	9754.61593479577
ENSMUSG00000004085.14	50.1871362948263
ENSMUSG00000004096.9	6886.21059681423
ENSMUSG00000004098.7	0
ENSMUSG00000004099.16	306.759817291748
ENSMUSG00000004100.12	799.702107576429
ENSMUSG00000004105.8	11.4546516996335
ENSMUSG00000004110.17	324.090767736464
ENSMUSG00000004113.18	463.733365412806
ENSMUSG00000004127.12	304.55094220882
ENSMUSG00000004151.17	136.855028595695
ENSMUSG00000004187.11	4115.58637930473
ENSMUSG00000004207.14	66820.7086298477
ENSMUSG00000004221.16	317.99920268955
ENSMUSG00000004231.15	93.7961501439767
ENSMUSG00000004233.14	72.8286755062701
ENSMUSG00000004263.15	1975.62185676951
ENSMUSG00000004264.17	2957.25779154062
ENSMUSG00000004266.15	73.9271672407894
ENSMUSG00000004267.16	42150.4041576419
ENSMUSG00000004268.11	1921.26816114501
ENSMUSG00000004270.13	108.195895793817
ENSMUSG00000004285.12	17815.8383982182
ENSMUSG00000004296.14	0
ENSMUSG00000004317.14	120.542356112016
ENSMUSG00000004319.15	1473.57611469578
ENSMUSG00000004328.15	0
ENSMUSG00000004341.8	959.857489520014
ENSMUSG00000004344.12	0
ENSMUSG00000004347.17	95.2057277463169
ENSMUSG00000004356.8	125.96643020185
ENSMUSG00000004359.16	0
ENSMUSG00000004360.9	462.836968691243
ENSMUSG00000004364.14	2917.00346127179
ENSMUSG00000004366.4	82170.6681073051
ENSMUSG00000004371.15	0
ENSMUSG00000004383.18	1977.29720101824
ENSMUSG00000004393.10	1516.84142657078
ENSMUSG00000004394.12	2449.90133585382
ENSMUSG00000004415.15	235.756769816036
ENSMUSG00000004446.12	365.284816406847
ENSMUSG00000004451.14	596.581357089824
ENSMUSG00000004455.16	7816.86106536905
ENSMUSG00000004460.17	2348.03455648045
ENSMUSG00000004462.7	549.64999486242
ENSMUSG00000004473.10	75.7055409316388
ENSMUSG00000004500.9	11.8529115243946
ENSMUSG00000004508.6	308.327668841687
ENSMUSG00000004530.12	1982.44979674163
ENSMUSG00000004535.12	2837.96002859256
ENSMUSG00000004540.7	0
ENSMUSG00000004542.15	0
ENSMUSG00000004552.16	53.1564192234174
ENSMUSG00000004558.15	4476.49548755074
ENSMUSG00000004561.14	430.130629660778
ENSMUSG00000004562.16	132.946214535053
ENSMUSG00000004565.15	1013.00900852458
ENSMUSG00000004567.16	2155.94716371898
ENSMUSG00000004568.13	394.03009318336
ENSMUSG00000004591.16	92.3855113477461
ENSMUSG00000004609.11	24.1069543393716
ENSMUSG00000004610.4	4236.89079747642
ENSMUSG00000004612.9	0
ENSMUSG00000004626.14	119.332220537906
ENSMUSG00000004630.18	12369.7769639946
ENSMUSG00000004631.15	741.629988559863
ENSMUSG00000004633.17	1292.76871360422
ENSMUSG00000004637.15	695.516650764055
ENSMUSG00000004642.13	1523.44326982106
ENSMUSG00000004651.6	0
ENSMUSG00000004654.6	0
ENSMUSG00000004655.5	1.91723403257054
ENSMUSG00000004661.15	33.5714617438451
ENSMUSG00000004665.10	70.902639806726
ENSMUSG00000004667.18	4481.02572426898
ENSMUSG00000004668.14	0
ENSMUSG00000004677.17	152.870098616278
ENSMUSG00000004698.11	189.344268977882
ENSMUSG00000004707.14	0
ENSMUSG00000004709.14	0
ENSMUSG00000004730.15	32.0154081730406
ENSMUSG00000004748.5	4135.8196326166
ENSMUSG00000004768.14	147.272144786338
ENSMUSG00000004771.12	5534.44867910814
ENSMUSG00000004788.11	2034.03933197424
ENSMUSG00000004789.10	3058.26637717248
ENSMUSG00000004791.7	212.175200087182
ENSMUSG00000004798.14	419.261600930736
ENSMUSG00000004814.10	46.2140887922292
ENSMUSG00000004815.12	527.853197199343
ENSMUSG00000004821.1	0
ENSMUSG00000004837.2	51.8601396746731
ENSMUSG00000004842.18	0
ENSMUSG00000004843.7	1444.96264444278
ENSMUSG00000004846.10	682.502231315
ENSMUSG00000004849.14	16304.6065673986
ENSMUSG00000004864.13	179.892620746434
ENSMUSG00000004865.16	1177.98221073072
ENSMUSG00000004872.15	17.3397833232742
ENSMUSG00000004880.11	39.1147328768424
ENSMUSG00000004885.5	78.5624309425994
ENSMUSG00000004891.16	5.87829628652284
ENSMUSG00000004892.13	1075.40983105497
ENSMUSG00000004894.10	28.8833256170237
ENSMUSG00000004895.9	2291.83865947375
ENSMUSG00000004896.16	358.749797160074
ENSMUSG00000004897.16	6221.8822160088
ENSMUSG00000004902.7	372.616854688503
ENSMUSG00000004929.12	1081.92553033062
ENSMUSG00000004931.11	299.883374516521
ENSMUSG00000004933.17	5101.00618816167
ENSMUSG00000004934.14	511.796927886543
ENSMUSG00000004936.8	9022.89019366163
ENSMUSG00000004937.6	5651.11717813473
ENSMUSG00000004939.7	0
ENSMUSG00000004945.15	5152.56900627752
ENSMUSG00000004947.15	193.741481920801
ENSMUSG00000004948.12	0
ENSMUSG00000004951.10	87.4478385987487
ENSMUSG00000004952.13	69.3875670470431
ENSMUSG00000004961.7	8803.37459058801
ENSMUSG00000004980.16	23697.4893371098
ENSMUSG00000004988.9	0
ENSMUSG00000004994.12	456.539750510681
ENSMUSG00000004996.9	444.722264135276
ENSMUSG00000005034.15	4317.67730354385
ENSMUSG00000005043.13	116.086215696593
ENSMUSG00000005045.16	1687.43970547422
ENSMUSG00000005054.7	5481.92260905564
ENSMUSG00000005057.13	132.290271864428
ENSMUSG00000005069.12	755.062019016387
ENSMUSG00000005078.16	1687.73780732268
ENSMUSG00000005087.17	30.5466846171015
ENSMUSG00000005089.15	1254.17243636602
ENSMUSG00000005102.13	353.204778178316
ENSMUSG00000005103.12	2036.6779905828
ENSMUSG00000005107.13	0
ENSMUSG00000005124.10	8.05901851976997
ENSMUSG00000005125.13	439.857969822643
ENSMUSG00000005131.4	0
ENSMUSG00000005142.10	561.607153080757
ENSMUSG00000005148.8	221.22939999508
ENSMUSG00000005150.16	2349.46279861063
ENSMUSG00000005161.15	27614.535609356
ENSMUSG00000005198.15	173.344367787615
ENSMUSG00000005202.2	0
ENSMUSG00000005204.12	2311.01558790245
ENSMUSG00000005220.10	0
ENSMUSG00000005225.15	111.439778247349
ENSMUSG00000005232.11	0
ENSMUSG00000005233.16	31.1209777813338
ENSMUSG00000005237.14	6.47418786758389
ENSMUSG00000005251.15	12.9344241566671
ENSMUSG00000005262.13	3126.2803535747
ENSMUSG00000005267.13	85.9012109266181
ENSMUSG00000005268.20	1.14911692540983
ENSMUSG00000005299.6	1560.0698151407
ENSMUSG00000005312.15	2995.08972827344
ENSMUSG00000005320.9	0
ENSMUSG00000005338.13	8048.56678993155
ENSMUSG00000005339.10	0
ENSMUSG00000005354.16	7417.30174626595
ENSMUSG00000005355.9	0
ENSMUSG00000005357.9	1594.05429978901
ENSMUSG00000005360.14	609.923435758341
ENSMUSG00000005362.14	705.092583527024
ENSMUSG00000005364.11	0
ENSMUSG00000005370.4	176.660942022641
ENSMUSG00000005371.15	1580.55407201924
ENSMUSG00000005373.13	53.7755010121428
ENSMUSG00000005374.13	155.763194065853
ENSMUSG00000005378.17	1678.54783701998
ENSMUSG00000005397.8	16.3943532016567
ENSMUSG00000005410.6	150.493523687076
ENSMUSG00000005413.8	247.173156112445
ENSMUSG00000005417.17	1280.04087892875
ENSMUSG00000005442.13	2614.74113974561
ENSMUSG00000005447.12	2782.62550890904
ENSMUSG00000005465.9	3.77884902064859
ENSMUSG00000005469.10	8261.950533802
ENSMUSG00000005470.8	76.734524466335
ENSMUSG00000005474.9	0
ENSMUSG00000005481.18	450.324743645042
ENSMUSG00000005483.10	1485.70974321578
ENSMUSG00000005493.15	0
ENSMUSG00000005501.14	60.542141431295
ENSMUSG00000005503.8	0
ENSMUSG00000005505.12	455.901379962418
ENSMUSG00000005506.16	1143.41622304203
ENSMUSG00000005510.9	11791.9488380669
ENSMUSG00000005514.14	1424.34608165537
ENSMUSG00000005533.10	192.724483634749
ENSMUSG00000005534.10	105.52221778688
ENSMUSG00000005540.10	0
ENSMUSG00000005547.14	199.831143061029
ENSMUSG00000005553.14	7.10328857509837
ENSMUSG00000005566.14	4398.1709513091
ENSMUSG00000005575.16	10037.7104104645
ENSMUSG00000005580.11	167.260948964389
ENSMUSG00000005583.16	1040.8873211042
ENSMUSG00000005609.16	676.228172130517
ENSMUSG00000005610.17	5994.88307361987
ENSMUSG00000005611.15	43.301579736776
ENSMUSG00000005615.15	327.67963183914
ENSMUSG00000005621.11	234.442512394325
ENSMUSG00000005625.15	11103.3571953043
ENSMUSG00000005628.12	0
ENSMUSG00000005640.11	0
ENSMUSG00000005649.17	0
ENSMUSG00000005656.9	1165.66268601038
ENSMUSG00000005667.8	419.582143908816
ENSMUSG00000005672.12	1476.42198701724
ENSMUSG00000005674.9	1481.63404081008
ENSMUSG00000005677.14	1.12077680621837
ENSMUSG00000005681.12	0
ENSMUSG00000005682.9	75.515556013667
ENSMUSG00000005683.8	5488.16093097528
ENSMUSG00000005686.17	168.538002176766
ENSMUSG00000005687.14	3804.21049343596
ENSMUSG00000005696.11	0
ENSMUSG00000005698.15	979.900164893796
ENSMUSG00000005699.16	1355.50721427285
ENSMUSG00000005705.10	0
ENSMUSG00000005716.16	42204.023600729
ENSMUSG00000005718.8	111.06015173884
ENSMUSG00000005732.14	4422.27075819551
ENSMUSG00000005763.15	0
ENSMUSG00000005774.12	325.874634666275
ENSMUSG00000005779.12	11740.1406344697
ENSMUSG00000005800.3	0
ENSMUSG00000005802.12	263.315663034634
ENSMUSG00000005803.14	166.718023443094
ENSMUSG00000005804.14	691.002675281604
ENSMUSG00000005813.12	873.566414685003
ENSMUSG00000005823.9	705.548896899908
ENSMUSG00000005824.7	0
ENSMUSG00000005836.10	0
ENSMUSG00000005846.12	2190.70145090005
ENSMUSG00000005864.7	0
ENSMUSG00000005871.15	160.363001407089
ENSMUSG00000005873.6	8728.87656345734
ENSMUSG00000005881.13	16223.8713419654
ENSMUSG00000005882.18	1588.63337806927
ENSMUSG00000005883.15	0
ENSMUSG00000005886.14	203.757185916597
ENSMUSG00000005891.7	0
ENSMUSG00000005892.4	685.120976932315
ENSMUSG00000005893.14	314.76150012985
ENSMUSG00000005897.14	76.0878204248735
ENSMUSG00000005899.14	158.037270149873
ENSMUSG00000005907.14	187.357495533903
ENSMUSG00000005917.15	52.8419312928302
ENSMUSG00000005936.19	1025.1992548598
ENSMUSG00000005947.11	9.90159444099031
ENSMUSG00000005949.9	95.4696841207686
ENSMUSG00000005950.14	116.167802779816
ENSMUSG00000005951.13	45.3077979982176
ENSMUSG00000005952.15	0
ENSMUSG00000005958.15	69.2875027054926
ENSMUSG00000005968.14	128.294096577337
ENSMUSG00000005973.6	1182.02220708317
ENSMUSG00000005980.15	0
ENSMUSG00000005981.11	1951.69415056287
ENSMUSG00000005982.14	3152.12251598285
ENSMUSG00000005983.15	569.188103752889
ENSMUSG00000005986.16	1230.74789212136
ENSMUSG00000005994.14	0
ENSMUSG00000006005.18	1891.35170085248
ENSMUSG00000006007.14	0
ENSMUSG00000006010.14	911.581469787096
ENSMUSG00000006014.16	0
ENSMUSG00000006019.15	105.650871940302
ENSMUSG00000006021.5	1786.15854680639
ENSMUSG00000006024.13	14402.172319363
ENSMUSG00000006050.12	4249.01137955388
ENSMUSG00000006056.13	0
ENSMUSG00000006057.15	32185.2885230656
ENSMUSG00000006058.10	5372.86184024112
ENSMUSG00000006095.12	10179.1999224724
ENSMUSG00000006127.9	774.381802869692
ENSMUSG00000006134.4	420.811412184538
ENSMUSG00000006143.12	0
ENSMUSG00000006154.13	0
ENSMUSG00000006169.20	810.412425396682
ENSMUSG00000006179.9	0
ENSMUSG00000006191.17	234.993084753948
ENSMUSG00000006200.3	0
ENSMUSG00000006204.7	0
ENSMUSG00000006205.13	1592.80955056713
ENSMUSG00000006215.12	837.364346921539
ENSMUSG00000006216.10	0
ENSMUSG00000006218.4	686.465977765264
ENSMUSG00000006219.12	126.714571894603
ENSMUSG00000006221.7	0
ENSMUSG00000006235.6	394.715499590237
ENSMUSG00000006241.16	301.302939826066
ENSMUSG00000006262.15	38.1066611041046
ENSMUSG00000006269.7	0
ENSMUSG00000006270.7	65.5758834389612
ENSMUSG00000006273.14	15860.8179041942
ENSMUSG00000006276.10	1095.94065561835
ENSMUSG00000006281.8	28.2388063865129
ENSMUSG00000006288.8	1176.31541845629
ENSMUSG00000006289.14	1516.48876687172
ENSMUSG00000006299.13	6628.13083322339
ENSMUSG00000006301.17	103.562379940767
ENSMUSG00000006304.14	7257.30317132547
ENSMUSG00000006307.16	469.526797399679
ENSMUSG00000006310.10	0
ENSMUSG00000006311.8	0
ENSMUSG00000006313.5	0
ENSMUSG00000006315.9	7333.51355964469
ENSMUSG00000006333.14	23671.7625327199
ENSMUSG00000006335.16	2331.925914128
ENSMUSG00000006342.15	306.203002615123
ENSMUSG00000006344.17	16.5803118251619
ENSMUSG00000006345.10	0
ENSMUSG00000006356.10	4748.8863246784
ENSMUSG00000006360.11	0
ENSMUSG00000006362.16	149.592351593007
ENSMUSG00000006369.14	47.8544448541527
ENSMUSG00000006373.10	11703.3428311831
ENSMUSG00000006378.15	326.269211524005
ENSMUSG00000006386.15	3.16345019895465
ENSMUSG00000006389.13	0
ENSMUSG00000006390.15	105.678681462548
ENSMUSG00000006392.16	1035.65126560248
ENSMUSG00000006395.16	2040.09469158254
ENSMUSG00000006398.15	27.7334908251585
ENSMUSG00000006403.13	46.6238969034449
ENSMUSG00000006411.12	286.890990446486
ENSMUSG00000006412.10	9422.87589422759
ENSMUSG00000006418.17	1583.99689711564
ENSMUSG00000006423.15	431.159363502794
ENSMUSG00000006435.16	1403.81394620542
ENSMUSG00000006442.10	2748.7087534002
ENSMUSG00000006445.3	0
ENSMUSG00000006456.10	608.359235963849
ENSMUSG00000006457.4	61.1343500453246
ENSMUSG00000006462.6	0
ENSMUSG00000006463.13	431.638929506513
ENSMUSG00000006464.9	279.824032156342
ENSMUSG00000006469.13	0
ENSMUSG00000006471.18	146.085324266233
ENSMUSG00000006476.19	3564.53142615456
ENSMUSG00000006488.17	0
ENSMUSG00000006490.3	0
ENSMUSG00000006494.11	196.712762390833
ENSMUSG00000006498.16	217.408196853569
ENSMUSG00000006517.5	490.887163469525
ENSMUSG00000006519.11	440.473087740072
ENSMUSG00000006522.17	298.252475564857
ENSMUSG00000006526.13	181.1555351108
ENSMUSG00000006527.16	123.240379155262
ENSMUSG00000006529.16	0
ENSMUSG00000006538.12	0
ENSMUSG00000006542.13	0
ENSMUSG00000006546.3	116.457071749713
ENSMUSG00000006567.11	4.27299083456848
ENSMUSG00000006570.3	0
ENSMUSG00000006574.15	0
ENSMUSG00000006575.14	7025.3806198819
ENSMUSG00000006576.16	2677.32092950445
ENSMUSG00000006585.3	110.668914520707
ENSMUSG00000006586.15	139.12938558398
ENSMUSG00000006587.6	34.9958336374812
ENSMUSG00000006589.8	2109.44180841541
ENSMUSG00000006599.13	953.080081104032
ENSMUSG00000006611.15	16.2568661696761
ENSMUSG00000006638.15	685.958196488693
ENSMUSG00000006641.12	598.038906898329
ENSMUSG00000006642.3	0
ENSMUSG00000006649.17	11.1452512574034
ENSMUSG00000006651.8	53285.0931025612
ENSMUSG00000006673.14	2111.34349907864
ENSMUSG00000006675.10	4814.48115354946
ENSMUSG00000006676.16	815.520357341923
ENSMUSG00000006678.6	35.3919710744615
ENSMUSG00000006699.17	7476.5184565281
ENSMUSG00000006705.13	301.391986478107
ENSMUSG00000006711.15	131.573029640838
ENSMUSG00000006715.11	855.232667225417
ENSMUSG00000006717.7	9198.18940544175
ENSMUSG00000006720.16	14.5293049392273
ENSMUSG00000006724.12	8.50447026107016
ENSMUSG00000006728.12	3124.03605334279
ENSMUSG00000006731.10	2753.04279409505
ENSMUSG00000006732.14	557.245677402678
ENSMUSG00000006736.9	2449.05840457738
ENSMUSG00000006740.14	529.611501841029
ENSMUSG00000006763.14	214.953717808176
ENSMUSG00000006764.8	53.0644386823852
ENSMUSG00000006777.7	0
ENSMUSG00000006782.16	1431.42093647652
ENSMUSG00000006784.14	77.8330162008544
ENSMUSG00000006800.14	1577.99250602567
ENSMUSG00000006818.5	5668.83156290133
ENSMUSG00000006850.8	220.991598928869
ENSMUSG00000006906.10	748.241850728938
ENSMUSG00000006920.14	820.368265572424
ENSMUSG00000006930.15	5616.08548238607
ENSMUSG00000006931.15	112.81449250923
ENSMUSG00000006932.17	10651.334666281
ENSMUSG00000006941.5	8791.04326788854
ENSMUSG00000006948.7	0
ENSMUSG00000006958.14	114.411433256401
ENSMUSG00000006998.16	5613.58040936137
ENSMUSG00000007021.5	8984.81817741689
ENSMUSG00000007029.16	369.96443177096
ENSMUSG00000007030.8	23.3345924566491
ENSMUSG00000007033.4	0
ENSMUSG00000007034.15	5.27260426776783
ENSMUSG00000007035.15	0
ENSMUSG00000007036.15	3031.56352409602
ENSMUSG00000007038.5	1847.47888668681
ENSMUSG00000007039.12	244.457248830986
ENSMUSG00000007041.9	288.550978595382
ENSMUSG00000007050.17	1110.18184641632
ENSMUSG00000007080.14	0
ENSMUSG00000007097.14	1909.37177188269
ENSMUSG00000007107.6	0.478598444583599
ENSMUSG00000007122.11	0
ENSMUSG00000007207.10	1938.73996947289
ENSMUSG00000007209.4	0
ENSMUSG00000007216.6	502.219965141269
ENSMUSG00000007279.14	0
ENSMUSG00000007338.10	2597.50404253703
ENSMUSG00000007379.15	0
ENSMUSG00000007411.16	1863.45578493892
ENSMUSG00000007415.15	2470.38799602441
ENSMUSG00000007440.10	113.709266228372
ENSMUSG00000007457.3	0
ENSMUSG00000007458.14	3341.10089154963
ENSMUSG00000007476.18	569.209670958132
ENSMUSG00000007480.5	1.2714039154893
ENSMUSG00000007564.15	34698.8622102116
ENSMUSG00000007570.16	512.535612469037
ENSMUSG00000007589.9	736.77664951357
ENSMUSG00000007591.15	0
ENSMUSG00000007594.10	3929.56979588614
ENSMUSG00000007603.9	1190.73954035402
ENSMUSG00000007610.15	670.431837466238
ENSMUSG00000007613.15	49.5404010417797
ENSMUSG00000007617.18	1116.22987130214
ENSMUSG00000007646.13	70.3626793860075
ENSMUSG00000007653.12	266.115841595627
ENSMUSG00000007655.16	4.00157489129869
ENSMUSG00000007656.13	16714.0476303746
ENSMUSG00000007659.18	2843.0733913536
ENSMUSG00000007670.10	1645.37160757715
ENSMUSG00000007682.6	70.4422377162047
ENSMUSG00000007721.6	5591.50489224413
ENSMUSG00000007739.10	3243.68338604298
ENSMUSG00000007777.9	1202.64607338147
ENSMUSG00000007783.10	1780.74358649938
ENSMUSG00000007805.4	0
ENSMUSG00000007812.16	570.184939355022
ENSMUSG00000007815.13	3520.30401717155
ENSMUSG00000007817.15	410.982790429307
ENSMUSG00000007827.10	88.1452614658558
ENSMUSG00000007833.15	141.277928673079
ENSMUSG00000007836.6	3602.25112602767
ENSMUSG00000007837.11	318.636137504902
ENSMUSG00000007850.16	7384.04655151304
ENSMUSG00000007867.9	709.946265900752
ENSMUSG00000007872.3	136.528087242687
ENSMUSG00000007877.2	821.580180206879
ENSMUSG00000007880.16	489.349774426558
ENSMUSG00000007888.15	90.2481420060815
ENSMUSG00000007891.16	11481.4992808297
ENSMUSG00000007892.8	41210.3831597651
ENSMUSG00000007907.4	0
ENSMUSG00000007908.14	218.017103665581
ENSMUSG00000007944.8	1815.43682382017
ENSMUSG00000007946.11	0
ENSMUSG00000007950.9	8000.54920212253
ENSMUSG00000007987.12	4268.06939184369
ENSMUSG00000007989.7	167.653840396528
ENSMUSG00000008028.15	136.561046676461
ENSMUSG00000008035.12	1897.61002939812
ENSMUSG00000008036.11	19800.5194175377
ENSMUSG00000008090.14	91.0790880338726
ENSMUSG00000008129.14	82.9129513543393
ENSMUSG00000008136.14	475.715087148547
ENSMUSG00000008140.18	8257.12974843888
ENSMUSG00000008153.12	15978.0714331703
ENSMUSG00000008167.14	299.116349814836
ENSMUSG00000008193.13	0
ENSMUSG00000008200.15	223.554569443766
ENSMUSG00000008206.16	505.956272771545
ENSMUSG00000008226.14	487.553141958476
ENSMUSG00000008301.11	3187.99452123481
ENSMUSG00000008305.18	686.200835350582
ENSMUSG00000008307.11	0
ENSMUSG00000008318.10	723.515596119746
ENSMUSG00000008333.12	748.057421473098
ENSMUSG00000008348.9	4633.27299570633
ENSMUSG00000008373.16	3072.38643580902
ENSMUSG00000008384.8	367.226707591578
ENSMUSG00000008393.9	1100.94271786722
ENSMUSG00000008398.16	32.9246328560434
ENSMUSG00000008429.8	762.090649480135
ENSMUSG00000008435.15	475.452316814326
ENSMUSG00000008438.3	8.03894947060685
ENSMUSG00000008450.8	3220.20571968063
ENSMUSG00000008461.6	0
ENSMUSG00000008475.13	1904.12557261585
ENSMUSG00000008482.9	0
ENSMUSG00000008489.18	771.13779556982
ENSMUSG00000008496.19	142.584414410122
ENSMUSG00000008540.11	584.87838601983
ENSMUSG00000008575.17	144.513415210242
ENSMUSG00000008590.4	0
ENSMUSG00000008601.12	0
ENSMUSG00000008604.11	2445.27590380129
ENSMUSG00000008658.16	4311.93249920642
ENSMUSG00000008668.15	20141.0339085773
ENSMUSG00000008682.13	21122.2705223297
ENSMUSG00000008683.16	15322.7915405527
ENSMUSG00000008690.15	2823.79480679251
ENSMUSG00000008730.17	323.483046964683
ENSMUSG00000008734.9	2054.76279444032
ENSMUSG00000008763.16	393.481705634688
ENSMUSG00000008789.10	0
ENSMUSG00000008813.13	0
ENSMUSG00000008822.15	3324.87395728998
ENSMUSG00000008843.4	0
ENSMUSG00000008845.9	15.8151286069924
ENSMUSG00000008855.17	2607.57015324262
ENSMUSG00000008859.8	937.15343350379
ENSMUSG00000008874.3	0
ENSMUSG00000008892.12	8521.01099660553
ENSMUSG00000008932.10	0
ENSMUSG00000008958.14	2371.57433389697
ENSMUSG00000008976.16	205.445326915175
ENSMUSG00000008999.7	122.858224508368
ENSMUSG00000009013.5	26329.6027514387
ENSMUSG00000009030.14	359.00014528346
ENSMUSG00000009035.15	1068.5934393693
ENSMUSG00000009047.4	0
ENSMUSG00000009070.14	0
ENSMUSG00000009073.16	613.782342494547
ENSMUSG00000009075.2	759.559452358781
ENSMUSG00000009076.10	2704.45962115403
ENSMUSG00000009079.16	6607.76380705815
ENSMUSG00000009090.17	3008.74476550488
ENSMUSG00000009092.5	71.0297021693124
ENSMUSG00000009093.7	0
ENSMUSG00000009097.10	0
ENSMUSG00000009108.15	0
ENSMUSG00000009112.4	302.602652649161
ENSMUSG00000009114.17	0
ENSMUSG00000009115.5	0
ENSMUSG00000009145.6	0
ENSMUSG00000009185.2	0
ENSMUSG00000009207.15	320.779031297114
ENSMUSG00000009210.10	0
ENSMUSG00000009214.9	3.7981689917714
ENSMUSG00000009216.7	2137.29337266667
ENSMUSG00000009246.14	0
ENSMUSG00000009248.6	0
ENSMUSG00000009281.6	100.59000706526
ENSMUSG00000009291.13	462.66789553523
ENSMUSG00000009292.18	821.91685957441
ENSMUSG00000009293.17	1289.06595842783
ENSMUSG00000009350.13	0
ENSMUSG00000009356.12	10.8517999351147
ENSMUSG00000009376.15	8.63789978699914
ENSMUSG00000009378.4	0
ENSMUSG00000009394.13	6694.69156701584
ENSMUSG00000009406.13	431.711933403858
ENSMUSG00000009418.16	98.1461087471863
ENSMUSG00000009470.17	66.9115832195765
ENSMUSG00000009471.4	0
ENSMUSG00000009487.10	0
ENSMUSG00000009535.13	777.835146270244
ENSMUSG00000009545.14	0
ENSMUSG00000009549.14	10859.1198008782
ENSMUSG00000009551.2	153.314926125878
ENSMUSG00000009555.16	3089.21728302708
ENSMUSG00000009563.16	1239.9536242745
ENSMUSG00000009566.12	255.496380699346
ENSMUSG00000009569.14	764.248087870963
ENSMUSG00000009575.14	1402.73187176462
ENSMUSG00000009580.15	0
ENSMUSG00000009585.18	0
ENSMUSG00000009588.9	0
ENSMUSG00000009596.9	0
ENSMUSG00000009614.16	134.153385008587
ENSMUSG00000009621.18	142.132564293894
ENSMUSG00000009628.14	11.5079610868351
ENSMUSG00000009630.10	4361.34259188078
ENSMUSG00000009633.3	370.91635390226
ENSMUSG00000009640.11	2315.28436517304
ENSMUSG00000009646.13	0
ENSMUSG00000009647.13	560.780483040112
ENSMUSG00000009654.4	0
ENSMUSG00000009670.11	4.60942050941957
ENSMUSG00000009681.10	2271.5358043273
ENSMUSG00000009687.14	240.942449819544
ENSMUSG00000009731.4	134.76697355835
ENSMUSG00000009733.9	192.454347366465
ENSMUSG00000009734.18	2.46587127392247
ENSMUSG00000009739.17	819.055912057398
ENSMUSG00000009741.15	481.806745830217
ENSMUSG00000009772.15	46.6682485657479
ENSMUSG00000009828.15	110.399402484123
ENSMUSG00000009863.14	15703.6435407352
ENSMUSG00000009876.13	202.118109529659
ENSMUSG00000009894.15	16723.2506159083
ENSMUSG00000009900.7	0
ENSMUSG00000009905.5	255.636614350808
ENSMUSG00000009907.17	858.754270362392
ENSMUSG00000009927.9	36729.1074619117
ENSMUSG00000009941.10	16.0568623329152
ENSMUSG00000009995.17	795.209418394957
ENSMUSG00000010021.13	69.8529942027514
ENSMUSG00000010025.19	841.966744824331
ENSMUSG00000010044.12	149.175302394068
ENSMUSG00000010045.2	1156.52945836924
ENSMUSG00000010047.12	215.721772492167
ENSMUSG00000010048.10	138.916241669928
ENSMUSG00000010051.15	33.8150057416986
ENSMUSG00000010054.4	3260.56785476409
ENSMUSG00000010057.8	1154.48435047287
ENSMUSG00000010064.15	170.057975155296
ENSMUSG00000010066.15	1734.86820582771
ENSMUSG00000010067.13	450.791325629396
ENSMUSG00000010080.15	142.301450180398
ENSMUSG00000010086.17	2422.07536510227
ENSMUSG00000010095.13	2950.62145948889
ENSMUSG00000010097.15	1671.91468854992
ENSMUSG00000010110.17	1450.26817693274
ENSMUSG00000010122.14	0
ENSMUSG00000010136.14	42.9244189434834
ENSMUSG00000010142.12	13.8106269827266
ENSMUSG00000010154.7	590.621442508493
ENSMUSG00000010175.13	94.133141627358
ENSMUSG00000010205.11	440.953964630361
ENSMUSG00000010277.7	2142.4109177801
ENSMUSG00000010290.7	336.698281751709
ENSMUSG00000010307.7	312.348282799844
ENSMUSG00000010311.15	133.883935395173
ENSMUSG00000010342.16	0
ENSMUSG00000010358.13	36.0171079106794
ENSMUSG00000010362.9	73.1000914495399
ENSMUSG00000010376.15	21978.7416340369
ENSMUSG00000010392.8	592.103743103913
ENSMUSG00000010406.12	8497.34028658988
ENSMUSG00000010435.7	0
ENSMUSG00000010453.12	844.097684579483
ENSMUSG00000010461.15	125.428342476232
ENSMUSG00000010476.14	95.5008644941963
ENSMUSG00000010492.10	0
ENSMUSG00000010505.16	60.4595555773516
ENSMUSG00000010517.7	459.304816038534
ENSMUSG00000010529.6	16.0370117648472
ENSMUSG00000010538.14	0
ENSMUSG00000010554.14	509.04525212866
ENSMUSG00000010592.9	18.3988860375076
ENSMUSG00000010601.14	0
ENSMUSG00000010607.8	2150.37411673388
ENSMUSG00000010608.15	706.68999244797
ENSMUSG00000010609.15	759.204514214017
ENSMUSG00000010651.4	48.6065504182019
ENSMUSG00000010660.3	22.7354236591618
ENSMUSG00000010663.5	1897.75950167875
ENSMUSG00000010721.15	553.853664766675
ENSMUSG00000010751.15	233.969157496023
ENSMUSG00000010755.17	1233.99021399564
ENSMUSG00000010760.5	0
ENSMUSG00000010796.11	0
ENSMUSG00000010797.6	195.016350322226
ENSMUSG00000010803.13	2682.85583593267
ENSMUSG00000010825.17	70.3708880328659
ENSMUSG00000010830.8	0
ENSMUSG00000010841.13	0
ENSMUSG00000010911.12	932.973453192559
ENSMUSG00000010914.10	1110.47932403308
ENSMUSG00000010936.11	908.219014522101
ENSMUSG00000011008.13	0
ENSMUSG00000011034.6	16.1026809397137
ENSMUSG00000011096.17	1707.26308825171
ENSMUSG00000011114.18	2013.56543734193
ENSMUSG00000011118.4	0
ENSMUSG00000011148.14	1839.75842022967
ENSMUSG00000011154.17	95.7537719675536
ENSMUSG00000011158.8	569.861119160516
ENSMUSG00000011171.11	19.1617908099712
ENSMUSG00000011179.8	1615.69391590997
ENSMUSG00000011254.16	364.631620355703
ENSMUSG00000011256.16	93.0164223271913
ENSMUSG00000011257.19	623.319728950025
ENSMUSG00000011263.16	51.5785799662742
ENSMUSG00000011267.8	65.2739425655491
ENSMUSG00000011305.11	0
ENSMUSG00000011306.7	2124.04030943861
ENSMUSG00000011349.5	0
ENSMUSG00000011350.15	0
ENSMUSG00000011382.8	185.6431680155
ENSMUSG00000011427.16	112.878632316431
ENSMUSG00000011463.5	0
ENSMUSG00000011486.14	15.1710463386719
ENSMUSG00000011589.9	1978.24734408919
ENSMUSG00000011632.7	0
ENSMUSG00000011658.16	514.880663697375
ENSMUSG00000011751.16	1314.88277702895
ENSMUSG00000011752.7	25118.2965244101
ENSMUSG00000011831.16	297.517473949394
ENSMUSG00000011832.16	1832.02075618919
ENSMUSG00000011837.4	2864.64727587651
ENSMUSG00000011877.13	2580.8368064476
ENSMUSG00000011884.13	393.439133032731
ENSMUSG00000011958.17	472.045853214463
ENSMUSG00000011960.12	392.379936683742
ENSMUSG00000012017.4	49.380472880175
ENSMUSG00000012042.9	0
ENSMUSG00000012076.8	1538.04227022962
ENSMUSG00000012114.17	1469.10096642509
ENSMUSG00000012117.13	1767.75101515984
ENSMUSG00000012123.17	502.236881820346
ENSMUSG00000012126.16	194.745964361262
ENSMUSG00000012187.13	0
ENSMUSG00000012211.13	0
ENSMUSG00000012282.2	0
ENSMUSG00000012296.16	453.750059042252
ENSMUSG00000012350.15	0
ENSMUSG00000012396.12	0
ENSMUSG00000012405.16	10999.4416562792
ENSMUSG00000012422.14	251.938696970097
ENSMUSG00000012428.9	0
ENSMUSG00000012429.9	119.60010957207
ENSMUSG00000012443.4	10.5835051503462
ENSMUSG00000012483.4	891.254644143358
ENSMUSG00000012519.14	0
ENSMUSG00000012520.10	0
ENSMUSG00000012535.14	1493.74635181751
ENSMUSG00000012609.19	606.820442399556
ENSMUSG00000012640.16	22.4953753588297
ENSMUSG00000012705.16	44.3344959311838
ENSMUSG00000012777.14	0
ENSMUSG00000012819.15	30.1156838396622
ENSMUSG00000012848.15	16475.4929916549
ENSMUSG00000012889.8	0
ENSMUSG00000013033.16	2307.1705078984
ENSMUSG00000013076.17	200.92198795722
ENSMUSG00000013083.8	0
ENSMUSG00000013089.15	609.964260511538
ENSMUSG00000013091.5	0
ENSMUSG00000013150.15	704.731559123182
ENSMUSG00000013155.10	601.944974339489
ENSMUSG00000013158.6	22.8583036693565
ENSMUSG00000013160.7	9832.6395601463
ENSMUSG00000013236.17	2613.64767307628
ENSMUSG00000013275.9	541.857148739638
ENSMUSG00000013338.16	0
ENSMUSG00000013353.10	0
ENSMUSG00000013367.5	1510.58500193182
ENSMUSG00000013415.9	0
ENSMUSG00000013418.8	0
ENSMUSG00000013419.7	1170.82046285689
ENSMUSG00000013465.19	2034.54361755329
ENSMUSG00000013483.14	0
ENSMUSG00000013495.15	1187.61388738452
ENSMUSG00000013523.13	614.290217405873
ENSMUSG00000013539.14	3679.74715074515
ENSMUSG00000013562.12	0
ENSMUSG00000013584.5	70.9578218890283
ENSMUSG00000013593.12	15028.6459165554
ENSMUSG00000013611.14	0
ENSMUSG00000013622.15	2586.01090695307
ENSMUSG00000013629.16	35.2254884800041
ENSMUSG00000013643.13	0
ENSMUSG00000013646.17	1167.99681318397
ENSMUSG00000013653.2	0
ENSMUSG00000013662.6	2090.77194339682
ENSMUSG00000013663.7	589.461495163084
ENSMUSG00000013668.9	0
ENSMUSG00000013698.12	9277.48555832483
ENSMUSG00000013701.13	4160.02864883897
ENSMUSG00000013707.3	90.7600744234585
ENSMUSG00000013736.16	519.538337317224
ENSMUSG00000013766.11	0
ENSMUSG00000013787.15	3796.96400610882
ENSMUSG00000013822.7	3587.41700874921
ENSMUSG00000013833.15	697.044457850423
ENSMUSG00000013846.10	232.265067377504
ENSMUSG00000013858.14	2742.24623866541
ENSMUSG00000013878.18	406.038875363308
ENSMUSG00000013921.15	23541.3519161397
ENSMUSG00000013928.13	0
ENSMUSG00000013936.12	0
ENSMUSG00000013973.12	969.583019409948
ENSMUSG00000013974.3	0
ENSMUSG00000013997.10	1289.16901908154
ENSMUSG00000014030.15	10.7910621906801
ENSMUSG00000014039.18	386.130409805079
ENSMUSG00000014074.17	322.885750862296
ENSMUSG00000014075.15	1010.49007755614
ENSMUSG00000014077.13	3317.88612036784
ENSMUSG00000014104.12	0
ENSMUSG00000014158.12	0
ENSMUSG00000014164.15	136.798317145727
ENSMUSG00000014177.10	748.038351194656
ENSMUSG00000014195.16	13091.1231676864
ENSMUSG00000014198.15	125.963340254934
ENSMUSG00000014226.10	3343.04918110929
ENSMUSG00000014232.14	1443.65169544908
ENSMUSG00000014243.5	729.319702468694
ENSMUSG00000014245.8	45.9929235008297
ENSMUSG00000014294.4	20597.9730113182
ENSMUSG00000014301.13	8016.02574745531
ENSMUSG00000014303.13	71.0295461113873
ENSMUSG00000014313.15	49312.9058224586
ENSMUSG00000014329.14	27.7945718970282
ENSMUSG00000014349.7	2163.01184356341
ENSMUSG00000014351.12	0
ENSMUSG00000014353.15	478.684307653969
ENSMUSG00000014355.10	144.965171691715
ENSMUSG00000014361.5	130.191854580859
ENSMUSG00000014402.15	4794.64587915809
ENSMUSG00000014418.16	56.7413506663826
ENSMUSG00000014426.9	341.050456377454
ENSMUSG00000014444.17	115.993111538501
ENSMUSG00000014453.4	0
ENSMUSG00000014470.4	776.377065864794
ENSMUSG00000014496.8	146.261014278269
ENSMUSG00000014498.9	100.739541769055
ENSMUSG00000014503.15	10.4080960425752
ENSMUSG00000014504.16	4377.6139402259
ENSMUSG00000014529.9	0
ENSMUSG00000014542.3	0
ENSMUSG00000014543.14	0
ENSMUSG00000014547.10	64.9249970451079
ENSMUSG00000014550.14	566.218883247467
ENSMUSG00000014551.8	4385.0708248476
ENSMUSG00000014554.13	959.298333974513
ENSMUSG00000014592.21	1994.00189100967
ENSMUSG00000014599.10	94.9038805076598
ENSMUSG00000014601.13	1005.62297420086
ENSMUSG00000014602.15	4377.41103371173
ENSMUSG00000014603.3	0
ENSMUSG00000014606.14	6075.6472946156
ENSMUSG00000014609.16	0
ENSMUSG00000014633.15	1231.0812318493
ENSMUSG00000014668.15	284.300460102023
ENSMUSG00000014686.8	0
ENSMUSG00000014704.10	0
ENSMUSG00000014725.16	0
ENSMUSG00000014747.6	0
ENSMUSG00000014748.13	713.542558360662
ENSMUSG00000014763.8	557.585321870785
ENSMUSG00000014767.17	434.330928713852
ENSMUSG00000014769.10	7751.79024779877
ENSMUSG00000014771.13	2681.76193230114
ENSMUSG00000014773.13	30.5762419881085
ENSMUSG00000014776.7	870.722539904993
ENSMUSG00000014778.10	38.7447507481027
ENSMUSG00000014782.16	13.544610643664
ENSMUSG00000014786.8	442.796384493657
ENSMUSG00000014791.10	65.8116869637316
ENSMUSG00000014813.9	129.82187245212
ENSMUSG00000014837.15	501.630940108911
ENSMUSG00000014846.12	2302.17818366405
ENSMUSG00000014850.15	330.191415354616
ENSMUSG00000014852.16	9.87465884312442
ENSMUSG00000014856.12	2377.1470999778
ENSMUSG00000014859.9	718.711415319847
ENSMUSG00000014867.9	1645.32582018193
ENSMUSG00000014873.15	2523.35002949637
ENSMUSG00000014905.4	722.575784083431
ENSMUSG00000014907.10	190.987402870872
ENSMUSG00000014932.15	25.8083914731648
ENSMUSG00000014956.15	2723.169093674
ENSMUSG00000014959.12	2953.98503837095
ENSMUSG00000014980.14	1368.74916617665
ENSMUSG00000015001.17	0
ENSMUSG00000015002.18	567.773938047551
ENSMUSG00000015013.9	7749.86246425046
ENSMUSG00000015016.8	676.477864810618
ENSMUSG00000015023.7	223.499044034028
ENSMUSG00000015027.11	306.200630534662
ENSMUSG00000015053.14	55.291385273036
ENSMUSG00000015083.11	105.351740109541
ENSMUSG00000015085.8	68.264917545724
ENSMUSG00000015087.14	2691.80363554726
ENSMUSG00000015090.13	6935.90071982932
ENSMUSG00000015092.9	21298.0695252207
ENSMUSG00000015093.15	0
ENSMUSG00000015094.16	12504.3682787525
ENSMUSG00000015095.12	1522.64500232278
ENSMUSG00000015112.15	92.9289362544009
ENSMUSG00000015120.15	5428.21964376707
ENSMUSG00000015126.9	1810.60648771203
ENSMUSG00000015127.14	358.366706165629
ENSMUSG00000015133.17	79.258418076796
ENSMUSG00000015134.15	17.369091001601
ENSMUSG00000015143.15	610.248847743683
ENSMUSG00000015149.14	2921.54477810272
ENSMUSG00000015165.16	8819.64815495566
ENSMUSG00000015176.11	1646.04908624143
ENSMUSG00000015189.12	670.54810062041
ENSMUSG00000015202.13	22.3783943382023
ENSMUSG00000015214.14	149.967733325954
ENSMUSG00000015217.11	2088.64502993614
ENSMUSG00000015222.18	2294.41065013671
ENSMUSG00000015224.10	175.3600743709
ENSMUSG00000015242.14	0
ENSMUSG00000015243.4	53.1149390269356
ENSMUSG00000015247.10	382.314294151926
ENSMUSG00000015289.4	1822.26619952519
ENSMUSG00000015290.15	1917.21805223902
ENSMUSG00000015291.10	15983.2189101938
ENSMUSG00000015305.6	76.1283018506348
ENSMUSG00000015312.9	675.026744588626
ENSMUSG00000015314.10	0.286085388225725
ENSMUSG00000015316.11	0
ENSMUSG00000015335.16	358.892028352976
ENSMUSG00000015337.5	1714.84503769456
ENSMUSG00000015340.10	3.46333110775596
ENSMUSG00000015341.17	1034.08435040009
ENSMUSG00000015342.6	187.436585690325
ENSMUSG00000015354.8	34.9189907151802
ENSMUSG00000015355.13	81.4223172657213
ENSMUSG00000015357.10	721.596551815244
ENSMUSG00000015363.13	234.847919672054
ENSMUSG00000015365.15	0
ENSMUSG00000015377.10	420.427759381563
ENSMUSG00000015396.4	620.824518786191
ENSMUSG00000015401.12	0
ENSMUSG00000015405.15	0
ENSMUSG00000015437.5	0
ENSMUSG00000015441.4	0
ENSMUSG00000015443.9	0
ENSMUSG00000015451.16	0
ENSMUSG00000015452.14	0
ENSMUSG00000015461.15	1012.58091042455
ENSMUSG00000015467.14	0
ENSMUSG00000015468.14	14.6128895638911
ENSMUSG00000015474.16	1169.31721928793
ENSMUSG00000015476.6	5726.53685215924
ENSMUSG00000015478.13	4165.10895853147
ENSMUSG00000015484.3	114.668866409585
ENSMUSG00000015488.14	1469.76621014805
ENSMUSG00000015501.10	100.727775001506
ENSMUSG00000015519.12	0
ENSMUSG00000015522.18	149.671566595769
ENSMUSG00000015533.9	0
ENSMUSG00000015536.14	3302.44746589927
ENSMUSG00000015542.17	1720.93625941404
ENSMUSG00000015568.16	1327.22736465204
ENSMUSG00000015575.15	384.676293270926
ENSMUSG00000015579.5	0
ENSMUSG00000015597.17	237.320969610529
ENSMUSG00000015599.9	382.740113806253
ENSMUSG00000015605.6	367.79993956192
ENSMUSG00000015619.10	296.105024881233
ENSMUSG00000015627.5	0
ENSMUSG00000015647.9	30.3191209507745
ENSMUSG00000015652.9	0
ENSMUSG00000015653.13	321.90564466973
ENSMUSG00000015656.17	85467.0498201383
ENSMUSG00000015659.12	16.7518194848063
ENSMUSG00000015665.8	0
ENSMUSG00000015668.13	2815.92436866939
ENSMUSG00000015671.11	4424.50338529463
ENSMUSG00000015672.4	1759.99212724155
ENSMUSG00000015697.14	151.658620944013
ENSMUSG00000015702.13	15.0152068947038
ENSMUSG00000015709.9	2092.69545095798
ENSMUSG00000015711.8	715.477739054614
ENSMUSG00000015714.11	378.166399350088
ENSMUSG00000015721.18	0
ENSMUSG00000015733.13	3566.7508819648
ENSMUSG00000015745.9	1575.31161814259
ENSMUSG00000015747.5	1155.42263314152
ENSMUSG00000015748.13	826.83568052606
ENSMUSG00000015749.12	1539.90663183718
ENSMUSG00000015750.15	1223.46445027757
ENSMUSG00000015755.16	388.953247976791
ENSMUSG00000015757.10	464.098384899528
ENSMUSG00000015759.11	2774.09488333973
ENSMUSG00000015766.14	124.849991805948
ENSMUSG00000015776.12	1463.19376821084
ENSMUSG00000015787.15	0
ENSMUSG00000015790.16	5821.43033920909
ENSMUSG00000015804.14	6275.10686375705
ENSMUSG00000015806.12	5686.15305623578
ENSMUSG00000015812.8	102.422564067691
ENSMUSG00000015829.13	225.401546198473
ENSMUSG00000015837.15	27343.3200756736
ENSMUSG00000015839.6	34.6902722202076
ENSMUSG00000015843.10	2487.74301060117
ENSMUSG00000015846.15	410.043259297257
ENSMUSG00000015850.11	77.0124012077025
ENSMUSG00000015852.13	49.0916096608831
ENSMUSG00000015854.7	0
ENSMUSG00000015869.16	1617.45718319367
ENSMUSG00000015879.8	168.730733714219
ENSMUSG00000015880.13	0
ENSMUSG00000015882.18	50.4516856893933
ENSMUSG00000015889.8	1678.89313078497
ENSMUSG00000015890.2	0
ENSMUSG00000015932.8	5650.90871595843
ENSMUSG00000015937.15	3063.27983164989
ENSMUSG00000015942.9	278.355932832103
ENSMUSG00000015943.11	2097.43414985252
ENSMUSG00000015944.9	863.12495345805
ENSMUSG00000015947.10	130.250001763738
ENSMUSG00000015950.13	94.8705153232813
ENSMUSG00000015957.12	0
ENSMUSG00000015961.8	1269.25643359409
ENSMUSG00000015962.5	0
ENSMUSG00000015966.17	1.69475785460055
ENSMUSG00000015968.18	262.013952670098
ENSMUSG00000015970.19	4.32127515658301
ENSMUSG00000015971.5	1866.36045988654
ENSMUSG00000015980.14	393.826063052132
ENSMUSG00000015981.12	5127.108717612
ENSMUSG00000015994.10	3068.71348769632
ENSMUSG00000016018.4	877.714777660616
ENSMUSG00000016024.9	8.6593109343178
ENSMUSG00000016028.11	50.8700145633175
ENSMUSG00000016087.13	66.9481944087964
ENSMUSG00000016128.14	45.1155034229548
ENSMUSG00000016150.15	35.2291402354506
ENSMUSG00000016179.11	1215.12821045972
ENSMUSG00000016181.9	156.47188431515
ENSMUSG00000016194.14	203.814147059245
ENSMUSG00000016200.14	58.9387086744414
ENSMUSG00000016206.6	40.0140010642262
ENSMUSG00000016239.11	56.8467834005552
ENSMUSG00000016252.7	36358.1196022682
ENSMUSG00000016253.12	2080.32754828088
ENSMUSG00000016255.5	0
ENSMUSG00000016256.10	1945.36846741678
ENSMUSG00000016257.15	2573.4642555286
ENSMUSG00000016262.14	539.887135916811
ENSMUSG00000016283.13	0
ENSMUSG00000016308.12	2781.26140658606
ENSMUSG00000016319.3	18165.0131677513
ENSMUSG00000016327.9	0
ENSMUSG00000016344.14	4665.89337803167
ENSMUSG00000016346.17	2421.27634852595
ENSMUSG00000016349.10	47353.6921768345
ENSMUSG00000016356.18	5.87439483839626
ENSMUSG00000016382.15	1592.89700542833
ENSMUSG00000016386.15	1004.83962584021
ENSMUSG00000016409.4	150.635068225109
ENSMUSG00000016427.7	20978.0709396068
ENSMUSG00000016458.15	21.1214101749889
ENSMUSG00000016477.18	197.143138936572
ENSMUSG00000016481.15	372.715576931898
ENSMUSG00000016487.15	30.6257123503535
ENSMUSG00000016493.13	0
ENSMUSG00000016494.9	329.094016025573
ENSMUSG00000016495.12	632.369465601266
ENSMUSG00000016496.7	13.2780324960711
ENSMUSG00000016498.10	0
ENSMUSG00000016503.18	1270.3813927527
ENSMUSG00000016510.11	662.766677937742
ENSMUSG00000016520.7	45.9444519093051
ENSMUSG00000016524.12	0
ENSMUSG00000016526.8	92.6806793072105
ENSMUSG00000016528.10	388.031725929293
ENSMUSG00000016529.5	0
ENSMUSG00000016534.15	800.052145502346
ENSMUSG00000016541.10	10044.9685397128
ENSMUSG00000016552.13	243.913106057876
ENSMUSG00000016554.9	1993.16719959168
ENSMUSG00000016559.14	9396.71833875289
ENSMUSG00000016619.10	585.615759715754
ENSMUSG00000016624.15	56.5053286605171
ENSMUSG00000016626.10	0
ENSMUSG00000016637.7	1947.56566936691
ENSMUSG00000016664.16	3745.98649884672
ENSMUSG00000016756.17	0
ENSMUSG00000016757.11	240.376302879
ENSMUSG00000016758.4	69.8483436765845
ENSMUSG00000016763.15	31.7787619354749
ENSMUSG00000016831.12	531.981959299568
ENSMUSG00000016833.14	4955.05601005854
ENSMUSG00000016918.15	335.532279358807
ENSMUSG00000016921.14	1222.54305307641
ENSMUSG00000016933.17	571.969180823853
ENSMUSG00000016940.18	2284.2823035306
ENSMUSG00000016942.6	0
ENSMUSG00000016946.6	191.003539260323
ENSMUSG00000016982.6	0
ENSMUSG00000016984.7	32.7483810354771
ENSMUSG00000016995.17	52.920490852307
ENSMUSG00000016998.2	0
ENSMUSG00000017000.2	72.3305386094686
ENSMUSG00000017002.14	0
ENSMUSG00000017003.7	0
ENSMUSG00000017004.7	0
ENSMUSG00000017007.9	26.7429911747829
ENSMUSG00000017009.3	119.89824263211
ENSMUSG00000017049.4	0
ENSMUSG00000017057.9	21.8742648170784
ENSMUSG00000017064.4	0
ENSMUSG00000017119.19	1333.93960327852
ENSMUSG00000017132.17	675.045440328049
ENSMUSG00000017144.8	291.147782468433
ENSMUSG00000017146.12	21.8896209169046
ENSMUSG00000017165.1	0
ENSMUSG00000017167.6	2641.14907455528
ENSMUSG00000017176.17	2113.40614788579
ENSMUSG00000017188.3	7999.73988572316
ENSMUSG00000017195.15	0
ENSMUSG00000017204.4	12.2972708602194
ENSMUSG00000017210.14	1579.92628219829
ENSMUSG00000017211.14	0
ENSMUSG00000017221.14	6866.10877548685
ENSMUSG00000017264.16	660.418973724677
ENSMUSG00000017286.15	2334.83801743285
ENSMUSG00000017288.15	1994.30554852026
ENSMUSG00000017291.13	162.587544705694
ENSMUSG00000017299.13	1332.68202609519
ENSMUSG00000017300.9	0
ENSMUSG00000017307.16	780.032785182568
ENSMUSG00000017309.11	0
ENSMUSG00000017310.7	0
ENSMUSG00000017311.15	0
ENSMUSG00000017314.12	1980.97776475768
ENSMUSG00000017316.13	0
ENSMUSG00000017344.4	189.255378383766
ENSMUSG00000017376.15	1176.32290923669
ENSMUSG00000017386.10	81.3701939187502
ENSMUSG00000017390.15	14782.8913581934
ENSMUSG00000017400.10	1440.88847140474
ENSMUSG00000017404.12	49102.1368603341
ENSMUSG00000017405.14	46.5974919025242
ENSMUSG00000017412.15	635.487222039762
ENSMUSG00000017417.14	830.599860101753
ENSMUSG00000017418.14	96.8901233546932
ENSMUSG00000017421.18	1873.82442953804
ENSMUSG00000017428.16	2041.56353998482
ENSMUSG00000017446.14	171.446016763977
ENSMUSG00000017453.4	0
ENSMUSG00000017466.9	6715.57015105943
ENSMUSG00000017478.15	554.986177128859
ENSMUSG00000017485.11	738.681274065795
ENSMUSG00000017491.9	1260.92022498782
ENSMUSG00000017493.12	2404.04305913073
ENSMUSG00000017499.15	17.7347659316089
ENSMUSG00000017548.15	274.314094996138
ENSMUSG00000017550.14	17.035220676721
ENSMUSG00000017561.16	273.754408853692
ENSMUSG00000017588.2	0
ENSMUSG00000017607.9	0
ENSMUSG00000017615.12	441.771801792447
ENSMUSG00000017631.19	4100.21879361524
ENSMUSG00000017639.13	1942.44057104991
ENSMUSG00000017652.16	0
ENSMUSG00000017664.16	1724.26706613183
ENSMUSG00000017667.9	86.5668604001823
ENSMUSG00000017670.16	2220.27920307201
ENSMUSG00000017677.11	243.986141166805
ENSMUSG00000017679.16	565.076726505515
ENSMUSG00000017686.17	810.676537829059
ENSMUSG00000017688.14	0
ENSMUSG00000017692.8	459.420829500026
ENSMUSG00000017697.3	0
ENSMUSG00000017707.9	3185.83236989464
ENSMUSG00000017713.9	74.6592661788456
ENSMUSG00000017715.11	2533.72497883566
ENSMUSG00000017716.15	104.024654726389
ENSMUSG00000017718.15	157.985334072412
ENSMUSG00000017720.2	0
ENSMUSG00000017721.15	2313.9847459847
ENSMUSG00000017723.11	122.008239413719
ENSMUSG00000017724.14	93.3167089865977
ENSMUSG00000017733.4	0
ENSMUSG00000017734.15	4367.6777945603
ENSMUSG00000017737.2	15.7410947273425
ENSMUSG00000017740.17	8354.5042131698
ENSMUSG00000017747.13	191.510509035683
ENSMUSG00000017754.13	229.234703377043
ENSMUSG00000017756.9	4.15320077129002
ENSMUSG00000017760.16	3128.77306681174
ENSMUSG00000017764.2	829.352489106723
ENSMUSG00000017765.17	123.600373576798
ENSMUSG00000017767.3	0
ENSMUSG00000017774.19	41.3596573404605
ENSMUSG00000017776.15	1267.76757856582
ENSMUSG00000017778.14	35389.8692863267
ENSMUSG00000017781.17	9632.39555023873
ENSMUSG00000017801.15	2533.0253711576
ENSMUSG00000017802.14	1320.79319003645
ENSMUSG00000017817.11	6.35979740851262
ENSMUSG00000017830.15	64.9922267992251
ENSMUSG00000017831.8	2336.85965421728
ENSMUSG00000017832.2	14.9031885160935
ENSMUSG00000017837.12	193.54097869868
ENSMUSG00000017843.14	3365.28375246375
ENSMUSG00000017858.12	1360.74426854529
ENSMUSG00000017861.11	0
ENSMUSG00000017868.16	9.96364307199541
ENSMUSG00000017897.18	64.8047075964693
ENSMUSG00000017922.14	0
ENSMUSG00000017929.13	685.48047196849
ENSMUSG00000017943.15	2067.37258690127
ENSMUSG00000017950.16	0
ENSMUSG00000017969.13	2.0108063644384
ENSMUSG00000017978.18	929.700668811305
ENSMUSG00000017999.16	785.064498437208
ENSMUSG00000018001.18	305.816103807306
ENSMUSG00000018008.8	190.183860614722
ENSMUSG00000018012.11	1872.82194463902
ENSMUSG00000018040.9	3508.01417466856
ENSMUSG00000018042.18	2457.0423592352
ENSMUSG00000018068.13	39.7485465336938
ENSMUSG00000018076.12	116.224264537104
ENSMUSG00000018102.5	537.047693181872
ENSMUSG00000018126.15	164.150714517881
ENSMUSG00000018143.10	38.7566423619925
ENSMUSG00000018160.15	228.613343142612
ENSMUSG00000018166.8	16.3304942987209
ENSMUSG00000018167.10	858.731673174842
ENSMUSG00000018168.8	59.9796150346125
ENSMUSG00000018169.12	88.034522762231
ENSMUSG00000018171.9	6488.56570270105
ENSMUSG00000018189.12	1984.29836528717
ENSMUSG00000018196.18	3546.47767782412
ENSMUSG00000018199.9	64.6385371178621
ENSMUSG00000018209.15	268.440574082122
ENSMUSG00000018211.13	0
ENSMUSG00000018217.12	84.7599281090464
ENSMUSG00000018238.6	101.61633761523
ENSMUSG00000018239.9	320.209825621239
ENSMUSG00000018259.13	0
ENSMUSG00000018263.11	0
ENSMUSG00000018286.6	13917.3339298574
ENSMUSG00000018287.12	6664.17322251793
ENSMUSG00000018293.4	14076.4731874393
ENSMUSG00000018322.10	3664.15927368863
ENSMUSG00000018326.9	16551.7130555655
ENSMUSG00000018334.18	622.002194311887
ENSMUSG00000018339.11	2048.14974623102
ENSMUSG00000018340.13	3157.41662503269
ENSMUSG00000018341.12	0
ENSMUSG00000018347.16	246.544336309195
ENSMUSG00000018362.14	1009.55170125274
ENSMUSG00000018363.16	128.877628370733
ENSMUSG00000018372.13	118.948755004441
ENSMUSG00000018377.10	211.019684786845
ENSMUSG00000018378.13	436.088640335423
ENSMUSG00000018379.17	2677.61150936092
ENSMUSG00000018381.15	66.8574935427497
ENSMUSG00000018387.12	33.6495531295467
ENSMUSG00000018395.19	2050.51895522615
ENSMUSG00000018398.18	4185.16177767038
ENSMUSG00000018401.17	386.955488054888
ENSMUSG00000018405.7	308.550301077582
ENSMUSG00000018411.17	5127.07298034716
ENSMUSG00000018412.16	319.724298204782
ENSMUSG00000018415.14	412.641686172729
ENSMUSG00000018417.14	392.291483051817
ENSMUSG00000018425.18	271.392378523107
ENSMUSG00000018427.8	513.488439736302
ENSMUSG00000018428.15	684.223831132712
ENSMUSG00000018433.14	864.318671738442
ENSMUSG00000018442.13	296.80332167272
ENSMUSG00000018446.8	6782.54415744903
ENSMUSG00000018449.12	1294.59122047627
ENSMUSG00000018451.7	10649.2968931071
ENSMUSG00000018459.15	94.4183218796183
ENSMUSG00000018470.8	4502.24747968978
ENSMUSG00000018474.18	7447.91035466772
ENSMUSG00000018476.7	98.496521212123
ENSMUSG00000018479.12	0
ENSMUSG00000018481.9	425.824835450361
ENSMUSG00000018486.2	13.8598164407065
ENSMUSG00000018500.2	26.9008593717767
ENSMUSG00000018501.17	1402.99726387198
ENSMUSG00000018507.16	363.35122750373
ENSMUSG00000018509.8	1639.82480953504
ENSMUSG00000018537.16	466.283601601017
ENSMUSG00000018541.10	254.029998012283
ENSMUSG00000018543.8	0
ENSMUSG00000018547.8	1181.89277264012
ENSMUSG00000018548.15	2280.66694079225
ENSMUSG00000018554.13	104.530344826764
ENSMUSG00000018559.16	2972.58539518971
ENSMUSG00000018565.17	3881.06337223266
ENSMUSG00000018566.14	0.666367340019554
ENSMUSG00000018567.14	11519.279812082
ENSMUSG00000018569.12	0
ENSMUSG00000018570.17	0
ENSMUSG00000018572.10	1565.15165420087
ENSMUSG00000018574.14	754.819910751444
ENSMUSG00000018581.15	0
ENSMUSG00000018583.5	682.276509132189
ENSMUSG00000018585.9	6932.73090246702
ENSMUSG00000018589.8	433.798178169272
ENSMUSG00000018593.13	2139.25745528835
ENSMUSG00000018595.6	0
ENSMUSG00000018599.5	363.017762929455
ENSMUSG00000018604.18	8.63699465103377
ENSMUSG00000018620.3	0
ENSMUSG00000018623.9	0
ENSMUSG00000018634.10	228.639342392927
ENSMUSG00000018648.15	1020.09712826937
ENSMUSG00000018651.14	838.18302679642
ENSMUSG00000018654.17	72.818594164311
ENSMUSG00000018656.5	0
ENSMUSG00000018659.12	3814.69022006614
ENSMUSG00000018661.17	1559.85205191206
ENSMUSG00000018666.13	1044.05489123238
ENSMUSG00000018669.14	935.991457405355
ENSMUSG00000018672.15	240.415473418191
ENSMUSG00000018677.9	2335.90579696771
ENSMUSG00000018678.13	285.215833467273
ENSMUSG00000018697.14	886.724032886096
ENSMUSG00000018698.15	53.6342061667907
ENSMUSG00000018707.13	1582.33029211072
ENSMUSG00000018727.19	0
ENSMUSG00000018733.10	244.173910062241
ENSMUSG00000018736.14	2393.31367103204
ENSMUSG00000018740.14	35.9051519552391
ENSMUSG00000018750.14	782.984714469892
ENSMUSG00000018752.19	41.140864129522
ENSMUSG00000018761.14	2268.34754091826
ENSMUSG00000018765.5	3393.87003742621
ENSMUSG00000018770.9	61843.3045319
ENSMUSG00000018774.13	661.632698631063
ENSMUSG00000018776.10	0
ENSMUSG00000018796.13	358.373635137501
ENSMUSG00000018800.14	117.757596074019
ENSMUSG00000018809.2	185.539982515448
ENSMUSG00000018819.10	450.451431468608
ENSMUSG00000018820.13	1050.80998336508
ENSMUSG00000018821.3	2807.68354266692
ENSMUSG00000018822.7	55.7420805606183
ENSMUSG00000018830.10	8.95360496940184
ENSMUSG00000018841.17	713.805765657073
ENSMUSG00000018844.6	0
ENSMUSG00000018845.14	1.40277347680744
ENSMUSG00000018846.8	74.9902026147344
ENSMUSG00000018848.4	1577.18384506957
ENSMUSG00000018849.6	713.124916141608
ENSMUSG00000018858.15	5987.72110726495
ENSMUSG00000018861.8	185.377900754478
ENSMUSG00000018862.11	0
ENSMUSG00000018865.9	14608.3529912211
ENSMUSG00000018868.4	0
ENSMUSG00000018882.12	1210.17543130358
ENSMUSG00000018893.15	0
ENSMUSG00000018899.16	16.4277495976202
ENSMUSG00000018900.7	199.917692786269
ENSMUSG00000018906.14	253.755773026362
ENSMUSG00000018907.10	0
ENSMUSG00000018909.15	1202.63986227605
ENSMUSG00000018914.5	0
ENSMUSG00000018916.5	0
ENSMUSG00000018919.10	131.139687994523
ENSMUSG00000018920.11	63.9479807994577
ENSMUSG00000018921.11	586.226351953356
ENSMUSG00000018923.13	788.028100857327
ENSMUSG00000018924.6	0
ENSMUSG00000018925.3	0
ENSMUSG00000018927.3	72.6961511163065
ENSMUSG00000018930.3	41.118641480993
ENSMUSG00000018931.3	64.4080083509588
ENSMUSG00000018932.9	85.0713573043024
ENSMUSG00000018965.11	36378.2510746014
ENSMUSG00000018973.2	0
ENSMUSG00000018974.7	718.465311972023
ENSMUSG00000018983.9	26.0480652344768
ENSMUSG00000018986.10	0
ENSMUSG00000018995.12	253.03210121626
ENSMUSG00000018999.14	748.744669363491
ENSMUSG00000019027.8	67.325511260014
ENSMUSG00000019039.14	1775.15827336137
ENSMUSG00000019054.13	13365.722130819
ENSMUSG00000019055.15	248.952310092919
ENSMUSG00000019066.13	67.7708069433891
ENSMUSG00000019080.8	626.407397420569
ENSMUSG00000019082.18	5053.09003800395
ENSMUSG00000019087.13	14434.6588352002
ENSMUSG00000019088.14	3.45509124931263
ENSMUSG00000019102.10	82.9291813785458
ENSMUSG00000019122.8	12.7731538969069
ENSMUSG00000019124.10	4260.6711850018
ENSMUSG00000019132.11	1575.60672367889
ENSMUSG00000019139.10	1204.03985792179
ENSMUSG00000019143.15	306.914377060731
ENSMUSG00000019146.2	1429.51930823646
ENSMUSG00000019158.9	5265.31264848877
ENSMUSG00000019173.11	3336.30023765884
ENSMUSG00000019178.17	0
ENSMUSG00000019179.10	31344.9686263129
ENSMUSG00000019188.16	2307.78247344575
ENSMUSG00000019189.13	2083.94063257352
ENSMUSG00000019194.15	17124.5829715212
ENSMUSG00000019210.10	42113.8483377739
ENSMUSG00000019214.14	86.1499048359987
ENSMUSG00000019230.14	18.9306065997827
ENSMUSG00000019232.14	9.59191309449504
ENSMUSG00000019235.9	804.05549945399
ENSMUSG00000019254.16	6408.64600477259
ENSMUSG00000019256.17	7.09467417763488
ENSMUSG00000019261.3	791.777923103914
ENSMUSG00000019278.5	3.68487093817557
ENSMUSG00000019295.8	449.138266452372
ENSMUSG00000019297.9	281.94379816406
ENSMUSG00000019301.5	0
ENSMUSG00000019302.16	5698.58247694694
ENSMUSG00000019303.14	416.930095530293
ENSMUSG00000019312.10	91.0639192035565
ENSMUSG00000019320.14	0
ENSMUSG00000019326.14	0
ENSMUSG00000019338.13	288.691212246844
ENSMUSG00000019359.14	0
ENSMUSG00000019362.8	8393.65639994866
ENSMUSG00000019368.13	0
ENSMUSG00000019370.10	49569.8503894909
ENSMUSG00000019373.11	2806.28030101633
ENSMUSG00000019428.16	20969.3776392564
ENSMUSG00000019429.7	27.2307970369452
ENSMUSG00000019432.15	5558.65423084457
ENSMUSG00000019433.9	2273.67585786527
ENSMUSG00000019437.17	217.236876463435
ENSMUSG00000019461.12	300.57258873677
ENSMUSG00000019464.6	6.69235684682214
ENSMUSG00000019467.15	2314.70660752287
ENSMUSG00000019470.12	681.332858070917
ENSMUSG00000019471.10	9255.26859030431
ENSMUSG00000019478.16	3040.72740151366
ENSMUSG00000019487.11	99.1700047935255
ENSMUSG00000019489.7	0
ENSMUSG00000019494.14	7015.42459243664
ENSMUSG00000019505.7	132592.406967534
ENSMUSG00000019518.11	335.074998426787
ENSMUSG00000019528.18	741.210473645708
ENSMUSG00000019539.11	13.5003526161161
ENSMUSG00000019558.14	1602.56853927619
ENSMUSG00000019564.12	38.9978767025551
ENSMUSG00000019577.6	0
ENSMUSG00000019578.11	3189.3744166198
ENSMUSG00000019579.13	1655.92340175712
ENSMUSG00000019590.16	1628.94373313319
ENSMUSG00000019647.16	234.809061248713
ENSMUSG00000019659.8	3944.05646580024
ENSMUSG00000019689.4	5526.10042283006
ENSMUSG00000019699.16	704.097776677916
ENSMUSG00000019710.13	3856.42781848952
ENSMUSG00000019715.14	942.164921651342
ENSMUSG00000019718.8	126.649651797776
ENSMUSG00000019726.12	66.1446521526463
ENSMUSG00000019731.13	598.258667668403
ENSMUSG00000019732.14	305.23244716757
ENSMUSG00000019734.16	56.0495146729927
ENSMUSG00000019737.14	51.2725503752254
ENSMUSG00000019738.15	3548.07427524385
ENSMUSG00000019756.10	0
ENSMUSG00000019761.10	750.223692742484
ENSMUSG00000019762.4	0
ENSMUSG00000019763.11	1340.24815126444
ENSMUSG00000019767.12	0
ENSMUSG00000019768.16	14.1930001107162
ENSMUSG00000019772.5	3837.04105457477
ENSMUSG00000019773.7	1.75877281546144
ENSMUSG00000019774.8	520.071774516675
ENSMUSG00000019775.17	490.097198252855
ENSMUSG00000019777.16	2304.65251327751
ENSMUSG00000019779.15	4.8789637575886
ENSMUSG00000019782.10	5387.2092440629
ENSMUSG00000019785.14	875.096032043302
ENSMUSG00000019787.9	0
ENSMUSG00000019789.9	15.1631810192487
ENSMUSG00000019790.17	413.25196629448
ENSMUSG00000019791.12	478.430401409891
ENSMUSG00000019792.8	54.3652126993714
ENSMUSG00000019794.13	229.242069311106
ENSMUSG00000019795.17	5324.15747271549
ENSMUSG00000019796.12	3292.07860281906
ENSMUSG00000019797.11	3711.05767648226
ENSMUSG00000019802.13	1065.4981864836
ENSMUSG00000019803.11	76.989086153698
ENSMUSG00000019804.12	10007.9260688113
ENSMUSG00000019806.13	2910.3156301048
ENSMUSG00000019808.8	337.236525535251
ENSMUSG00000019809.16	702.10516666754
ENSMUSG00000019810.15	1748.80180645539
ENSMUSG00000019813.16	74.4489313074455
ENSMUSG00000019814.5	612.787067471665
ENSMUSG00000019815.7	0
ENSMUSG00000019817.18	58.2959372926914
ENSMUSG00000019818.15	610.854664608778
ENSMUSG00000019820.11	360.48388161179
ENSMUSG00000019822.12	117.61065193178
ENSMUSG00000019823.17	101.846928805303
ENSMUSG00000019826.11	193.756026519417
ENSMUSG00000019828.13	706.528722188209
ENSMUSG00000019831.14	2846.60385858072
ENSMUSG00000019832.5	57.5603114455288
ENSMUSG00000019834.15	0
ENSMUSG00000019836.5	0
ENSMUSG00000019837.8	1836.63257999065
ENSMUSG00000019838.11	0
ENSMUSG00000019841.15	67.4332224398925
ENSMUSG00000019842.6	7.58397819587781
ENSMUSG00000019843.14	2473.02506284212
ENSMUSG00000019845.8	64.0576583091921
ENSMUSG00000019846.11	146.209546374584
ENSMUSG00000019848.14	50.2010254501569
ENSMUSG00000019849.11	139.282603254807
ENSMUSG00000019850.11	19.77703357374
ENSMUSG00000019851.8	48.050422396447
ENSMUSG00000019852.7	78.3000975705683
ENSMUSG00000019853.6	202.178847274094
ENSMUSG00000019854.17	1079.51221936586
ENSMUSG00000019856.14	564.81542311579
ENSMUSG00000019857.7	733.315191100915
ENSMUSG00000019861.15	467.423167781413
ENSMUSG00000019863.7	412.839005813178
ENSMUSG00000019864.14	297.438851966748
ENSMUSG00000019865.9	46.490529800686
ENSMUSG00000019866.15	0
ENSMUSG00000019867.4	0
ENSMUSG00000019868.16	3445.32548768961
ENSMUSG00000019872.13	174.747266110762
ENSMUSG00000019873.8	63.154988059042
ENSMUSG00000019874.11	213.901668912156
ENSMUSG00000019876.15	463.677371829293
ENSMUSG00000019877.10	13154.0318651281
ENSMUSG00000019878.8	343.767705757068
ENSMUSG00000019880.10	71.3581728899852
ENSMUSG00000019883.11	543.105861832823
ENSMUSG00000019888.16	120.778721445316
ENSMUSG00000019889.10	344.660107395749
ENSMUSG00000019890.4	1221.59540693226
ENSMUSG00000019891.15	258.298650436535
ENSMUSG00000019892.13	0
ENSMUSG00000019893.13	0
ENSMUSG00000019894.14	885.278655595746
ENSMUSG00000019897.8	626.585521936236
ENSMUSG00000019899.17	41.8020503464294
ENSMUSG00000019900.19	0
ENSMUSG00000019905.8	0
ENSMUSG00000019906.15	182.085359439911
ENSMUSG00000019907.10	907.251798714144
ENSMUSG00000019909.4	0
ENSMUSG00000019913.4	0
ENSMUSG00000019916.14	672.775889923856
ENSMUSG00000019917.10	19.7536560965656
ENSMUSG00000019920.18	88.1341813531763
ENSMUSG00000019923.14	47336.1510163647
ENSMUSG00000019927.6	1449.37337200201
ENSMUSG00000019929.16	78.4661432028355
ENSMUSG00000019932.8	0
ENSMUSG00000019933.7	0
ENSMUSG00000019935.16	39.9533881661316
ENSMUSG00000019936.10	10.9769583910153
ENSMUSG00000019942.13	0
ENSMUSG00000019943.10	6763.32640426713
ENSMUSG00000019944.14	1.13703804200995
ENSMUSG00000019945.10	93.6844126696315
ENSMUSG00000019947.10	47.3303087070357
ENSMUSG00000019948.4	462.313675256921
ENSMUSG00000019951.10	870.141910789003
ENSMUSG00000019952.15	162.366410625879
ENSMUSG00000019960.8	340.538367902152
ENSMUSG00000019961.17	555.402664519267
ENSMUSG00000019966.18	169.808157628854
ENSMUSG00000019969.14	1374.24555750895
ENSMUSG00000019970.15	706.37007370159
ENSMUSG00000019971.10	349.902998234585
ENSMUSG00000019975.12	713.623209096334
ENSMUSG00000019977.16	1033.44510592745
ENSMUSG00000019978.16	802.243417251327
ENSMUSG00000019979.12	124.999838625594
ENSMUSG00000019982.15	0
ENSMUSG00000019984.16	188.540757933317
ENSMUSG00000019986.17	3945.1636343554
ENSMUSG00000019987.9	0
ENSMUSG00000019988.7	0
ENSMUSG00000019989.8	0
ENSMUSG00000019990.15	681.510108662204
ENSMUSG00000019992.8	0
ENSMUSG00000019996.17	824.544968667228
ENSMUSG00000019997.11	105.468440225903
ENSMUSG00000019998.6	3289.40904474135
ENSMUSG00000020000.7	257.969087310387
ENSMUSG00000020003.16	895.245919211603
ENSMUSG00000020007.4	62.910320444128
ENSMUSG00000020009.13	418.708406797973
ENSMUSG00000020010.7	0
ENSMUSG00000020014.17	17.3958081183718
ENSMUSG00000020015.10	2031.01224519021
ENSMUSG00000020017.14	0
ENSMUSG00000020018.6	3159.42159483073
ENSMUSG00000020019.4	212.369648261811
ENSMUSG00000020020.8	0
ENSMUSG00000020021.4	9.11603005780754
ENSMUSG00000020022.17	17854.161542876
ENSMUSG00000020023.18	165.795689894386
ENSMUSG00000020024.7	492.021610949979
ENSMUSG00000020027.18	212.782234204093
ENSMUSG00000020029.6	1280.85103804092
ENSMUSG00000020032.14	499.2554263736
ENSMUSG00000020033.2	0
ENSMUSG00000020034.7	438.565466875685
ENSMUSG00000020037.15	103.178758349377
ENSMUSG00000020038.10	350.228722335777
ENSMUSG00000020042.15	788.780362479301
ENSMUSG00000020044.13	303.969283110524
ENSMUSG00000020048.13	12503.760308288
ENSMUSG00000020051.17	0
ENSMUSG00000020052.9	82.7743407052982
ENSMUSG00000020053.18	48.8546825190523
ENSMUSG00000020056.16	1816.33378235026
ENSMUSG00000020057.2	9.0976152226501
ENSMUSG00000020059.9	133.884559626873
ENSMUSG00000020061.18	462.085674628404
ENSMUSG00000020062.7	0
ENSMUSG00000020063.16	58.5980030124436
ENSMUSG00000020064.9	239.096534258727
ENSMUSG00000020067.8	82.7123232858781
ENSMUSG00000020069.16	2060.92883032908
ENSMUSG00000020070.18	608.419255841828
ENSMUSG00000020072.15	4.59256625351275
ENSMUSG00000020074.7	668.888424587363
ENSMUSG00000020075.8	185.797758996067
ENSMUSG00000020076.7	1075.94482883367
ENSMUSG00000020077.14	0
ENSMUSG00000020078.16	730.294908442413
ENSMUSG00000020079.15	294.810243488569
ENSMUSG00000020080.8	37.286920035333
ENSMUSG00000020081.5	0
ENSMUSG00000020083.13	1775.29491768056
ENSMUSG00000020085.15	261.735420485445
ENSMUSG00000020086.6	1031.61167500064
ENSMUSG00000020087.5	604.489842135078
ENSMUSG00000020088.10	3125.23108250975
ENSMUSG00000020089.8	7317.41440561408
ENSMUSG00000020090.7	34.3666705067967
ENSMUSG00000020091.15	414.481421839713
ENSMUSG00000020092.9	42.7770378390538
ENSMUSG00000020096.21	0
ENSMUSG00000020097.14	92.167810542283
ENSMUSG00000020098.7	1152.65410312773
ENSMUSG00000020099.8	75.5797894556229
ENSMUSG00000020100.15	72.7017379900237
ENSMUSG00000020101.14	179.572233826279
ENSMUSG00000020102.15	212.561880413904
ENSMUSG00000020105.9	33.4488938495005
ENSMUSG00000020107.10	2535.56187424841
ENSMUSG00000020108.4	1033.25209348573
ENSMUSG00000020109.13	1183.3716087496
ENSMUSG00000020111.15	3312.86280302957
ENSMUSG00000020114.12	807.20815044453
ENSMUSG00000020115.3	467.432000659972
ENSMUSG00000020116.7	1607.74769605843
ENSMUSG00000020120.15	104.05168395901
ENSMUSG00000020121.15	273.83652653386
ENSMUSG00000020122.16	30.5573901907608
ENSMUSG00000020123.6	44.6113739018308
ENSMUSG00000020124.10	750.093946183587
ENSMUSG00000020125.7	0
ENSMUSG00000020128.15	134.273112648695
ENSMUSG00000020130.9	441.68091365689
ENSMUSG00000020131.14	152.658140742457
ENSMUSG00000020132.10	799.54339666664
ENSMUSG00000020133.8	1570.01760272751
ENSMUSG00000020134.13	337.767965193261
ENSMUSG00000020135.13	389.604508909665
ENSMUSG00000020137.5	143.353311806908
ENSMUSG00000020140.15	79.935740683155
ENSMUSG00000020142.12	708.636190831432
ENSMUSG00000020143.15	24.4977858068996
ENSMUSG00000020149.17	3259.45204059989
ENSMUSG00000020150.13	1019.04676479894
ENSMUSG00000020151.16	371.247633665584
ENSMUSG00000020152.7	2552.90793110027
ENSMUSG00000020153.14	16371.8459658956
ENSMUSG00000020154.10	1.22561652027578
ENSMUSG00000020155.2	9.84947109401923
ENSMUSG00000020156.16	1068.99375915868
ENSMUSG00000020159.8	0
ENSMUSG00000020160.18	345.822707725884
ENSMUSG00000020163.12	35154.148971642
ENSMUSG00000020164.7	40.6731585281078
ENSMUSG00000020166.15	1382.67337211723
ENSMUSG00000020167.14	224.052675128982
ENSMUSG00000020168.5	0
ENSMUSG00000020169.4	0
ENSMUSG00000020170.4	144.123145551245
ENSMUSG00000020171.8	2008.93641595712
ENSMUSG00000020173.17	641.763996632141
ENSMUSG00000020175.15	509.912434806651
ENSMUSG00000020176.17	440.252609103543
ENSMUSG00000020177.12	0
ENSMUSG00000020178.6	6644.33183065589
ENSMUSG00000020180.10	5663.77157195066
ENSMUSG00000020181.18	87.2677789648109
ENSMUSG00000020182.16	303.741188847252
ENSMUSG00000020183.11	39.2019068337826
ENSMUSG00000020184.15	668.973476156523
ENSMUSG00000020185.16	0
ENSMUSG00000020186.7	665.846418665693
ENSMUSG00000020189.15	311.541556962022
ENSMUSG00000020190.13	448.655672924907
ENSMUSG00000020191.11	0
ENSMUSG00000020193.3	7.38241377986628
ENSMUSG00000020196.10	287.278575909173
ENSMUSG00000020198.8	1460.08846519477
ENSMUSG00000020205.8	1653.94624148133
ENSMUSG00000020211.15	1916.25451939809
ENSMUSG00000020212.14	150.129378124734
ENSMUSG00000020213.6	0
ENSMUSG00000020214.10	0
ENSMUSG00000020216.13	610.585589534384
ENSMUSG00000020218.11	54.7183405722042
ENSMUSG00000020219.7	10657.2508534317
ENSMUSG00000020220.16	953.72887632169
ENSMUSG00000020224.15	2359.47809685582
ENSMUSG00000020225.10	3588.95367992573
ENSMUSG00000020226.9	0
ENSMUSG00000020227.10	58.2960309274464
ENSMUSG00000020228.11	25.6860420599153
ENSMUSG00000020229.4	0
ENSMUSG00000020230.15	2958.68665790249
ENSMUSG00000020231.15	366.311646342177
ENSMUSG00000020232.17	727.372411679756
ENSMUSG00000020234.10	0
ENSMUSG00000020235.16	1948.0388369957
ENSMUSG00000020238.14	1473.44624329055
ENSMUSG00000020241.13	96.4251643727601
ENSMUSG00000020246.13	207.588407976897
ENSMUSG00000020248.18	701.627941532697
ENSMUSG00000020250.10	941.55476637593
ENSMUSG00000020251.13	74.9226295331821
ENSMUSG00000020253.15	329.172700431389
ENSMUSG00000020255.8	14.3215918409683
ENSMUSG00000020256.14	9.9467888160886
ENSMUSG00000020257.13	1974.22045660245
ENSMUSG00000020258.16	96.7711135810401
ENSMUSG00000020260.9	963.833346065262
ENSMUSG00000020261.15	1666.2206966729
ENSMUSG00000020262.15	1799.16769149758
ENSMUSG00000020263.14	654.810158263154
ENSMUSG00000020264.5	0
ENSMUSG00000020265.16	9250.24137151791
ENSMUSG00000020267.6	30002.3393432278
ENSMUSG00000020268.14	49.5909325979151
ENSMUSG00000020270.9	0
ENSMUSG00000020271.17	1092.5683062809
ENSMUSG00000020272.8	33.6829807370952
ENSMUSG00000020273.13	106.544646888724
ENSMUSG00000020275.9	8.74008651633047
ENSMUSG00000020277.10	2553.65994302956
ENSMUSG00000020279.10	0
ENSMUSG00000020280.12	36.1846204874421
ENSMUSG00000020282.18	65.0533390826799
ENSMUSG00000020283.5	305.951499663091
ENSMUSG00000020284.16	1434.59187745588
ENSMUSG00000020286.13	0
ENSMUSG00000020287.15	851.031775152228
ENSMUSG00000020288.13	1399.3665450338
ENSMUSG00000020289.15	657.051618240835
ENSMUSG00000020290.14	149.265815990605
ENSMUSG00000020295.1	0
ENSMUSG00000020297.10	35623.929207112
ENSMUSG00000020299.6	0.85142082755941
ENSMUSG00000020300.14	143.034766370269
ENSMUSG00000020303.2	38.0895259439327
ENSMUSG00000020305.13	119.21798613676
ENSMUSG00000020307.15	3252.46819876063
ENSMUSG00000020308.7	5729.44555340132
ENSMUSG00000020309.6	326.713165109224
ENSMUSG00000020310.9	0
ENSMUSG00000020311.17	1736.14338634499
ENSMUSG00000020312.12	580.3654093081
ENSMUSG00000020315.18	638.46028157014
ENSMUSG00000020317.14	80.5473004798924
ENSMUSG00000020319.9	185.312169156441
ENSMUSG00000020321.16	58243.4208982303
ENSMUSG00000020323.14	10.9105401381084
ENSMUSG00000020325.10	19.0199341560888
ENSMUSG00000020326.7	363.01879291176
ENSMUSG00000020327.4	258.770475967171
ENSMUSG00000020328.10	833.448166926835
ENSMUSG00000020329.12	672.824267880625
ENSMUSG00000020330.16	0
ENSMUSG00000020331.9	2255.13530244339
ENSMUSG00000020332.7	0
ENSMUSG00000020333.17	1643.07608913422
ENSMUSG00000020334.6	97.1453404853415
ENSMUSG00000020335.13	32.9010056861889
ENSMUSG00000020340.16	4572.98834985139
ENSMUSG00000020346.16	937.0919778929
ENSMUSG00000020349.4	3212.60139153133
ENSMUSG00000020354.15	0
ENSMUSG00000020357.3	4.70851729183465
ENSMUSG00000020358.17	6911.21557087759
ENSMUSG00000020359.13	22.6535556716736
ENSMUSG00000020361.13	2219.34532123685
ENSMUSG00000020362.13	295.405105087325
ENSMUSG00000020363.6	84.4704406580543
ENSMUSG00000020364.14	86.6165180319374
ENSMUSG00000020366.18	2443.74903306247
ENSMUSG00000020368.15	6569.29050346491
ENSMUSG00000020372.15	7522.42788903902
ENSMUSG00000020374.16	466.237751782634
ENSMUSG00000020375.9	1014.77895508748
ENSMUSG00000020376.17	1632.19679179271
ENSMUSG00000020377.15	182.83640381007
ENSMUSG00000020380.16	45.2665987060009
ENSMUSG00000020381.10	1789.28978664961
ENSMUSG00000020383.1	0
ENSMUSG00000020385.16	346.625719385089
ENSMUSG00000020386.5	2392.20366222265
ENSMUSG00000020387.15	351.699224952062
ENSMUSG00000020388.12	18.7675572796767
ENSMUSG00000020389.19	701.994365540745
ENSMUSG00000020390.12	5524.94231696817
ENSMUSG00000020392.8	2183.49772344438
ENSMUSG00000020393.16	127.705102756563
ENSMUSG00000020395.13	3.48009172890774
ENSMUSG00000020396.8	2189.52243327619
ENSMUSG00000020397.15	941.612944770394
ENSMUSG00000020399.14	129.984921772225
ENSMUSG00000020400.17	1340.79372977046
ENSMUSG00000020401.6	0
ENSMUSG00000020402.11	21471.4492245225
ENSMUSG00000020405.4	0
ENSMUSG00000020407.13	148.107834975051
ENSMUSG00000020409.10	1100.98113932838
ENSMUSG00000020411.2	7.71728287546673
ENSMUSG00000020412.16	138.607465459398
ENSMUSG00000020413.11	49.4778218138294
ENSMUSG00000020415.16	90.9379180348605
ENSMUSG00000020419.11	0
ENSMUSG00000020420.8	0
ENSMUSG00000020422.14	47.9596591072303
ENSMUSG00000020423.6	37.2642292130288
ENSMUSG00000020424.3	25.2925263960761
ENSMUSG00000020427.11	331.351269065271
ENSMUSG00000020428.13	24.8246959483219
ENSMUSG00000020429.7	0
ENSMUSG00000020430.12	980.176137728478
ENSMUSG00000020431.5	657.290230808257
ENSMUSG00000020432.12	220.641561002952
ENSMUSG00000020434.4	18.8100362468789
ENSMUSG00000020435.17	1126.64714355071
ENSMUSG00000020436.17	18189.3364183748
ENSMUSG00000020437.12	14.3552379296119
ENSMUSG00000020439.17	51.3993318335467
ENSMUSG00000020440.13	10068.3861861972
ENSMUSG00000020441.6	1024.01368280309
ENSMUSG00000020444.19	8166.74942537027
ENSMUSG00000020447.5	1.1070124972278
ENSMUSG00000020448.16	1022.02397547012
ENSMUSG00000020451.17	1775.04151082184
ENSMUSG00000020453.17	821.985962023628
ENSMUSG00000020454.17	970.413996649324
ENSMUSG00000020455.16	410.53075304357
ENSMUSG00000020456.17	2868.24743857297
ENSMUSG00000020457.13	3267.06579464787
ENSMUSG00000020458.16	13393.9331276832
ENSMUSG00000020459.14	478.099308916077
ENSMUSG00000020460.15	22476.1731802287
ENSMUSG00000020461.10	0
ENSMUSG00000020462.14	5126.49781325855
ENSMUSG00000020463.15	747.681290662111
ENSMUSG00000020464.15	43.9750633181784
ENSMUSG00000020467.15	185.009947378764
ENSMUSG00000020469.8	0
ENSMUSG00000020471.11	897.607512579998
ENSMUSG00000020472.14	54.9016774225684
ENSMUSG00000020473.13	85.5576025872141
ENSMUSG00000020474.11	100.72574624848
ENSMUSG00000020475.3	1650.7885654256
ENSMUSG00000020476.14	4070.30891896715
ENSMUSG00000020477.10	3153.37544264001
ENSMUSG00000020481.15	0
ENSMUSG00000020482.4	183.883770968338
ENSMUSG00000020483.14	27933.4194732111
ENSMUSG00000020484.19	2228.59062967978
ENSMUSG00000020485.14	5940.01750800116
ENSMUSG00000020486.19	4694.72267639504
ENSMUSG00000020490.16	0
ENSMUSG00000020491.15	253.423931454508
ENSMUSG00000020492.11	254.51764781652
ENSMUSG00000020493.8	6.06116496311181
ENSMUSG00000020495.13	340.99071740374
ENSMUSG00000020496.10	16461.8461942819
ENSMUSG00000020513.15	157.945913840541
ENSMUSG00000020514.8	2520.46161578454
ENSMUSG00000020515.13	1542.35215315768
ENSMUSG00000020516.15	495.112150886344
ENSMUSG00000020519.5	1564.82340196129
ENSMUSG00000020520.14	153.624888376638
ENSMUSG00000020521.7	240.046552483342
ENSMUSG00000020522.13	100.543127264571
ENSMUSG00000020523.14	648.176791312005
ENSMUSG00000020524.16	5399.39574500791
ENSMUSG00000020525.17	178.195085060767
ENSMUSG00000020526.12	1962.41938752076
ENSMUSG00000020527.14	21.3854913957807
ENSMUSG00000020528.14	1175.51755670861
ENSMUSG00000020530.14	2089.37382044618
ENSMUSG00000020532.18	219.879124404264
ENSMUSG00000020534.14	204.168211279629
ENSMUSG00000020536.12	194.552452534184
ENSMUSG00000020537.9	2147.5197548613
ENSMUSG00000020538.15	269.672058380381
ENSMUSG00000020541.12	109.861439604845
ENSMUSG00000020542.18	0
ENSMUSG00000020544.14	402.775860208163
ENSMUSG00000020545.14	0
ENSMUSG00000020546.14	134.343276291803
ENSMUSG00000020547.5	2407.35566949446
ENSMUSG00000020548.10	0
ENSMUSG00000020549.14	624.513322384078
ENSMUSG00000020553.8	30.1629381793713
ENSMUSG00000020561.8	126.224518798319
ENSMUSG00000020562.7	306.968903699748
ENSMUSG00000020564.17	859.545234349781
ENSMUSG00000020566.19	450.292221173459
ENSMUSG00000020570.15	321.240026407751
ENSMUSG00000020571.13	4147.73184615252
ENSMUSG00000020572.8	300.290404796671
ENSMUSG00000020573.17	0
ENSMUSG00000020576.10	197.920775577161
ENSMUSG00000020577.17	4301.30614054986
ENSMUSG00000020580.10	2480.26933414672
ENSMUSG00000020581.11	0
ENSMUSG00000020583.4	0
ENSMUSG00000020585.4	4295.31289199573
ENSMUSG00000020589.17	1691.60713872828
ENSMUSG00000020590.16	201.421779068028
ENSMUSG00000020591.11	917.988271842637
ENSMUSG00000020592.14	14.2507415429896
ENSMUSG00000020593.16	242.34160275249
ENSMUSG00000020594.14	481.769666467222
ENSMUSG00000020598.16	3553.91998663562
ENSMUSG00000020599.13	5768.27925716671
ENSMUSG00000020600.13	0
ENSMUSG00000020601.8	338.634117888947
ENSMUSG00000020604.13	290.09092698832
ENSMUSG00000020605.9	225.810168269458
ENSMUSG00000020607.7	739.666904708909
ENSMUSG00000020608.7	396.537912827539
ENSMUSG00000020609.14	0
ENSMUSG00000020610.17	966.353837612957
ENSMUSG00000020611.14	240.580645126078
ENSMUSG00000020612.16	9985.27716366582
ENSMUSG00000020614.13	66.1712132114921
ENSMUSG00000020617.13	0
ENSMUSG00000020620.14	85.4974266513098
ENSMUSG00000020621.6	1190.57037356326
ENSMUSG00000020622.17	0
ENSMUSG00000020623.11	264.05984085609
ENSMUSG00000020624.3	0
ENSMUSG00000020627.10	261.590505096232
ENSMUSG00000020628.16	1460.2235489347
ENSMUSG00000020629.12	1767.39411068522
ENSMUSG00000020630.9	454.452038800771
ENSMUSG00000020633.14	0
ENSMUSG00000020634.12	679.426079919326
ENSMUSG00000020635.8	1820.69444652713
ENSMUSG00000020636.14	0
ENSMUSG00000020638.8	467.887877070666
ENSMUSG00000020639.14	236.91624898767
ENSMUSG00000020640.10	314.5889624879
ENSMUSG00000020641.16	10.9474010200084
ENSMUSG00000020642.13	136.081043710551
ENSMUSG00000020644.9	2568.92259537025
ENSMUSG00000020646.17	203.533305217302
ENSMUSG00000020647.10	1058.64583905201
ENSMUSG00000020648.3	73.3941982151138
ENSMUSG00000020649.11	6.6205702012931
ENSMUSG00000020650.15	730.019840743697
ENSMUSG00000020651.8	5.96659386052356
ENSMUSG00000020652.17	82.1566946494834
ENSMUSG00000020653.12	28.3073470272007
ENSMUSG00000020654.15	690.274789907524
ENSMUSG00000020656.16	33.5115979237908
ENSMUSG00000020657.16	1673.92434008572
ENSMUSG00000020658.10	974.505741809724
ENSMUSG00000020659.16	131.518190885971
ENSMUSG00000020660.6	91.1153246840722
ENSMUSG00000020661.15	216.913555654289
ENSMUSG00000020664.10	2138.65781831708
ENSMUSG00000020668.10	2585.99143092402
ENSMUSG00000020669.15	334.673398962429
ENSMUSG00000020671.9	995.645379550361
ENSMUSG00000020672.14	69.2153727325285
ENSMUSG00000020673.14	0
ENSMUSG00000020674.17	178.11627580861
ENSMUSG00000020676.2	0
ENSMUSG00000020677.7	492.265061313077
ENSMUSG00000020679.11	24.1385716749893
ENSMUSG00000020680.15	2328.78203359284
ENSMUSG00000020681.14	239.592267863483
ENSMUSG00000020682.17	0
ENSMUSG00000020684.14	1473.29658374041
ENSMUSG00000020686.12	0
ENSMUSG00000020687.13	172.399905225133
ENSMUSG00000020689.4	17.5651621786503
ENSMUSG00000020690.12	0
ENSMUSG00000020691.13	564.212446504931
ENSMUSG00000020692.14	420.099631988325
ENSMUSG00000020694.17	1044.45755189063
ENSMUSG00000020695.14	20.9243090156341
ENSMUSG00000020696.18	106.125912264194
ENSMUSG00000020697.16	138.368197448692
ENSMUSG00000020698.11	0
ENSMUSG00000020700.11	109.292077871045
ENSMUSG00000020701.12	259.770432727805
ENSMUSG00000020702.13	0
ENSMUSG00000020703.3	0
ENSMUSG00000020704.13	1080.62466267888
ENSMUSG00000020705.6	1457.84956456706
ENSMUSG00000020706.13	1359.46949377862
ENSMUSG00000020707.6	16.3153566799898
ENSMUSG00000020708.12	13024.9309178666
ENSMUSG00000020709.15	54.7714626898957
ENSMUSG00000020712.11	0
ENSMUSG00000020713.6	0
ENSMUSG00000020715.9	10.0147052250761
ENSMUSG00000020716.16	172.264166041913
ENSMUSG00000020717.19	73.4710411374149
ENSMUSG00000020718.12	27.4931616205613
ENSMUSG00000020719.14	10346.0158878692
ENSMUSG00000020720.13	3881.60770227528
ENSMUSG00000020721.16	79.1309811751894
ENSMUSG00000020722.5	190.927258146552
ENSMUSG00000020723.3	1951.49814180899
ENSMUSG00000020728.17	133.087759073086
ENSMUSG00000020732.13	244.821706509178
ENSMUSG00000020733.3	125.90597336168
ENSMUSG00000020734.13	93.7377844800031
ENSMUSG00000020736.12	4029.6974969542
ENSMUSG00000020737.12	4861.39544303986
ENSMUSG00000020738.16	8637.03235462846
ENSMUSG00000020739.11	1416.99565975014
ENSMUSG00000020740.13	1212.50709276194
ENSMUSG00000020741.17	580.60152494872
ENSMUSG00000020743.15	309.202904108611
ENSMUSG00000020744.13	1552.61492806043
ENSMUSG00000020745.15	2516.45361130673
ENSMUSG00000020747.18	620.368174201721
ENSMUSG00000020752.11	295.399830329458
ENSMUSG00000020755.9	895.777327658028
ENSMUSG00000020758.15	15.5642810982459
ENSMUSG00000020766.4	393.889516204463
ENSMUSG00000020770.13	205.599949107328
ENSMUSG00000020773.11	0
ENSMUSG00000020774.9	11.3382012759514
ENSMUSG00000020775.13	2814.73189885239
ENSMUSG00000020776.18	1028.73883586974
ENSMUSG00000020777.16	1558.96551805137
ENSMUSG00000020778.12	3919.38492509958
ENSMUSG00000020780.15	3251.67935716102
ENSMUSG00000020781.14	238.355914557963
ENSMUSG00000020782.18	0
ENSMUSG00000020783.14	75.824581916877
ENSMUSG00000020785.17	2859.29093092616
ENSMUSG00000020787.14	29.0813007007587
ENSMUSG00000020788.15	318.749092231063
ENSMUSG00000020790.14	128.773350465205
ENSMUSG00000020792.15	2843.63086147351
ENSMUSG00000020793.5	0
ENSMUSG00000020794.13	399.624894643213
ENSMUSG00000020798.14	6.1699061252958
ENSMUSG00000020799.16	185.186917065785
ENSMUSG00000020801.8	858.496212977507
ENSMUSG00000020802.8	1378.86231274085
ENSMUSG00000020803.3	2128.56636380446
ENSMUSG00000020804.12	31.0958836669837
ENSMUSG00000020805.14	43.4957470071396
ENSMUSG00000020806.15	0
ENSMUSG00000020807.15	339.241339275367
ENSMUSG00000020808.3	0
ENSMUSG00000020810.5	5728.25601747332
ENSMUSG00000020811.16	1249.11828198175
ENSMUSG00000020812.18	160.232443346981
ENSMUSG00000020814.13	1036.55315556301
ENSMUSG00000020817.16	1160.49629476641
ENSMUSG00000020818.16	791.613250781387
ENSMUSG00000020821.17	358.837376867619
ENSMUSG00000020823.16	1994.24983584101
ENSMUSG00000020826.9	0
ENSMUSG00000020827.18	2545.82152799266
ENSMUSG00000020828.13	96.3737276806593
ENSMUSG00000020829.9	385.074740365197
ENSMUSG00000020830.3	0
ENSMUSG00000020831.18	3073.4166990187
ENSMUSG00000020832.14	727.716862731955
ENSMUSG00000020834.17	365.513753382915
ENSMUSG00000020836.15	611.726372966596
ENSMUSG00000020838.12	23.9888497016838
ENSMUSG00000020839.16	0
ENSMUSG00000020840.10	2353.42916683403
ENSMUSG00000020841.5	236.905324932916
ENSMUSG00000020843.15	2057.37773224426
ENSMUSG00000020844.6	196.42096528255
ENSMUSG00000020846.6	103.044392475898
ENSMUSG00000020847.15	73.9390588546792
ENSMUSG00000020848.7	1235.99658831501
ENSMUSG00000020849.13	28884.8240227969
ENSMUSG00000020850.14	484.966419427385
ENSMUSG00000020857.11	4963.72821137747
ENSMUSG00000020859.16	1058.29055757981
ENSMUSG00000020863.15	3155.68101121331
ENSMUSG00000020864.13	1416.64468547667
ENSMUSG00000020865.16	12.8242160499876
ENSMUSG00000020866.17	1013.21956187708
ENSMUSG00000020867.13	0
ENSMUSG00000020868.15	535.225436002495
ENSMUSG00000020869.8	2734.94272777246
ENSMUSG00000020870.7	8.66243209281906
ENSMUSG00000020871.8	23.8822621388657
ENSMUSG00000020872.4	0
ENSMUSG00000020873.15	2105.00742247474
ENSMUSG00000020875.9	0
ENSMUSG00000020876.14	591.432225852366
ENSMUSG00000020877.11	148.530595894047
ENSMUSG00000020878.6	55.1741857713136
ENSMUSG00000020882.17	3099.3935082046
ENSMUSG00000020883.18	208.13873064384
ENSMUSG00000020884.15	136.001859919374
ENSMUSG00000020886.17	10977.1195364287
ENSMUSG00000020887.3	27.890422674602
ENSMUSG00000020888.16	144.205668982018
ENSMUSG00000020889.11	2155.53170631087
ENSMUSG00000020890.11	0
ENSMUSG00000020891.11	31.4825327821201
ENSMUSG00000020892.10	438.821214603278
ENSMUSG00000020893.17	432.407109036844
ENSMUSG00000020894.16	39975.4632462867
ENSMUSG00000020895.14	544.453453227328
ENSMUSG00000020897.12	0
ENSMUSG00000020898.18	404.532198519993
ENSMUSG00000020899.16	39.9186496720126
ENSMUSG00000020900.15	3588.8804263357
ENSMUSG00000020901.13	70.9535146902966
ENSMUSG00000020902.12	265.917866511892
ENSMUSG00000020903.13	2873.58568080402
ENSMUSG00000020904.11	24.6463529515597
ENSMUSG00000020905.11	10.0090871397738
ENSMUSG00000020907.1	0
ENSMUSG00000020908.14	8.74514279310252
ENSMUSG00000020910.16	355.653139753046
ENSMUSG00000020911.14	0
ENSMUSG00000020912.4	24.9447981274505
ENSMUSG00000020913.3	0
ENSMUSG00000020914.17	0
ENSMUSG00000020916.8	0
ENSMUSG00000020917.17	2659.25297990284
ENSMUSG00000020918.14	1528.73138624658
ENSMUSG00000020919.11	452.943270781261
ENSMUSG00000020921.6	1289.91909589256
ENSMUSG00000020922.11	950.335147048512
ENSMUSG00000020923.17	3221.98871268606
ENSMUSG00000020925.16	394.437029828754
ENSMUSG00000020926.16	1259.64370237239
ENSMUSG00000020928.14	12.5506465073519
ENSMUSG00000020929.14	2684.15826416366
ENSMUSG00000020930.9	148.762029796916
ENSMUSG00000020932.14	415.761065613645
ENSMUSG00000020935.8	1268.04099205053
ENSMUSG00000020936.8	1821.51886933365
ENSMUSG00000020937.14	294.596912305008
ENSMUSG00000020940.13	304.210735932182
ENSMUSG00000020941.7	57.1441361709705
ENSMUSG00000020945.13	0
ENSMUSG00000020946.13	1482.62372895924
ENSMUSG00000020948.9	47.8500440206659
ENSMUSG00000020949.9	16966.5777556691
ENSMUSG00000020950.10	1355.46448561297
ENSMUSG00000020952.10	968.281496314922
ENSMUSG00000020953.17	935.318785325163
ENSMUSG00000020954.16	522.261235993726
ENSMUSG00000020955.9	2851.97740111441
ENSMUSG00000020956.14	243.846999920819
ENSMUSG00000020961.15	20.8570480499319
ENSMUSG00000020962.14	130.130055642534
ENSMUSG00000020963.15	3.06173164339851
ENSMUSG00000020964.14	1132.99629780874
ENSMUSG00000020973.7	26.9517966785173
ENSMUSG00000020974.6	0
ENSMUSG00000020978.10	3203.97859815147
ENSMUSG00000020982.9	361.965183436489
ENSMUSG00000020986.13	678.280240210343
ENSMUSG00000020988.9	234.996798932564
ENSMUSG00000020990.5	219.569848808374
ENSMUSG00000020992.5	0
ENSMUSG00000020993.9	3935.30564249867
ENSMUSG00000020994.5	608.018374243926
ENSMUSG00000021000.17	1154.35622691639
ENSMUSG00000021003.10	150.339276033944
ENSMUSG00000021007.14	614.899280275809
ENSMUSG00000021009.15	105.20092573076
ENSMUSG00000021010.9	41.939506166825
ENSMUSG00000021012.16	1950.80140559675
ENSMUSG00000021013.16	766.148810975061
ENSMUSG00000021018.8	1948.63822427428
ENSMUSG00000021022.9	403.863989696458
ENSMUSG00000021023.14	212.982300464024
ENSMUSG00000021024.14	7233.89785341718
ENSMUSG00000021025.8	388.896474103653
ENSMUSG00000021027.17	277.285406677755
ENSMUSG00000021028.8	240.017494497695
ENSMUSG00000021032.13	575.093148367767
ENSMUSG00000021033.11	1357.77167718869
ENSMUSG00000021036.10	898.523478965364
ENSMUSG00000021037.7	8789.41758127157
ENSMUSG00000021038.17	1423.06356641562
ENSMUSG00000021039.9	4050.05803110975
ENSMUSG00000021040.15	8144.09805450955
ENSMUSG00000021044.15	1072.44763315617
ENSMUSG00000021047.7	1574.47389920085
ENSMUSG00000021048.7	714.78643365817
ENSMUSG00000021051.10	1092.28393752985
ENSMUSG00000021054.6	315.322091408262
ENSMUSG00000021055.14	0
ENSMUSG00000021056.8	0
ENSMUSG00000021057.15	920.327798620429
ENSMUSG00000021061.15	307.773756842468
ENSMUSG00000021062.15	3455.46400927243
ENSMUSG00000021065.16	1474.32706543119
ENSMUSG00000021066.9	2577.6805349132
ENSMUSG00000021067.8	95.2920277788768
ENSMUSG00000021068.17	282.009155223076
ENSMUSG00000021069.17	66.3508670948247
ENSMUSG00000021070.6	18.3416752021794
ENSMUSG00000021071.17	2162.7952975866
ENSMUSG00000021072.12	1107.48656999256
ENSMUSG00000021076.6	4851.27486811842
ENSMUSG00000021078.5	0
ENSMUSG00000021079.16	3895.29632317219
ENSMUSG00000021081.12	0
ENSMUSG00000021086.5	0
ENSMUSG00000021087.18	61423.4505975089
ENSMUSG00000021090.16	0
ENSMUSG00000021091.8	2584.11761220621
ENSMUSG00000021094.10	1186.13835970305
ENSMUSG00000021095.5	0
ENSMUSG00000021096.11	4701.49122072087
ENSMUSG00000021097.15	75.0490052408982
ENSMUSG00000021098.14	0
ENSMUSG00000021099.6	4.53619813097995
ENSMUSG00000021101.2	0
ENSMUSG00000021102.4	3031.05268408412
ENSMUSG00000021103.12	785.222272999447
ENSMUSG00000021108.18	398.570411243562
ENSMUSG00000021109.13	259.168798215102
ENSMUSG00000021111.15	1444.96972947258
ENSMUSG00000021112.9	133.628187667579
ENSMUSG00000021113.5	704.532866172992
ENSMUSG00000021114.9	14930.0402484305
ENSMUSG00000021115.15	1131.33977414578
ENSMUSG00000021116.10	892.107469492243
ENSMUSG00000021118.7	56.8330190915646
ENSMUSG00000021120.11	255.927319053616
ENSMUSG00000021123.12	42.5314650881745
ENSMUSG00000021124.13	9127.58377507801
ENSMUSG00000021125.6	226.026714246276
ENSMUSG00000021127.7	16.7532864293019
ENSMUSG00000021130.8	2411.32278679591
ENSMUSG00000021131.14	6181.03792436007
ENSMUSG00000021133.9	276.142188741913
ENSMUSG00000021134.17	7252.72046793282
ENSMUSG00000021135.8	0
ENSMUSG00000021136.13	306.256998657195
ENSMUSG00000021139.17	1849.80795758362
ENSMUSG00000021140.9	532.638682259819
ENSMUSG00000021143.10	839.352368828918
ENSMUSG00000021144.14	673.449186235748
ENSMUSG00000021147.17	741.153169175625
ENSMUSG00000021148.11	0
ENSMUSG00000021149.8	1461.3427027385
ENSMUSG00000021156.17	1936.65203928188
ENSMUSG00000021171.8	209.478269449411
ENSMUSG00000021175.15	8.47385169617277
ENSMUSG00000021176.6	0
ENSMUSG00000021177.16	384.276722559595
ENSMUSG00000021178.9	9546.94300584666
ENSMUSG00000021179.8	258.934617692752
ENSMUSG00000021180.9	155.172577242659
ENSMUSG00000021182.16	237.645663729416
ENSMUSG00000021185.16	73.8554118068454
ENSMUSG00000021186.9	78.9798858921433
ENSMUSG00000021187.14	0
ENSMUSG00000021188.14	99.4279061204848
ENSMUSG00000021189.11	103.743438345425
ENSMUSG00000021190.14	5003.90323300878
ENSMUSG00000021192.16	678.411204021055
ENSMUSG00000021193.10	486.084730518387
ENSMUSG00000021194.6	19281.0587658555
ENSMUSG00000021196.14	5143.7597548888
ENSMUSG00000021198.16	130.649166724464
ENSMUSG00000021200.14	46.7589494317946
ENSMUSG00000021203.15	429.481990501046
ENSMUSG00000021207.9	0
ENSMUSG00000021208.9	14.7545901598484
ENSMUSG00000021209.12	365.494558258132
ENSMUSG00000021210.16	0
ENSMUSG00000021211.4	0
ENSMUSG00000021213.12	0
ENSMUSG00000021214.14	223.18212159981
ENSMUSG00000021215.15	73.5344942897456
ENSMUSG00000021216.7	0
ENSMUSG00000021217.7	100.234070149776
ENSMUSG00000021218.10	4802.6916951774
ENSMUSG00000021219.16	406.726216888456
ENSMUSG00000021221.15	28.8813592871679
ENSMUSG00000021222.9	658.727056124313
ENSMUSG00000021223.13	25.9573643684301
ENSMUSG00000021224.15	560.173761039052
ENSMUSG00000021226.7	150.485939271918
ENSMUSG00000021228.15	65.105462429651
ENSMUSG00000021234.9	300.91728948165
ENSMUSG00000021235.13	499.427620688114
ENSMUSG00000021236.16	134.084625886804
ENSMUSG00000021238.11	334.277604852884
ENSMUSG00000021239.12	3.58624232953568
ENSMUSG00000021240.6	177.783404254451
ENSMUSG00000021241.7	3964.08300478457
ENSMUSG00000021242.9	845.69696619553
ENSMUSG00000021243.14	2033.48779205549
ENSMUSG00000021244.15	854.870831320366
ENSMUSG00000021245.15	210.41424246077
ENSMUSG00000021248.9	2213.23815039743
ENSMUSG00000021250.13	194.924307358024
ENSMUSG00000021252.11	1957.75153892419
ENSMUSG00000021253.7	352.281914032662
ENSMUSG00000021254.9	389.926737313335
ENSMUSG00000021255.17	99.0002761942268
ENSMUSG00000021256.5	54.2870276789148
ENSMUSG00000021257.14	61.0498602846954
ENSMUSG00000021258.10	457.800823391531
ENSMUSG00000021259.5	7727.0647734792
ENSMUSG00000021260.8	167.29943284871
ENSMUSG00000021262.15	8223.653731722
ENSMUSG00000021263.11	0
ENSMUSG00000021264.12	573.86472280484
ENSMUSG00000021265.3	460.516012806534
ENSMUSG00000021266.16	2421.78032198914
ENSMUSG00000021268.17	423.99159179306
ENSMUSG00000021270.13	38511.7306100606
ENSMUSG00000021271.5	161.109301616326
ENSMUSG00000021273.11	2209.16597490083
ENSMUSG00000021275.16	239.984066890146
ENSMUSG00000021276.10	1600.15007839991
ENSMUSG00000021277.16	125.397661488165
ENSMUSG00000021278.7	585.317876348393
ENSMUSG00000021279.5	2036.41103789618
ENSMUSG00000021280.9	0
ENSMUSG00000021281.15	45.6279664372771
ENSMUSG00000021282.17	3365.78291934286
ENSMUSG00000021285.15	1075.73028039829
ENSMUSG00000021286.8	374.423880614394
ENSMUSG00000021287.12	347.211498412606
ENSMUSG00000021288.19	33823.3589918303
ENSMUSG00000021290.6	35760.7064564378
ENSMUSG00000021294.7	2.59708477731555
ENSMUSG00000021298.8	0
ENSMUSG00000021301.9	86.8133694986121
ENSMUSG00000021302.10	727.195441992734
ENSMUSG00000021303.14	918.604294896032
ENSMUSG00000021306.11	401.739822855254
ENSMUSG00000021311.9	35.3498042231094
ENSMUSG00000021313.16	112.720264734077
ENSMUSG00000021314.13	2865.78587449777
ENSMUSG00000021318.15	4.9852704161416
ENSMUSG00000021319.7	0
ENSMUSG00000021322.8	3.43299344712369
ENSMUSG00000021326.13	1200.57939827986
ENSMUSG00000021327.19	337.546050823821
ENSMUSG00000021335.13	0
ENSMUSG00000021336.17	0
ENSMUSG00000021337.8	124.918251542371
ENSMUSG00000021338.17	84.0055753108763
ENSMUSG00000021339.4	463.490882608843
ENSMUSG00000021340.13	185.781216856011
ENSMUSG00000021342.14	0
ENSMUSG00000021345.16	0
ENSMUSG00000021346.14	0
ENSMUSG00000021347.3	0
ENSMUSG00000021348.3	0
ENSMUSG00000021356.10	5.87629874508203
ENSMUSG00000021357.14	277.275044431531
ENSMUSG00000021359.16	16.9427407503285
ENSMUSG00000021360.16	752.212807055339
ENSMUSG00000021361.7	3461.91375846895
ENSMUSG00000021362.7	0
ENSMUSG00000021363.14	38.6867908347343
ENSMUSG00000021364.16	15.2639632272545
ENSMUSG00000021365.15	70.4887429778735
ENSMUSG00000021366.8	157.63464070321
ENSMUSG00000021367.8	0
ENSMUSG00000021368.15	879.38072722225
ENSMUSG00000021371.5	155.752831819629
ENSMUSG00000021373.16	3416.23341899202
ENSMUSG00000021374.10	112.004427031812
ENSMUSG00000021375.11	236.577915406134
ENSMUSG00000021376.11	140.186771661037
ENSMUSG00000021377.15	1142.25496481005
ENSMUSG00000021379.2	1398.07176364114
ENSMUSG00000021381.4	0
ENSMUSG00000021384.14	14.1427494588459
ENSMUSG00000021385.10	337.201225232602
ENSMUSG00000021388.14	0
ENSMUSG00000021390.6	5.23973846874954
ENSMUSG00000021391.10	132.45603659243
ENSMUSG00000021392.8	353.549416500025
ENSMUSG00000021395.11	1915.6974238172
ENSMUSG00000021396.5	0
ENSMUSG00000021400.8	3461.97646254324
ENSMUSG00000021403.3	0
ENSMUSG00000021404.12	0
ENSMUSG00000021408.15	11.4827733377299
ENSMUSG00000021411.16	220.792032054298
ENSMUSG00000021413.9	854.342887359877
ENSMUSG00000021414.8	0
ENSMUSG00000021415.13	0
ENSMUSG00000021416.11	0
ENSMUSG00000021417.15	1034.87409713567
ENSMUSG00000021418.15	492.573587830927
ENSMUSG00000021420.13	1634.8230906136
ENSMUSG00000021423.6	300.551552128472
ENSMUSG00000021427.10	1258.73581978754
ENSMUSG00000021428.9	399.122793875115
ENSMUSG00000021431.15	722.31563552235
ENSMUSG00000021432.15	246.933107812112
ENSMUSG00000021439.8	0
ENSMUSG00000021440.7	0
ENSMUSG00000021441.4	0
ENSMUSG00000021448.8	147.840726230513
ENSMUSG00000021451.16	750.324069199885
ENSMUSG00000021453.2	1273.92290888091
ENSMUSG00000021456.8	0
ENSMUSG00000021457.14	11.8678306620307
ENSMUSG00000021458.17	380.896851230162
ENSMUSG00000021460.17	6538.12102288046
ENSMUSG00000021461.17	94.6694502926299
ENSMUSG00000021464.14	4.88611121055649
ENSMUSG00000021466.12	257.474133995256
ENSMUSG00000021468.8	259.072697744848
ENSMUSG00000021469.9	12.3587264711093
ENSMUSG00000021470.19	79.1181532137493
ENSMUSG00000021474.9	1076.50794825047
ENSMUSG00000021476.9	6838.97832369572
ENSMUSG00000021477.9	7265.22517098704
ENSMUSG00000021478.6	1913.09478337775
ENSMUSG00000021481.11	621.648629476864
ENSMUSG00000021482.10	248.586635162911
ENSMUSG00000021483.8	581.916562660057
ENSMUSG00000021484.8	983.027628135232
ENSMUSG00000021485.14	155.019702899267
ENSMUSG00000021486.7	7637.02880782804
ENSMUSG00000021488.8	341.490820630397
ENSMUSG00000021490.11	0
ENSMUSG00000021492.15	0
ENSMUSG00000021493.15	3102.27418144334
ENSMUSG00000021494.9	894.200487171605
ENSMUSG00000021495.10	708.123946298205
ENSMUSG00000021496.12	1192.76323710307
ENSMUSG00000021497.10	3435.94968360974
ENSMUSG00000021499.12	0
ENSMUSG00000021500.17	891.608427459476
ENSMUSG00000021501.4	1083.74135792348
ENSMUSG00000021504.14	630.546865094454
ENSMUSG00000021506.7	0
ENSMUSG00000021508.11	3575.29096464437
ENSMUSG00000021509.5	0
ENSMUSG00000021510.11	38.8677868162225
ENSMUSG00000021514.18	371.165359927491
ENSMUSG00000021518.4	1467.66538957243
ENSMUSG00000021519.11	432.823908543103
ENSMUSG00000021520.4	28227.8234979208
ENSMUSG00000021532.11	222.825778933721
ENSMUSG00000021534.8	534.432505685249
ENSMUSG00000021536.7	884.085405489128
ENSMUSG00000021537.9	3697.23244247775
ENSMUSG00000021538.3	0
ENSMUSG00000021539.9	0
ENSMUSG00000021540.16	125.135296904549
ENSMUSG00000021541.14	239.327624834161
ENSMUSG00000021545.5	0
ENSMUSG00000021546.18	12120.3450878979
ENSMUSG00000021548.10	2394.70611347421
ENSMUSG00000021549.14	548.77160722541
ENSMUSG00000021550.6	345.061176263161
ENSMUSG00000021552.7	1400.37814371564
ENSMUSG00000021553.14	0
ENSMUSG00000021555.15	1478.21858827373
ENSMUSG00000021556.12	230.483104354378
ENSMUSG00000021557.15	3946.83211205542
ENSMUSG00000021559.14	571.388489284694
ENSMUSG00000021565.16	11.5452901425102
ENSMUSG00000021566.7	0
ENSMUSG00000021567.15	43.222520791939
ENSMUSG00000021569.10	14.2179069555563
ENSMUSG00000021572.9	117.653879977022
ENSMUSG00000021573.15	3158.41299246105
ENSMUSG00000021575.16	0.692366590335071
ENSMUSG00000021576.6	4599.32868036792
ENSMUSG00000021577.14	5839.89264718734
ENSMUSG00000021578.17	1000.33510746802
ENSMUSG00000021579.4	10.3379323994668
ENSMUSG00000021583.7	344.982429434175
ENSMUSG00000021585.10	75.144731172132
ENSMUSG00000021587.5	185.54522606173
ENSMUSG00000021589.13	51.2511392279067
ENSMUSG00000021590.7	24.2505588420146
ENSMUSG00000021591.8	2857.29769668408
ENSMUSG00000021592.18	75.7080378584398
ENSMUSG00000021594.11	111.087149759876
ENSMUSG00000021595.18	1396.78918597821
ENSMUSG00000021596.16	889.390875555914
ENSMUSG00000021597.16	49.958885973629
ENSMUSG00000021598.9	2141.606844927
ENSMUSG00000021600.5	0
ENSMUSG00000021604.15	0
ENSMUSG00000021606.8	16458.0785814319
ENSMUSG00000021607.9	2191.72160155618
ENSMUSG00000021608.15	460.398064226772
ENSMUSG00000021609.6	18.7433370897069
ENSMUSG00000021610.8	5280.24842189961
ENSMUSG00000021611.9	0
ENSMUSG00000021612.15	0
ENSMUSG00000021613.9	302.061755880893
ENSMUSG00000021614.16	4.04467809020112
ENSMUSG00000021615.13	558.589554618566
ENSMUSG00000021619.6	766.790084200731
ENSMUSG00000021620.4	0
ENSMUSG00000021621.15	604.450952500153
ENSMUSG00000021622.3	0
ENSMUSG00000021624.9	6.33283059906171
ENSMUSG00000021629.10	795.197401934727
ENSMUSG00000021631.8	0
ENSMUSG00000021635.14	106.657570403299
ENSMUSG00000021636.15	13.9437756043904
ENSMUSG00000021638.12	25.3632518477147
ENSMUSG00000021639.17	328.678090443694
ENSMUSG00000021640.6	0
ENSMUSG00000021643.15	1370.19176563593
ENSMUSG00000021645.16	2206.09843790262
ENSMUSG00000021646.9	330.407649215584
ENSMUSG00000021647.7	2345.05459918978
ENSMUSG00000021650.7	1141.09963677922
ENSMUSG00000021660.14	14726.8824810041
ENSMUSG00000021661.16	973.585187321362
ENSMUSG00000021662.11	181.075727087922
ENSMUSG00000021665.9	3108.36443560368
ENSMUSG00000021666.16	262.873644567686
ENSMUSG00000021668.15	41.4164000020134
ENSMUSG00000021669.15	449.457498543881
ENSMUSG00000021670.14	575.192838170297
ENSMUSG00000021671.9	843.183029080688
ENSMUSG00000021675.4	1.34503204453408
ENSMUSG00000021676.10	158.682850574274
ENSMUSG00000021678.9	0
ENSMUSG00000021679.4	0
ENSMUSG00000021680.8	1765.74901046237
ENSMUSG00000021681.8	1160.92092838051
ENSMUSG00000021684.17	1479.52320131567
ENSMUSG00000021685.11	69.4967139598323
ENSMUSG00000021686.6	795.087193828047
ENSMUSG00000021687.14	3967.78295091831
ENSMUSG00000021690.10	151.892614196852
ENSMUSG00000021692.9	343.127150397854
ENSMUSG00000021693.20	461.388969627752
ENSMUSG00000021694.18	243.770687595463
ENSMUSG00000021696.9	45.4020569849557
ENSMUSG00000021697.12	0
ENSMUSG00000021699.17	266.391845641894
ENSMUSG00000021700.10	2071.44229668265
ENSMUSG00000021701.8	3898.64211145079
ENSMUSG00000021702.7	0
ENSMUSG00000021703.9	149.868012311838
ENSMUSG00000021704.8	302.713016813766
ENSMUSG00000021706.14	31.6698647153658
ENSMUSG00000021707.5	23.0222581254278
ENSMUSG00000021708.17	544.688289192963
ENSMUSG00000021709.14	204.954805645117
ENSMUSG00000021710.11	299.746105965636
ENSMUSG00000021711.17	682.598019669404
ENSMUSG00000021712.15	392.272100657524
ENSMUSG00000021713.9	121.81310458422
ENSMUSG00000021714.15	0
ENSMUSG00000021715.12	988.076414126874
ENSMUSG00000021716.14	739.894281105726
ENSMUSG00000021718.5	0
ENSMUSG00000021719.9	2795.02318743825
ENSMUSG00000021720.11	224.741452387041
ENSMUSG00000021721.5	206.941391819585
ENSMUSG00000021725.9	147.594498036349
ENSMUSG00000021728.8	442.11278835871
ENSMUSG00000021730.8	126.743036860134
ENSMUSG00000021731.10	383.869941972125
ENSMUSG00000021732.14	58.6278412877157
ENSMUSG00000021733.11	84.7442911049551
ENSMUSG00000021737.4	5594.13877548018
ENSMUSG00000021738.5	5.18343276938676
ENSMUSG00000021741.4	0
ENSMUSG00000021743.6	34.8426783898243
ENSMUSG00000021745.14	173.817847532256
ENSMUSG00000021747.12	139.517220739346
ENSMUSG00000021748.9	6431.25705026548
ENSMUSG00000021749.6	0
ENSMUSG00000021750.16	508.222982921502
ENSMUSG00000021751.13	0
ENSMUSG00000021752.13	742.163394547729
ENSMUSG00000021754.17	14.5101410260295
ENSMUSG00000021756.12	403.036851482038
ENSMUSG00000021758.14	17.5887269253349
ENSMUSG00000021759.14	1369.0156194779
ENSMUSG00000021760.5	79.5522439381049
ENSMUSG00000021763.17	9.43941329012336
ENSMUSG00000021764.8	21204.7362428824
ENSMUSG00000021765.9	205.079776831507
ENSMUSG00000021767.19	139.244275428411
ENSMUSG00000021768.15	0
ENSMUSG00000021770.11	297.826562275774
ENSMUSG00000021771.14	8182.27762587624
ENSMUSG00000021772.15	4370.19891033969
ENSMUSG00000021773.11	2169.09342090312
ENSMUSG00000021774.13	5082.99420093198
ENSMUSG00000021775.11	780.834236262522
ENSMUSG00000021779.17	121.415749895424
ENSMUSG00000021782.14	282.460318684434
ENSMUSG00000021785.8	526.484319503859
ENSMUSG00000021786.13	61.9241592040691
ENSMUSG00000021789.14	0
ENSMUSG00000021790.12	0
ENSMUSG00000021791.7	107.105924822006
ENSMUSG00000021792.15	2897.52296896726
ENSMUSG00000021794.16	1683.45910476805
ENSMUSG00000021795.10	0
ENSMUSG00000021796.15	112.737493529004
ENSMUSG00000021797.2	0
ENSMUSG00000021798.14	61.4042990440988
ENSMUSG00000021799.9	40.8756280800847
ENSMUSG00000021803.10	632.908895425039
ENSMUSG00000021804.6	0
ENSMUSG00000021806.4	0
ENSMUSG00000021807.6	3277.9433753522
ENSMUSG00000021809.10	298.38531207067
ENSMUSG00000021810.3	674.902865807711
ENSMUSG00000021811.7	3117.23448716
ENSMUSG00000021814.17	2236.43519339893
ENSMUSG00000021815.4	0
ENSMUSG00000021816.11	2212.98237145825
ENSMUSG00000021819.11	1541.67273937512
ENSMUSG00000021820.18	3112.06344538987
ENSMUSG00000021822.3	31.714653339859
ENSMUSG00000021823.10	205.428722351948
ENSMUSG00000021824.13	400.807813715192
ENSMUSG00000021830.14	881.615289439644
ENSMUSG00000021831.9	626.523129977796
ENSMUSG00000021832.8	3363.63010026661
ENSMUSG00000021835.15	22.1968053365989
ENSMUSG00000021838.17	148.759283177435
ENSMUSG00000021840.17	370.2975530178
ENSMUSG00000021843.17	721.777891124168
ENSMUSG00000021846.9	398.036068908145
ENSMUSG00000021848.16	209.422775251259
ENSMUSG00000021850.14	0
ENSMUSG00000021852.14	396.457855111982
ENSMUSG00000021866.15	652.233579497191
ENSMUSG00000021867.16	164.53165191296
ENSMUSG00000021868.7	2279.66923126574
ENSMUSG00000021870.17	1752.32534471063
ENSMUSG00000021871.19	173.772778003498
ENSMUSG00000021872.8	0
ENSMUSG00000021874.12	0
ENSMUSG00000021876.15	585.474527293572
ENSMUSG00000021877.12	2241.14249343895
ENSMUSG00000021879.13	0
ENSMUSG00000021880.7	0
ENSMUSG00000021884.18	72.0697033935181
ENSMUSG00000021886.7	0
ENSMUSG00000021890.6	130.069723648705
ENSMUSG00000021891.8	462.154371327017
ENSMUSG00000021892.14	1103.31704556231
ENSMUSG00000021893.14	711.181245896531
ENSMUSG00000021895.10	861.637971124878
ENSMUSG00000021898.16	0
ENSMUSG00000021900.10	186.004379688851
ENSMUSG00000021901.10	1866.18648651167
ENSMUSG00000021902.7	189.686004622185
ENSMUSG00000021903.11	25.9553668269893
ENSMUSG00000021904.6	23.2268500651855
ENSMUSG00000021905.14	1672.51204707548
ENSMUSG00000021906.14	579.607623235578
ENSMUSG00000021907.13	0
ENSMUSG00000021908.10	196.851716367309
ENSMUSG00000021910.15	4491.42682891651
ENSMUSG00000021911.16	445.274241016224
ENSMUSG00000021913.8	1333.82483828043
ENSMUSG00000021916.16	708.141736901662
ENSMUSG00000021917.16	10093.0973031877
ENSMUSG00000021918.10	181.024602511672
ENSMUSG00000021919.8	46.4126881076645
ENSMUSG00000021922.17	0
ENSMUSG00000021927.7	0
ENSMUSG00000021928.9	101.555350178115
ENSMUSG00000021929.9	650.617537259993
ENSMUSG00000021930.14	1130.28416712906
ENSMUSG00000021932.13	656.227663608087
ENSMUSG00000021933.11	0
ENSMUSG00000021936.14	428.757881728753
ENSMUSG00000021938.12	2353.3153069719
ENSMUSG00000021939.8	18176.101239385
ENSMUSG00000021940.10	0
ENSMUSG00000021943.7	67.7710254244842
ENSMUSG00000021944.15	0
ENSMUSG00000021945.9	220.779765901388
ENSMUSG00000021947.11	825.368236645106
ENSMUSG00000021948.17	1362.69199629642
ENSMUSG00000021950.15	0
ENSMUSG00000021951.7	3213.99342822289
ENSMUSG00000021952.16	36.0501297676227
ENSMUSG00000021953.14	0
ENSMUSG00000021957.7	5368.64699658943
ENSMUSG00000021958.5	248.740477065439
ENSMUSG00000021959.16	104.726228734303
ENSMUSG00000021961.6	0
ENSMUSG00000021962.9	107.639143540361
ENSMUSG00000021963.17	11330.5048736263
ENSMUSG00000021965.3	0
ENSMUSG00000021966.7	0
ENSMUSG00000021967.4	2664.49555862582
ENSMUSG00000021969.8	212.192522516864
ENSMUSG00000021972.14	556.734025889566
ENSMUSG00000021973.9	846.15443439706
ENSMUSG00000021974.15	934.368517407868
ENSMUSG00000021975.9	157.464319083796
ENSMUSG00000021977.11	0
ENSMUSG00000021978.9	918.123105889892
ENSMUSG00000021981.10	567.049361101483
ENSMUSG00000021982.14	1695.31173538818
ENSMUSG00000021983.16	276.605587144595
ENSMUSG00000021986.9	197.537996698567
ENSMUSG00000021987.9	850.605362477785
ENSMUSG00000021990.16	302.561141241095
ENSMUSG00000021991.9	4221.23528491518
ENSMUSG00000021993.10	517.092160553445
ENSMUSG00000021994.15	142.339996487888
ENSMUSG00000021996.16	3358.3669531091
ENSMUSG00000021997.4	0
ENSMUSG00000021998.16	133.386828480677
ENSMUSG00000021999.9	0
ENSMUSG00000022000.11	1100.92255518331
ENSMUSG00000022002.2	0
ENSMUSG00000022003.7	148.798110389191
ENSMUSG00000022008.4	407.751923206726
ENSMUSG00000022009.1	352.87062694917
ENSMUSG00000022010.19	14071.4928796651
ENSMUSG00000022012.9	789.174970548616
ENSMUSG00000022013.4	4107.93966582298
ENSMUSG00000022014.15	0
ENSMUSG00000022015.8	0
ENSMUSG00000022016.17	254.43103566811
ENSMUSG00000022018.7	407.138646772813
ENSMUSG00000022019.16	345.055339696764
ENSMUSG00000022020.15	24.6101163013601
ENSMUSG00000022021.14	34.2940099368873
ENSMUSG00000022022.3	345.755321913842
ENSMUSG00000022023.6	1501.23329319559
ENSMUSG00000022024.10	3213.52697108488
ENSMUSG00000022025.13	0
ENSMUSG00000022026.7	86.2992834818691
ENSMUSG00000022031.6	1840.7692074103
ENSMUSG00000022032.14	8.72938094267114
ENSMUSG00000022033.9	0
ENSMUSG00000022034.10	0
ENSMUSG00000022035.6	1289.40569653069
ENSMUSG00000022037.15	13443.6290248415
ENSMUSG00000022039.6	0
ENSMUSG00000022040.8	297.586451552272
ENSMUSG00000022041.10	34.5514430900715
ENSMUSG00000022043.19	1982.50207614653
ENSMUSG00000022044.14	13267.755082935
ENSMUSG00000022048.8	1981.78355424795
ENSMUSG00000022051.15	1565.09650333015
ENSMUSG00000022052.9	2031.0359972064
ENSMUSG00000022053.13	8.20521358396911
ENSMUSG00000022054.11	9114.3949452919
ENSMUSG00000022055.7	5701.68334791795
ENSMUSG00000022056.9	0
ENSMUSG00000022057.8	0
ENSMUSG00000022061.8	11.4685720665492
ENSMUSG00000022064.10	178.264000240475
ENSMUSG00000022066.16	941.918943149858
ENSMUSG00000022070.7	12.2972708602194
ENSMUSG00000022074.6	0
ENSMUSG00000022075.7	1193.64952127109
ENSMUSG00000022076.10	56.8180687423436
ENSMUSG00000022085.4	24.9473886890065
ENSMUSG00000022089.9	562.41724976976
ENSMUSG00000022090.10	93.6249546001824
ENSMUSG00000022091.6	67.8204957867292
ENSMUSG00000022092.11	397.980918037428
ENSMUSG00000022094.15	334.147514966552
ENSMUSG00000022095.9	911.934098274568
ENSMUSG00000022096.14	91.1848016723103
ENSMUSG00000022097.4	120.671416016043
ENSMUSG00000022098.10	133.926351939205
ENSMUSG00000022099.17	9637.50535487907
ENSMUSG00000022100.14	559.344344378927
ENSMUSG00000022101.6	0
ENSMUSG00000022102.13	13.3726660218294
ENSMUSG00000022103.10	1143.68395601827
ENSMUSG00000022105.6	93.364337865327
ENSMUSG00000022106.14	296.859471314158
ENSMUSG00000022108.8	29984.0265699534
ENSMUSG00000022109.6	1930.90941975541
ENSMUSG00000022110.13	6014.73417228484
ENSMUSG00000022111.9	2410.87171696931
ENSMUSG00000022112.14	189.82102593895
ENSMUSG00000022113.6	0
ENSMUSG00000022114.5	1029.57989445107
ENSMUSG00000022116.7	0
ENSMUSG00000022119.15	312.352589998575
ENSMUSG00000022120.4	187.530563772798
ENSMUSG00000022122.15	26.5286924320862
ENSMUSG00000022123.9	31.284557698385
ENSMUSG00000022124.15	758.513895472443
ENSMUSG00000022125.7	135.034612899833
ENSMUSG00000022126.6	0
ENSMUSG00000022129.4	0
ENSMUSG00000022130.10	36.88404089599
ENSMUSG00000022131.3	774.136916773683
ENSMUSG00000022132.15	276.62902704494
ENSMUSG00000022136.8	389.51892674356
ENSMUSG00000022139.17	1679.04528726191
ENSMUSG00000022141.7	46.2494203064634
ENSMUSG00000022142.8	185.991239611561
ENSMUSG00000022144.4	7.2188338628151
ENSMUSG00000022146.12	4.77989818675853
ENSMUSG00000022148.16	93.5592854253159
ENSMUSG00000022149.18	0
ENSMUSG00000022150.16	27.4029601398748
ENSMUSG00000022151.16	1493.24528103172
ENSMUSG00000022155.9	0
ENSMUSG00000022156.8	0
ENSMUSG00000022157.8	0
ENSMUSG00000022159.16	1284.49470968688
ENSMUSG00000022160.18	1574.92671687622
ENSMUSG00000022174.8	7823.5925303319
ENSMUSG00000022175.9	462.110550261659
ENSMUSG00000022176.11	1207.46767024581
ENSMUSG00000022177.9	321.006282847591
ENSMUSG00000022178.11	0
ENSMUSG00000022179.5	110.585954127743
ENSMUSG00000022180.7	800.691920571934
ENSMUSG00000022181.16	0
ENSMUSG00000022184.8	196.955463675891
ENSMUSG00000022185.19	2644.54817222108
ENSMUSG00000022186.14	2597.27160986344
ENSMUSG00000022187.2	0
ENSMUSG00000022191.16	1538.45519949934
ENSMUSG00000022193.7	11341.7150449806
ENSMUSG00000022194.15	5312.84817336726
ENSMUSG00000022195.7	344.901279313142
ENSMUSG00000022197.16	174.508060523226
ENSMUSG00000022199.12	29021.9007784926
ENSMUSG00000022200.8	962.018361185193
ENSMUSG00000022201.16	3373.02488099017
ENSMUSG00000022203.7	172.778002365976
ENSMUSG00000022204.9	1962.23670611368
ENSMUSG00000022205.15	18740.8854509157
ENSMUSG00000022206.7	42.186639496955
ENSMUSG00000022208.12	3216.55293425185
ENSMUSG00000022209.12	0
ENSMUSG00000022210.7	397.328876814929
ENSMUSG00000022211.9	245.905778491422
ENSMUSG00000022212.15	2935.89499096714
ENSMUSG00000022214.15	1959.48821393747
ENSMUSG00000022215.6	0
ENSMUSG00000022216.17	4505.19313544852
ENSMUSG00000022217.14	5338.28995356287
ENSMUSG00000022218.16	0
ENSMUSG00000022219.10	45.3185659950469
ENSMUSG00000022220.14	10.6112522494224
ENSMUSG00000022221.14	0
ENSMUSG00000022223.9	7890.72409280264
ENSMUSG00000022225.7	0
ENSMUSG00000022226.6	0
ENSMUSG00000022227.5	0
ENSMUSG00000022228.14	575.448180147286
ENSMUSG00000022229.3	0
ENSMUSG00000022231.10	124.524392551097
ENSMUSG00000022234.15	6249.52569262278
ENSMUSG00000022235.15	254.40625366961
ENSMUSG00000022236.10	110.406393879166
ENSMUSG00000022237.17	194.467151272344
ENSMUSG00000022240.10	2524.81581916331
ENSMUSG00000022241.6	899.129576734724
ENSMUSG00000022243.10	0
ENSMUSG00000022244.7	130.408868731452
ENSMUSG00000022245.15	94.6985707014467
ENSMUSG00000022246.14	17.0438662857695
ENSMUSG00000022247.12	714.201185227598
ENSMUSG00000022248.14	143.000371203585
ENSMUSG00000022249.14	0
ENSMUSG00000022253.15	261.286629104549
ENSMUSG00000022255.16	518.906583624984
ENSMUSG00000022257.4	3745.59282712496
ENSMUSG00000022261.6	923.324953494436
ENSMUSG00000022262.8	6.72715776411122
ENSMUSG00000022263.10	629.210228966288
ENSMUSG00000022265.7	3411.16802843715
ENSMUSG00000022269.13	608.582866970464
ENSMUSG00000022270.16	869.347388680921
ENSMUSG00000022272.17	49.5895904997596
ENSMUSG00000022280.9	240.379267979576
ENSMUSG00000022283.15	3166.89489674616
ENSMUSG00000022285.17	25040.4351680901
ENSMUSG00000022286.16	0
ENSMUSG00000022288.1	0
ENSMUSG00000022292.16	578.793874791129
ENSMUSG00000022295.8	8817.56559315728
ENSMUSG00000022296.9	1093.56039772211
ENSMUSG00000022297.15	0
ENSMUSG00000022299.9	59.9163803633769
ENSMUSG00000022300.10	824.540567833742
ENSMUSG00000022303.9	0
ENSMUSG00000022304.13	9.65427384135027
ENSMUSG00000022305.13	849.156988875274
ENSMUSG00000022306.9	80.200258866137
ENSMUSG00000022307.16	3436.50718494124
ENSMUSG00000022309.9	26.0068659422601
ENSMUSG00000022311.15	25.3898753297305
ENSMUSG00000022312.11	6788.94406174429
ENSMUSG00000022313.10	419.906588335022
ENSMUSG00000022314.10	716.990158829571
ENSMUSG00000022315.3	0
ENSMUSG00000022321.15	603.61551200412
ENSMUSG00000022322.8	34.6020058577919
ENSMUSG00000022323.11	1978.05639161208
ENSMUSG00000022324.15	518.880521951498
ENSMUSG00000022325.14	35.833209251785
ENSMUSG00000022329.15	64.0474209093079
ENSMUSG00000022330.5	0
ENSMUSG00000022332.8	5819.53370482263
ENSMUSG00000022335.17	41.7163745455698
ENSMUSG00000022336.3	1840.48920828116
ENSMUSG00000022337.7	3545.14029261791
ENSMUSG00000022338.8	2500.84981634186
ENSMUSG00000022339.9	777.773753082524
ENSMUSG00000022340.15	1822.18367609442
ENSMUSG00000022342.6	133.386048191051
ENSMUSG00000022346.16	105.996134493712
ENSMUSG00000022347.8	0
ENSMUSG00000022350.7	338.67990528416
ENSMUSG00000022351.14	659.055807749251
ENSMUSG00000022353.10	621.129892933955
ENSMUSG00000022354.4	29269.0446269267
ENSMUSG00000022357.2	6.123432075212
ENSMUSG00000022358.7	173.704330997566
ENSMUSG00000022359.10	1070.0449653419
ENSMUSG00000022360.8	75.1193561535167
ENSMUSG00000022361.14	582.413170189193
ENSMUSG00000022362.13	0
ENSMUSG00000022364.14	87.2880040718991
ENSMUSG00000022365.6	1110.79615283254
ENSMUSG00000022366.12	0
ENSMUSG00000022367.7	0
ENSMUSG00000022369.13	5.23121770604109
ENSMUSG00000022370.13	5294.46907547465
ENSMUSG00000022371.16	76.7144554171719
ENSMUSG00000022372.14	303.312123188083
ENSMUSG00000022375.6	142.648803910003
ENSMUSG00000022376.8	168.911823330462
ENSMUSG00000022377.16	732.448102057679
ENSMUSG00000022378.14	3123.11041136607
ENSMUSG00000022382.15	237.902254169804
ENSMUSG00000022383.13	0
ENSMUSG00000022385.11	1.90662209366625
ENSMUSG00000022386.12	429.093780806659
ENSMUSG00000022387.17	356.192257460969
ENSMUSG00000022388.14	0
ENSMUSG00000022389.15	4005.8881762895
ENSMUSG00000022390.11	797.755597077117
ENSMUSG00000022391.16	6061.71662787691
ENSMUSG00000022394.14	743.321781313888
ENSMUSG00000022400.9	5393.6496609955
ENSMUSG00000022401.12	61.8876728611893
ENSMUSG00000022403.15	3711.6683935662
ENSMUSG00000022404.8	867.639084998425
ENSMUSG00000022407.10	1143.8094578016
ENSMUSG00000022408.7	0
ENSMUSG00000022412.14	216.027646025291
ENSMUSG00000022414.8	665.535332797872
ENSMUSG00000022415.12	8922.46311107013
ENSMUSG00000022416.15	407.785756564879
ENSMUSG00000022419.16	106.106654716241
ENSMUSG00000022420.16	2298.4882564491
ENSMUSG00000022421.19	3495.94858740389
ENSMUSG00000022422.13	0
ENSMUSG00000022425.16	1048.53690605178
ENSMUSG00000022426.6	1517.47873592515
ENSMUSG00000022427.4	5663.53274090215
ENSMUSG00000022428.8	3022.1120319225
ENSMUSG00000022429.11	0
ENSMUSG00000022431.3	14.7848653973107
ENSMUSG00000022432.7	4.90078065551242
ENSMUSG00000022433.20	2059.04664690647
ENSMUSG00000022434.8	568.4256671542
ENSMUSG00000022435.6	0
ENSMUSG00000022436.16	467.719365723183
ENSMUSG00000022437.7	2388.99639095834
ENSMUSG00000022438.6	207.012273329149
ENSMUSG00000022439.9	128.654403114722
ENSMUSG00000022440.9	13.9169336412796
ENSMUSG00000022441.17	43.7769945996883
ENSMUSG00000022442.16	1461.40035053602
ENSMUSG00000022443.17	142.284720770831
ENSMUSG00000022445.7	0
ENSMUSG00000022449.14	26.0883593907281
ENSMUSG00000022450.6	26012.4613679516
ENSMUSG00000022451.12	648.835293332602
ENSMUSG00000022452.16	15459.619602339
ENSMUSG00000022453.8	1090.47457073509
ENSMUSG00000022454.17	5594.99656347108
ENSMUSG00000022455.4	0
ENSMUSG00000022456.18	4522.36328380725
ENSMUSG00000022462.7	654.388895500238
ENSMUSG00000022463.8	1698.84757100792
ENSMUSG00000022464.14	21.4814045965245
ENSMUSG00000022466.6	853.199013980749
ENSMUSG00000022468.12	10.5008880848177
ENSMUSG00000022469.17	290.128693006186
ENSMUSG00000022471.14	800.662269566173
ENSMUSG00000022472.16	2087.11113659069
ENSMUSG00000022474.15	7867.98239561489
ENSMUSG00000022475.19	153.114422903757
ENSMUSG00000022476.8	1423.88034238381
ENSMUSG00000022477.13	6485.74788959452
ENSMUSG00000022479.15	20.0028493913064
ENSMUSG00000022483.17	0
ENSMUSG00000022484.7	0
ENSMUSG00000022485.3	49.7429330169266
ENSMUSG00000022487.14	0
ENSMUSG00000022488.9	126.706269612989
ENSMUSG00000022489.6	12589.6652333932
ENSMUSG00000022490.7	5885.86684373716
ENSMUSG00000022491.5	0
ENSMUSG00000022494.15	1030.89455762339
ENSMUSG00000022496.5	0
ENSMUSG00000022498.16	430.142490063083
ENSMUSG00000022500.15	78.875264659181
ENSMUSG00000022501.6	0
ENSMUSG00000022503.10	496.513800746091
ENSMUSG00000022504.10	0
ENSMUSG00000022505.9	21.2480355753851
ENSMUSG00000022507.6	437.65043683787
ENSMUSG00000022508.5	237.32340411416
ENSMUSG00000022510.14	0
ENSMUSG00000022512.3	32.2968742466845
ENSMUSG00000022514.14	78.8944597839638
ENSMUSG00000022515.6	945.597634194201
ENSMUSG00000022516.10	2805.56533723845
ENSMUSG00000022517.17	3843.79012287156
ENSMUSG00000022518.16	0
ENSMUSG00000022519.14	76.6348346638047
ENSMUSG00000022521.10	142.703299337435
ENSMUSG00000022523.10	5126.29437614743
ENSMUSG00000022525.13	844.834028293101
ENSMUSG00000022526.8	620.869619526534
ENSMUSG00000022528.8	21.3426066779733
ENSMUSG00000022529.11	149.260510021153
ENSMUSG00000022533.14	131.710766365499
ENSMUSG00000022534.14	0
ENSMUSG00000022536.14	4321.88759030413
ENSMUSG00000022537.18	601.983146107959
ENSMUSG00000022538.20	477.619430796508
ENSMUSG00000022540.16	8023.648022266
ENSMUSG00000022542.7	0
ENSMUSG00000022543.9	190.51454735793
ENSMUSG00000022544.14	111.691125141455
ENSMUSG00000022545.13	233.49205720752
ENSMUSG00000022546.5	179.163580543709
ENSMUSG00000022548.14	611.608986195363
ENSMUSG00000022550.18	511.309621409741
ENSMUSG00000022551.8	12438.0094527035
ENSMUSG00000022552.16	3741.94203923762
ENSMUSG00000022553.16	2495.65686403904
ENSMUSG00000022554.7	194.846840204023
ENSMUSG00000022555.12	742.59857767756
ENSMUSG00000022556.11	1423.704184198
ENSMUSG00000022557.11	1072.21707317768
ENSMUSG00000022558.16	2322.70039382996
ENSMUSG00000022559.8	1437.82736399304
ENSMUSG00000022560.9	337.865875935446
ENSMUSG00000022561.13	1272.52163356019
ENSMUSG00000022562.15	140.927172880707
ENSMUSG00000022564.7	26531.6360278803
ENSMUSG00000022565.15	69.2409974438238
ENSMUSG00000022568.17	158.815593445333
ENSMUSG00000022570.7	1411.21689720822
ENSMUSG00000022571.9	1829.39776579631
ENSMUSG00000022574.7	38.5076987599318
ENSMUSG00000022575.5	30.6905076008397
ENSMUSG00000022577.17	18742.2590415606
ENSMUSG00000022579.10	0
ENSMUSG00000022580.13	145.824270569188
ENSMUSG00000022582.4	0
ENSMUSG00000022583.12	0
ENSMUSG00000022584.14	0
ENSMUSG00000022586.11	0
ENSMUSG00000022587.14	7743.33172099084
ENSMUSG00000022589.8	0
ENSMUSG00000022591.5	8.30303069139867
ENSMUSG00000022594.14	6482.45690885921
ENSMUSG00000022595.7	0
ENSMUSG00000022596.3	0
ENSMUSG00000022598.6	0
ENSMUSG00000022601.11	308.489188794128
ENSMUSG00000022602.14	544.489346550092
ENSMUSG00000022603.9	0
ENSMUSG00000022604.18	36.8799833899384
ENSMUSG00000022607.18	1359.89025715617
ENSMUSG00000022610.10	238.861729504677
ENSMUSG00000022613.8	0
ENSMUSG00000022614.8	562.021767776065
ENSMUSG00000022615.7	64.3682447916527
ENSMUSG00000022617.15	1184.8464497762
ENSMUSG00000022619.5	662.42812587511
ENSMUSG00000022620.14	710.735263558286
ENSMUSG00000022621.16	846.056211539025
ENSMUSG00000022622.5	96.1177302603858
ENSMUSG00000022623.17	806.969288184429
ENSMUSG00000022629.17	1748.5487429241
ENSMUSG00000022634.9	1645.66821126952
ENSMUSG00000022635.9	5285.2360956078
ENSMUSG00000022636.13	1909.20425930593
ENSMUSG00000022637.11	94.9496366912883
ENSMUSG00000022639.14	200.899390769671
ENSMUSG00000022641.15	73.1649179116111
ENSMUSG00000022650.7	0
ENSMUSG00000022651.6	0
ENSMUSG00000022652.7	0
ENSMUSG00000022656.15	146.711022910981
ENSMUSG00000022657.9	0
ENSMUSG00000022658.10	15805.2919014367
ENSMUSG00000022659.13	0
ENSMUSG00000022661.14	2362.82878535326
ENSMUSG00000022663.3	1400.84481933475
ENSMUSG00000022664.11	615.089390040121
ENSMUSG00000022665.15	238.021763328818
ENSMUSG00000022667.18	0
ENSMUSG00000022668.10	345.062487149732
ENSMUSG00000022671.13	2130.35366400862
ENSMUSG00000022672.8	10.5110318499468
ENSMUSG00000022673.5	107.232737491912
ENSMUSG00000022674.15	3252.18507847298
ENSMUSG00000022676.7	9.26256844944182
ENSMUSG00000022677.15	1752.31782271864
ENSMUSG00000022678.16	106.813597116777
ENSMUSG00000022679.13	681.471905682149
ENSMUSG00000022680.14	3151.85153700177
ENSMUSG00000022681.15	3453.90065219073
ENSMUSG00000022682.8	1056.42853684112
ENSMUSG00000022683.13	0
ENSMUSG00000022684.15	1434.3858809948
ENSMUSG00000022685.9	229.519883629304
ENSMUSG00000022686.14	16.6122724882149
ENSMUSG00000022687.12	21.8515427831892
ENSMUSG00000022696.17	266.513726881368
ENSMUSG00000022698.17	593.089030419592
ENSMUSG00000022701.18	66.7760000942817
ENSMUSG00000022702.16	1232.43818671931
ENSMUSG00000022704.16	34.7859357282713
ENSMUSG00000022705.5	35.9155766246333
ENSMUSG00000022706.16	2116.03965658281
ENSMUSG00000022707.16	132.054655609168
ENSMUSG00000022708.16	14.3943772572177
ENSMUSG00000022710.17	1312.91410630427
ENSMUSG00000022711.16	637.082602207683
ENSMUSG00000022715.3	52.1469117177691
ENSMUSG00000022718.12	897.378856508196
ENSMUSG00000022721.19	2132.55458013737
ENSMUSG00000022722.18	1896.96747649747
ENSMUSG00000022723.16	154.893295979966
ENSMUSG00000022724.15	360.896467554072
ENSMUSG00000022738.7	34.8934284270548
ENSMUSG00000022742.6	598.279423372436
ENSMUSG00000022744.12	1432.37313951209
ENSMUSG00000022747.17	349.280545594678
ENSMUSG00000022748.8	2054.48338833129
ENSMUSG00000022749.8	434.710648857116
ENSMUSG00000022750.18	1557.42272940419
ENSMUSG00000022751.9	767.34524466335
ENSMUSG00000022752.9	2423.01361655933
ENSMUSG00000022753.15	0
ENSMUSG00000022754.6	0
ENSMUSG00000022755.4	0
ENSMUSG00000022756.17	1927.46197534443
ENSMUSG00000022757.19	1886.90074156017
ENSMUSG00000022758.14	20.0210769569538
ENSMUSG00000022759.15	0
ENSMUSG00000022760.17	1758.65936134992
ENSMUSG00000022761.12	2044.49671110955
ENSMUSG00000022762.18	108.307258729142
ENSMUSG00000022763.18	942.853761332571
ENSMUSG00000022765.10	253.477334476465
ENSMUSG00000022766.14	19.067375765308
ENSMUSG00000022768.17	0
ENSMUSG00000022769.9	994.646359137276
ENSMUSG00000022770.17	495.21399428824
ENSMUSG00000022771.17	1917.99066381442
ENSMUSG00000022772.12	251.111309062998
ENSMUSG00000022773.19	220.608820050274
ENSMUSG00000022774.13	1627.97792184656
ENSMUSG00000022779.16	568.989036263678
ENSMUSG00000022780.5	0
ENSMUSG00000022781.8	290.326886571016
ENSMUSG00000022783.11	114.410902659456
ENSMUSG00000022787.10	816.620159963013
ENSMUSG00000022788.16	46.2724232446178
ENSMUSG00000022789.15	1937.16206779258
ENSMUSG00000022790.14	468.483175631612
ENSMUSG00000022791.19	3779.74388800249
ENSMUSG00000022792.16	512.448688204777
ENSMUSG00000022793.17	383.605985597673
ENSMUSG00000022797.16	510.402363056594
ENSMUSG00000022798.8	0
ENSMUSG00000022799.4	36.0170766990943
ENSMUSG00000022800.14	1636.52811707967
ENSMUSG00000022801.13	84.5651990301526
ENSMUSG00000022802.2	233.722835667104
ENSMUSG00000022803.12	18.8110038060143
ENSMUSG00000022805.17	9.309978847076
ENSMUSG00000022807.9	153.611748299348
ENSMUSG00000022808.5	600.473129625049
ENSMUSG00000022809.4	7.90149365021125
ENSMUSG00000022811.17	170.746658778599
ENSMUSG00000022812.14	845.925466209407
ENSMUSG00000022814.6	412.741532033184
ENSMUSG00000022816.11	959.62533775069
ENSMUSG00000022817.15	819.594998553736
ENSMUSG00000022818.13	0
ENSMUSG00000022820.4	7935.02775168783
ENSMUSG00000022821.13	2.29027489664144
ENSMUSG00000022822.16	1000.76969757773
ENSMUSG00000022824.12	0
ENSMUSG00000022827.14	181.307660376151
ENSMUSG00000022828.10	210.361151554664
ENSMUSG00000022829.14	80.9507726393506
ENSMUSG00000022831.14	86.959065177451
ENSMUSG00000022832.11	0
ENSMUSG00000022833.7	33.0755096579944
ENSMUSG00000022836.11	59.6312313227016
ENSMUSG00000022837.14	2826.47301047927
ENSMUSG00000022838.14	93.1350263502392
ENSMUSG00000022840.9	4684.56155762467
ENSMUSG00000022841.15	21026.9894810288
ENSMUSG00000022842.18	1547.14637746195
ENSMUSG00000022843.17	473.175556533995
ENSMUSG00000022844.8	110.583613258867
ENSMUSG00000022847.15	0
ENSMUSG00000022848.8	1490.5517836683
ENSMUSG00000022849.5	30.1831632864595
ENSMUSG00000022853.7	87.3904404939105
ENSMUSG00000022855.9	1154.10606606251
ENSMUSG00000022856.9	1889.14997322252
ENSMUSG00000022857.13	0
ENSMUSG00000022858.16	1111.49572929901
ENSMUSG00000022860.15	132.530913184875
ENSMUSG00000022861.17	625.68019870136
ENSMUSG00000022863.15	950.942899031878
ENSMUSG00000022864.14	7.2059746897899
ENSMUSG00000022865.14	56.2283570551151
ENSMUSG00000022867.11	169.30153118093
ENSMUSG00000022868.6	0
ENSMUSG00000022871.13	0
ENSMUSG00000022875.18	0
ENSMUSG00000022876.18	77.7547687572277
ENSMUSG00000022877.9	0
ENSMUSG00000022878.5	0
ENSMUSG00000022881.15	210.373136803308
ENSMUSG00000022883.11	357.614382120484
ENSMUSG00000022884.16	23162.9762431121
ENSMUSG00000022885.16	180.047711112361
ENSMUSG00000022886.5	0
ENSMUSG00000022887.9	409.020362021639
ENSMUSG00000022889.7	1004.79143515295
ENSMUSG00000022890.13	29245.9075725916
ENSMUSG00000022892.11	65627.5258778305
ENSMUSG00000022893.14	70.7179920697913
ENSMUSG00000022894.6	17.0023860892877
ENSMUSG00000022895.16	745.257773509051
ENSMUSG00000022897.15	439.500909290098
ENSMUSG00000022898.13	698.365613032422
ENSMUSG00000022899.9	105.204983236812
ENSMUSG00000022900.14	41.3729222640908
ENSMUSG00000022901.13	122.175408663046
ENSMUSG00000022902.8	0
ENSMUSG00000022905.12	673.60268481084
ENSMUSG00000022906.15	15.7293279597927
ENSMUSG00000022911.11	47.9875310526465
ENSMUSG00000022912.8	126.748779791776
ENSMUSG00000022913.16	1213.15398407292
ENSMUSG00000022914.17	1381.94501856938
ENSMUSG00000022931.7	0
ENSMUSG00000022935.16	419.978125287871
ENSMUSG00000022938.8	0
ENSMUSG00000022940.17	1554.87764312751
ENSMUSG00000022941.8	0
ENSMUSG00000022945.12	0
ENSMUSG00000022946.10	1030.54604906514
ENSMUSG00000022947.8	1301.09949139469
ENSMUSG00000022948.16	639.382958446283
ENSMUSG00000022949.9	288.710813122232
ENSMUSG00000022951.16	1698.90362701461
ENSMUSG00000022952.17	15.4717387486835
ENSMUSG00000022956.11	39099.6162947196
ENSMUSG00000022957.20	1598.45326058069
ENSMUSG00000022960.13	600.297533247768
ENSMUSG00000022961.18	1218.9925792233
ENSMUSG00000022962.15	1377.09083681029
ENSMUSG00000022964.14	2755.15681717113
ENSMUSG00000022965.8	773.539339767031
ENSMUSG00000022967.13	435.147486200952
ENSMUSG00000022969.13	162.449464653598
ENSMUSG00000022971.18	1012.5077192577
ENSMUSG00000022972.10	3516.79118448996
ENSMUSG00000022973.18	3506.49373351626
ENSMUSG00000022974.12	212.592186862951
ENSMUSG00000022978.11	190.950729258482
ENSMUSG00000022982.10	63972.1586977298
ENSMUSG00000022983.16	293.591805632846
ENSMUSG00000022986.5	0
ENSMUSG00000022987.12	94.4623614260712
ENSMUSG00000022991.5	0
ENSMUSG00000022992.17	1425.74064648532
ENSMUSG00000022993.7	0
ENSMUSG00000022994.9	232.864517079257
ENSMUSG00000022995.16	1078.81264289938
ENSMUSG00000022996.15	42.70565694413
ENSMUSG00000022997.9	0
ENSMUSG00000022999.15	256.636415053518
ENSMUSG00000023000.5	0
ENSMUSG00000023004.8	21358.6847953956
ENSMUSG00000023007.15	3140.67984953186
ENSMUSG00000023008.18	107.906127438559
ENSMUSG00000023009.14	125.752193882323
ENSMUSG00000023010.15	8424.32477853572
ENSMUSG00000023011.8	14415.498043161
ENSMUSG00000023013.5	0
ENSMUSG00000023015.14	463.955248570661
ENSMUSG00000023017.10	2006.03161616316
ENSMUSG00000023018.5	2795.38786359753
ENSMUSG00000023019.12	1499.76291542564
ENSMUSG00000023020.3	2983.28263535584
ENSMUSG00000023021.15	458.091122343733
ENSMUSG00000023022.14	126.247771429154
ENSMUSG00000023025.16	112.417762052134
ENSMUSG00000023026.16	250.46276353802
ENSMUSG00000023027.13	313.340311817885
ENSMUSG00000023030.16	266.954684154426
ENSMUSG00000023031.8	100.433917928612
ENSMUSG00000023032.12	338.770044341677
ENSMUSG00000023033.14	1086.89844095909
ENSMUSG00000023034.7	442.436702187971
ENSMUSG00000023036.14	9737.38838833221
ENSMUSG00000023039.17	1.39709296833514
ENSMUSG00000023041.7	0
ENSMUSG00000023043.7	14.5615465065453
ENSMUSG00000023044.2	839.91289768416
ENSMUSG00000023045.13	0
ENSMUSG00000023046.6	1514.94379341359
ENSMUSG00000023047.11	0
ENSMUSG00000023048.13	2701.51209270019
ENSMUSG00000023050.9	1507.47589110238
ENSMUSG00000023051.11	1077.8065374565
ENSMUSG00000023052.8	0
ENSMUSG00000023055.10	2844.19728931832
ENSMUSG00000023057.5	0
ENSMUSG00000023064.4	1982.69515101141
ENSMUSG00000023066.10	17.7340480651536
ENSMUSG00000023067.14	305.259882150796
ENSMUSG00000023068.16	664.904858780617
ENSMUSG00000023070.6	36.5631233788902
ENSMUSG00000023072.14	511.453257123969
ENSMUSG00000023073.2	0
ENSMUSG00000023074.11	207.119641181592
ENSMUSG00000023075.9	875.752661368797
ENSMUSG00000023078.6	1.5492806568567
ENSMUSG00000023079.14	744.293085839481
ENSMUSG00000023083.7	0
ENSMUSG00000023084.11	0
ENSMUSG00000023087.15	816.063501344312
ENSMUSG00000023088.17	100.310257628792
ENSMUSG00000023089.12	35238.181014377
ENSMUSG00000023092.16	2212.53695092854
ENSMUSG00000023093.7	0
ENSMUSG00000023094.14	1048.82477050035
ENSMUSG00000023104.9	2448.65808478801
ENSMUSG00000023106.15	4221.2612841655
ENSMUSG00000023110.12	990.282261686056
ENSMUSG00000023118.15	2119.12173817964
ENSMUSG00000023120.9	0
ENSMUSG00000023122.6	0
ENSMUSG00000023132.8	0
ENSMUSG00000023140.4	0
ENSMUSG00000023143.10	345.985850680745
ENSMUSG00000023147.17	1915.40013346996
ENSMUSG00000023150.14	2216.26529960464
ENSMUSG00000023151.9	0
ENSMUSG00000023153.9	18.1879269344072
ENSMUSG00000023156.4	1020.56920349268
ENSMUSG00000023159.8	0
ENSMUSG00000023165.13	0
ENSMUSG00000023169.15	1601.56602316559
ENSMUSG00000023170.14	1056.41592736078
ENSMUSG00000023175.15	37711.4371677945
ENSMUSG00000023176.9	0
ENSMUSG00000023185.4	0
ENSMUSG00000023186.14	121.616128271205
ENSMUSG00000023191.9	55.7656765188879
ENSMUSG00000023192.12	135.893430873041
ENSMUSG00000023206.16	296.649354923853
ENSMUSG00000023210.2	0
ENSMUSG00000023216.13	0
ENSMUSG00000023224.12	114.30968348926
ENSMUSG00000023232.17	0
ENSMUSG00000023235.14	757.100322787221
ENSMUSG00000023236.7	23614.6357814018
ENSMUSG00000023243.9	0
ENSMUSG00000023247.2	0
ENSMUSG00000023249.15	109.267483142055
ENSMUSG00000023257.3	0
ENSMUSG00000023259.16	102.366008675648
ENSMUSG00000023262.13	669.142424466196
ENSMUSG00000023263.3	0
ENSMUSG00000023266.11	841.17265967844
ENSMUSG00000023267.10	87.3936864987518
ENSMUSG00000023272.4	1153.99741853509
ENSMUSG00000023274.14	1510.08080998753
ENSMUSG00000023277.13	1862.29942692579
ENSMUSG00000023279.7	0
ENSMUSG00000023284.15	60.6777245565899
ENSMUSG00000023286.16	1778.408616613
ENSMUSG00000023289.11	0
ENSMUSG00000023307.14	1983.10935995612
ENSMUSG00000023328.14	4798.12859266013
ENSMUSG00000023330.12	326.81450912576
ENSMUSG00000023333.8	0
ENSMUSG00000023336.6	14.0483656257677
ENSMUSG00000023341.15	2.7892857178233
ENSMUSG00000023345.17	292.504269164666
ENSMUSG00000023348.11	42.2181007746477
ENSMUSG00000023349.14	0
ENSMUSG00000023350.6	0
ENSMUSG00000023353.14	11427.1079752453
ENSMUSG00000023367.14	1165.86702825746
ENSMUSG00000023387.8	0
ENSMUSG00000023391.8	440.463474571888
ENSMUSG00000023393.15	0
ENSMUSG00000023403.14	0
ENSMUSG00000023411.12	0
ENSMUSG00000023433.8	0
ENSMUSG00000023439.11	26.0377966230076
ENSMUSG00000023443.13	0
ENSMUSG00000023452.19	1206.50354438477
ENSMUSG00000023456.16	47865.3112611096
ENSMUSG00000023460.13	2333.58811829943
ENSMUSG00000023467.18	7.96485316778688
ENSMUSG00000023473.13	109.792930175743
ENSMUSG00000023484.14	102.001207670021
ENSMUSG00000023495.13	2632.61211303421
ENSMUSG00000023505.13	77.2687731669962
ENSMUSG00000023571.4	1173.1901400258
ENSMUSG00000023572.16	4069.43858391907
ENSMUSG00000023707.13	1401.32532168602
ENSMUSG00000023723.17	2280.85758115351
ENSMUSG00000023737.14	0
ENSMUSG00000023755.10	171.416615450895
ENSMUSG00000023764.18	93.809290221267
ENSMUSG00000023781.2	11.3676650122034
ENSMUSG00000023791.17	783.778456288348
ENSMUSG00000023795.16	71.4072999247951
ENSMUSG00000023800.15	1487.46108767401
ENSMUSG00000023802.4	0
ENSMUSG00000023805.17	327.856102140802
ENSMUSG00000023806.10	492.335693129961
ENSMUSG00000023809.10	490.332127853245
ENSMUSG00000023826.16	400.724666052718
ENSMUSG00000023827.8	1743.30616420112
ENSMUSG00000023828.3	253.954590822893
ENSMUSG00000023829.9	0
ENSMUSG00000023830.14	199.045797158941
ENSMUSG00000023832.14	2014.02087679043
ENSMUSG00000023845.7	118.288442711914
ENSMUSG00000023852.14	103.665908768254
ENSMUSG00000023861.17	11374.6272244142
ENSMUSG00000023868.17	1705.68268964459
ENSMUSG00000023873.13	0
ENSMUSG00000023882.15	0
ENSMUSG00000023883.13	683.252120856514
ENSMUSG00000023885.9	36.9567638890695
ENSMUSG00000023886.10	42.7803150554802
ENSMUSG00000023892.8	7.18122390287489
ENSMUSG00000023902.18	0
ENSMUSG00000023903.8	0
ENSMUSG00000023904.10	14708.9324799822
ENSMUSG00000023905.15	420.489527108303
ENSMUSG00000023906.3	0
ENSMUSG00000023908.8	24.1786785617306
ENSMUSG00000023909.4	2396.25167995245
ENSMUSG00000023911.12	3484.12657534866
ENSMUSG00000023912.10	491.462923578253
ENSMUSG00000023913.17	1145.85977803267
ENSMUSG00000023914.16	0
ENSMUSG00000023915.5	1211.15400812848
ENSMUSG00000023918.12	0
ENSMUSG00000023919.8	164.815677336575
ENSMUSG00000023921.9	552.329384589414
ENSMUSG00000023923.10	282.566875035667
ENSMUSG00000023926.8	0
ENSMUSG00000023927.15	716.200755421432
ENSMUSG00000023930.14	0
ENSMUSG00000023931.5	0
ENSMUSG00000023932.9	1678.76887746504
ENSMUSG00000023935.10	116.988542619308
ENSMUSG00000023938.8	240.30108295912
ENSMUSG00000023939.7	3729.51820540017
ENSMUSG00000023940.14	0
ENSMUSG00000023942.15	977.07848155073
ENSMUSG00000023943.7	0
ENSMUSG00000023944.14	53858.6816964734
ENSMUSG00000023945.7	41.2204536713042
ENSMUSG00000023947.8	114.858570423292
ENSMUSG00000023949.7	55.6411735062725
ENSMUSG00000023951.18	556.183484741528
ENSMUSG00000023952.13	607.132183710662
ENSMUSG00000023953.9	5.57582481616549
ENSMUSG00000023959.10	3.35359117485157
ENSMUSG00000023960.13	7308.28011677904
ENSMUSG00000023961.16	179.875922548452
ENSMUSG00000023963.10	17.4799233399808
ENSMUSG00000023964.15	83.5170515822587
ENSMUSG00000023965.13	836.527283423085
ENSMUSG00000023966.8	463.873786333778
ENSMUSG00000023967.9	5890.86188337942
ENSMUSG00000023968.15	36.777640602682
ENSMUSG00000023971.9	1740.55985683586
ENSMUSG00000023972.10	96.6636833054266
ENSMUSG00000023973.13	3352.60560663162
ENSMUSG00000023977.15	104.047595241374
ENSMUSG00000023978.5	0
ENSMUSG00000023979.14	0
ENSMUSG00000023980.7	369.109702515389
ENSMUSG00000023982.8	0
ENSMUSG00000023984.17	295.075136210571
ENSMUSG00000023987.14	0
ENSMUSG00000023988.8	623.15930140306
ENSMUSG00000023990.18	180.591042384261
ENSMUSG00000023991.16	1340.41357266501
ENSMUSG00000023992.14	553.932380384077
ENSMUSG00000023993.7	0
ENSMUSG00000023994.13	194.689377757634
ENSMUSG00000023995.12	0
ENSMUSG00000023999.14	68.2380443710281
ENSMUSG00000024002.18	1794.76854343639
ENSMUSG00000024006.17	53.5875448471968
ENSMUSG00000024007.15	666.238061634431
ENSMUSG00000024008.16	5031.06520850077
ENSMUSG00000024011.17	57.5695812862776
ENSMUSG00000024012.18	28578.136273055
ENSMUSG00000024013.15	22.0870966152795
ENSMUSG00000024014.8	98.3361872999132
ENSMUSG00000024018.18	568.059680108342
ENSMUSG00000024019.18	1076.73285893207
ENSMUSG00000024026.13	8116.89004192966
ENSMUSG00000024027.8	66.5441604408079
ENSMUSG00000024028.7	0
ENSMUSG00000024029.4	0
ENSMUSG00000024030.7	777.899098807935
ENSMUSG00000024032.7	0
ENSMUSG00000024033.10	193.747693026218
ENSMUSG00000024034.13	0
ENSMUSG00000024036.16	191.565441425306
ENSMUSG00000024037.13	620.404317217166
ENSMUSG00000024038.17	22147.5388172156
ENSMUSG00000024039.15	127.52282710009
ENSMUSG00000024041.10	26.3805934612013
ENSMUSG00000024042.7	113.354452929948
ENSMUSG00000024043.13	0
ENSMUSG00000024044.19	5108.32436849958
ENSMUSG00000024045.6	271.440787691461
ENSMUSG00000024048.15	919.703442073836
ENSMUSG00000024049.15	12.0428964423665
ENSMUSG00000024050.18	465.878787343404
ENSMUSG00000024052.17	374.700071930171
ENSMUSG00000024053.11	50.421254394006
ENSMUSG00000024054.14	384.172101326632
ENSMUSG00000024055.15	547.638689112621
ENSMUSG00000024056.10	0
ENSMUSG00000024059.10	2867.77773543011
ENSMUSG00000024063.13	1369.12248794498
ENSMUSG00000024064.14	775.030941414784
ENSMUSG00000024065.8	1599.8460463503
ENSMUSG00000024066.9	10.7301059651505
ENSMUSG00000024067.14	3340.54067481024
ENSMUSG00000024068.8	361.242323127597
ENSMUSG00000024069.14	210.21617374228
ENSMUSG00000024070.15	21.9263569524645
ENSMUSG00000024072.9	2079.16126498371
ENSMUSG00000024073.16	220.877707855158
ENSMUSG00000024074.8	395.160108618742
ENSMUSG00000024076.10	42.2973157774098
ENSMUSG00000024077.15	455.242409768046
ENSMUSG00000024078.7	419.976096534845
ENSMUSG00000024079.4	41.3137138873219
ENSMUSG00000024081.9	646.082493957658
ENSMUSG00000024082.5	928.728927323522
ENSMUSG00000024083.16	4049.30164955855
ENSMUSG00000024084.8	444.983567525001
ENSMUSG00000024085.13	56.9965365854458
ENSMUSG00000024087.4	5.44626552677808
ENSMUSG00000024088.4	0
ENSMUSG00000024091.9	6682.38112486674
ENSMUSG00000024095.15	603.471439327701
ENSMUSG00000024096.17	1429.81650494895
ENSMUSG00000024097.11	1596.11254776267
ENSMUSG00000024098.6	199.36452986509
ENSMUSG00000024099.15	20134.5052252823
ENSMUSG00000024101.15	784.515673926346
ENSMUSG00000024104.11	1060.11899465302
ENSMUSG00000024105.3	0
ENSMUSG00000024107.7	0
ENSMUSG00000024109.18	1317.47177800574
ENSMUSG00000024112.16	249.638871328442
ENSMUSG00000024114.15	276.089722067507
ENSMUSG00000024116.6	0
ENSMUSG00000024118.14	253.828433596272
ENSMUSG00000024120.12	748.929067407746
ENSMUSG00000024121.13	71801.0909684489
ENSMUSG00000024122.16	480.307559767305
ENSMUSG00000024124.10	0
ENSMUSG00000024125.2	0
ENSMUSG00000024127.15	3787.75718155021
ENSMUSG00000024128.13	0
ENSMUSG00000024130.16	996.582507390365
ENSMUSG00000024131.8	0
ENSMUSG00000024132.6	786.895806976239
ENSMUSG00000024134.11	0
ENSMUSG00000024135.10	562.427424746474
ENSMUSG00000024136.14	1.12352342569948
ENSMUSG00000024137.9	1037.58064094162
ENSMUSG00000024140.10	125.486708140206
ENSMUSG00000024142.15	636.274627906461
ENSMUSG00000024143.15	317.111201884355
ENSMUSG00000024145.6	541.655490688871
ENSMUSG00000024146.9	2409.17271433914
ENSMUSG00000024150.12	3135.64573298518
ENSMUSG00000024151.13	742.572391157735
ENSMUSG00000024154.11	0
ENSMUSG00000024155.8	0
ENSMUSG00000024158.17	7016.02969143528
ENSMUSG00000024160.16	1696.32729794132
ENSMUSG00000024163.17	2343.87545671959
ENSMUSG00000024164.15	112.824012042659
ENSMUSG00000024165.9	29.5084000300715
ENSMUSG00000024168.8	13.9061968560352
ENSMUSG00000024169.16	182.651693649965
ENSMUSG00000024170.15	515.791074420609
ENSMUSG00000024171.5	0
ENSMUSG00000024172.10	91.0817722301837
ENSMUSG00000024173.11	0
ENSMUSG00000024174.9	27.7981924408897
ENSMUSG00000024175.2	2.09192527388621
ENSMUSG00000024176.10	541.482640931071
ENSMUSG00000024177.9	81.0217165720843
ENSMUSG00000024180.14	180.470721724038
ENSMUSG00000024181.9	4603.79409062409
ENSMUSG00000024182.16	491.089539386747
ENSMUSG00000024184.15	0
ENSMUSG00000024186.15	71.2152862537974
ENSMUSG00000024187.15	137.292146843796
ENSMUSG00000024188.16	911.22110082654
ENSMUSG00000024190.7	575.207226710988
ENSMUSG00000024191.15	2206.84848350206
ENSMUSG00000024193.8	1014.28031880532
ENSMUSG00000024194.16	8123.40137158341
ENSMUSG00000024197.10	26.2447918548113
ENSMUSG00000024201.12	768.351381317817
ENSMUSG00000024205.7	203.891801482757
ENSMUSG00000024206.15	13.1774999807455
ENSMUSG00000024207.8	0
ENSMUSG00000024208.16	21992.8948081651
ENSMUSG00000024209.9	0
ENSMUSG00000024210.3	0
ENSMUSG00000024211.15	121.804583821511
ENSMUSG00000024212.9	533.079733167632
ENSMUSG00000024213.14	7548.70941692939
ENSMUSG00000024215.14	8.61914162440655
ENSMUSG00000024217.10	2702.5460388769
ENSMUSG00000024218.13	2697.95022661855
ENSMUSG00000024219.16	512.709804324992
ENSMUSG00000024220.14	1326.09553894473
ENSMUSG00000024222.17	909.649753579079
ENSMUSG00000024223.3	0
ENSMUSG00000024224.5	0
ENSMUSG00000024225.5	0
ENSMUSG00000024227.14	24.9532252554039
ENSMUSG00000024228.12	117.844270645599
ENSMUSG00000024231.15	1195.86922677402
ENSMUSG00000024232.2	37.5672000687464
ENSMUSG00000024233.10	0
ENSMUSG00000024234.7	355.275448362808
ENSMUSG00000024235.11	0
ENSMUSG00000024236.18	24.7388328779522
ENSMUSG00000024238.15	323.766073617577
ENSMUSG00000024240.13	501.194570938849
ENSMUSG00000024241.7	220.641592214537
ENSMUSG00000024242.15	247.236172302585
ENSMUSG00000024245.4	1065.67222228163
ENSMUSG00000024246.9	77.0821903117907
ENSMUSG00000024247.14	101.921212377633
ENSMUSG00000024248.14	8310.36809807296
ENSMUSG00000024251.10	107.273874360959
ENSMUSG00000024253.9	930.830091226572
ENSMUSG00000024254.15	0
ENSMUSG00000024256.7	45.0780807325246
ENSMUSG00000024258.4	895.924365435022
ENSMUSG00000024259.9	515.801499090003
ENSMUSG00000024260.14	578.951181179593
ENSMUSG00000024261.6	2172.94327627968
ENSMUSG00000024266.8	0
ENSMUSG00000024268.16	5458.88178003713
ENSMUSG00000024269.11	764.406642722827
ENSMUSG00000024270.11	990.760579226375
ENSMUSG00000024271.8	1176.18701399555
ENSMUSG00000024273.8	643.956922595128
ENSMUSG00000024274.10	7.16708505486417
ENSMUSG00000024276.7	331.889231944548
ENSMUSG00000024277.14	4316.09297227702
ENSMUSG00000024283.15	1368.70930898258
ENSMUSG00000024286.8	806.426393874719
ENSMUSG00000024287.8	936.959141387086
ENSMUSG00000024290.9	43.8037741396292
ENSMUSG00000024292.15	14.2253977359593
ENSMUSG00000024293.16	181.798899512665
ENSMUSG00000024294.14	341.876065224208
ENSMUSG00000024295.9	0
ENSMUSG00000024298.15	55.65971318777
ENSMUSG00000024299.17	137.071793053607
ENSMUSG00000024300.17	9.49337812061018
ENSMUSG00000024301.10	54.1721690460683
ENSMUSG00000024302.16	1717.07672844613
ENSMUSG00000024304.14	1089.57230623554
ENSMUSG00000024306.13	0.498636282161704
ENSMUSG00000024308.15	719.427128175772
ENSMUSG00000024309.15	9081.64437944548
ENSMUSG00000024312.10	347.749773407734
ENSMUSG00000024313.8	0
ENSMUSG00000024317.15	32.8786269797348
ENSMUSG00000024319.18	1028.84005503993
ENSMUSG00000024325.8	768.607597219186
ENSMUSG00000024327.16	3546.23182416897
ENSMUSG00000024330.17	22.4686894536439
ENSMUSG00000024331.11	0
ENSMUSG00000024334.9	39.5473566567024
ENSMUSG00000024335.20	3605.01013650803
ENSMUSG00000024338.15	200.235894895473
ENSMUSG00000024339.12	201.309854324172
ENSMUSG00000024340.15	0
ENSMUSG00000024346.6	6217.75492085307
ENSMUSG00000024347.16	748.218067501158
ENSMUSG00000024349.10	341.973382946277
ENSMUSG00000024350.6	1070.35233703111
ENSMUSG00000024352.12	419.971570855019
ENSMUSG00000024353.5	0
ENSMUSG00000024354.13	0
ENSMUSG00000024357.10	1714.24771038059
ENSMUSG00000024359.10	6212.89390375686
ENSMUSG00000024360.8	1312.21050354333
ENSMUSG00000024365.9	0
ENSMUSG00000024366.8	28.9944076480836
ENSMUSG00000024369.16	1991.00848152587
ENSMUSG00000024370.17	754.492969398436
ENSMUSG00000024371.14	0
ENSMUSG00000024376.7	148.892400587514
ENSMUSG00000024378.9	299.703096401489
ENSMUSG00000024379.4	0
ENSMUSG00000024381.16	4853.3493149047
ENSMUSG00000024382.13	506.446981311114
ENSMUSG00000024383.9	9.72715289235475
ENSMUSG00000024384.4	304.177994979504
ENSMUSG00000024386.9	0
ENSMUSG00000024387.13	9163.02053477696
ENSMUSG00000024388.11	14.5654791662569
ENSMUSG00000024391.7	5.3553461796363
ENSMUSG00000024392.17	5359.08373572998
ENSMUSG00000024393.14	6333.95146950268
ENSMUSG00000024395.9	262.248101980862
ENSMUSG00000024397.14	581.810692963694
ENSMUSG00000024399.5	38.8799905459624
ENSMUSG00000024400.16	361.071002737463
ENSMUSG00000024401.14	0
ENSMUSG00000024402.5	0
ENSMUSG00000024403.16	38009.4431654725
ENSMUSG00000024404.7	1188.22816258915
ENSMUSG00000024406.16	0
ENSMUSG00000024409.8	0
ENSMUSG00000024410.15	691.502123064976
ENSMUSG00000024411.11	125.99164916254
ENSMUSG00000024413.14	592.006394170259
ENSMUSG00000024414.13	8630.38004224521
ENSMUSG00000024420.9	201.797535339995
ENSMUSG00000024421.16	11.8179233375955
ENSMUSG00000024422.14	816.106979082235
ENSMUSG00000024423.6	4601.60063406416
ENSMUSG00000024424.15	780.555548019944
ENSMUSG00000024425.4	22633.2076533637
ENSMUSG00000024426.17	1799.33969854258
ENSMUSG00000024427.7	155.749741872713
ENSMUSG00000024429.9	5462.56846124724
ENSMUSG00000024430.14	10.1521610454717
ENSMUSG00000024431.15	229.594916279674
ENSMUSG00000024436.16	2451.67605778922
ENSMUSG00000024437.6	0
ENSMUSG00000024440.13	17.5091061719676
ENSMUSG00000024442.6	1259.98175504966
ENSMUSG00000024446.13	2546.54863307712
ENSMUSG00000024448.14	0
ENSMUSG00000024451.9	119.109182551406
ENSMUSG00000024454.16	1493.66710560317
ENSMUSG00000024456.16	404.341807851416
ENSMUSG00000024457.16	433.927238073299
ENSMUSG00000024459.18	93.8029854810945
ENSMUSG00000024462.17	16093.2604406441
ENSMUSG00000024471.12	0
ENSMUSG00000024472.9	256.973156844219
ENSMUSG00000024474.7	7626.16908015033
ENSMUSG00000024477.4	149.886957743941
ENSMUSG00000024479.3	1995.13237461883
ENSMUSG00000024480.9	771.414798386807
ENSMUSG00000024481.5	0
ENSMUSG00000024483.19	336.529021326185
ENSMUSG00000024485.16	8.03011659204828
ENSMUSG00000024486.6	431.135205735994
ENSMUSG00000024487.5	850.254950012848
ENSMUSG00000024491.16	168.091301972065
ENSMUSG00000024493.9	937.986283438267
ENSMUSG00000024497.4	0
ENSMUSG00000024498.16	607.328785484657
ENSMUSG00000024500.20	3055.79788412542
ENSMUSG00000024501.20	372.306236994457
ENSMUSG00000024502.10	828.609341267573
ENSMUSG00000024503.3	0
ENSMUSG00000024505.16	104.697545287676
ENSMUSG00000024507.6	797.382306520366
ENSMUSG00000024510.6	0
ENSMUSG00000024511.15	283.210551553382
ENSMUSG00000024512.4	0
ENSMUSG00000024513.16	1634.08696538108
ENSMUSG00000024515.13	267.741278519915
ENSMUSG00000024516.13	5722.25771264242
ENSMUSG00000024517.17	24.3993756793548
ENSMUSG00000024518.4	0
ENSMUSG00000024519.6	0
ENSMUSG00000024521.8	0
ENSMUSG00000024524.17	5282.20207985189
ENSMUSG00000024525.7	131.692257895586
ENSMUSG00000024526.9	245.321060657795
ENSMUSG00000024527.10	2299.20384445869
ENSMUSG00000024528.8	775.319648576151
ENSMUSG00000024529.14	0
ENSMUSG00000024530.8	980.840226622792
ENSMUSG00000024532.13	0
ENSMUSG00000024533.17	859.026154479436
ENSMUSG00000024534.15	256.599491748448
ENSMUSG00000024535.16	323.222586287752
ENSMUSG00000024537.5	1076.73441951132
ENSMUSG00000024538.8	0
ENSMUSG00000024539.17	260.641048680147
ENSMUSG00000024542.9	1.60664755010991
ENSMUSG00000024544.9	258.329893233133
ENSMUSG00000024546.6	0
ENSMUSG00000024548.11	33.7984323900569
ENSMUSG00000024552.16	41.8450911221618
ENSMUSG00000024553.8	0.559030699161135
ENSMUSG00000024556.4	343.597727465089
ENSMUSG00000024558.12	868.867104810747
ENSMUSG00000024560.7	839.031232830723
ENSMUSG00000024561.11	770.104754529072
ENSMUSG00000024563.16	564.965519628115
ENSMUSG00000024565.10	27.0501443828921
ENSMUSG00000024566.10	529.144108355465
ENSMUSG00000024570.7	1905.32044572489
ENSMUSG00000024571.15	4323.55441379014
ENSMUSG00000024575.16	0
ENSMUSG00000024576.14	2426.27675656082
ENSMUSG00000024578.3	0
ENSMUSG00000024579.7	846.350880113129
ENSMUSG00000024580.8	230.865446270783
ENSMUSG00000024581.13	2661.61132726639
ENSMUSG00000024583.3	3400.18526469133
ENSMUSG00000024587.10	5278.59202308299
ENSMUSG00000024588.9	1170.77370790254
ENSMUSG00000024589.18	1363.81976449768
ENSMUSG00000024590.8	114.171416167654
ENSMUSG00000024592.15	151.741737394901
ENSMUSG00000024593.15	29.9577844310833
ENSMUSG00000024594.9	116.324141609145
ENSMUSG00000024597.11	63.4433831045586
ENSMUSG00000024598.9	0
ENSMUSG00000024600.8	0
ENSMUSG00000024601.9	458.266874778939
ENSMUSG00000024603.8	668.784365162931
ENSMUSG00000024604.7	1049.90334924363
ENSMUSG00000024608.11	18913.794448304
ENSMUSG00000024610.15	354.616696649532
ENSMUSG00000024613.16	500.984985145489
ENSMUSG00000024614.7	776.653069911061
ENSMUSG00000024617.16	6927.3095125735
ENSMUSG00000024619.8	0
ENSMUSG00000024620.11	33.6867573388817
ENSMUSG00000024621.16	1268.11867768562
ENSMUSG00000024622.8	545.254592191432
ENSMUSG00000024639.5	952.775393611139
ENSMUSG00000024640.9	1047.07355088846
ENSMUSG00000024642.17	557.903024594629
ENSMUSG00000024644.17	2285.53616653532
ENSMUSG00000024645.5	367.517537140725
ENSMUSG00000024646.14	3273.8995399748
ENSMUSG00000024647.14	522.41891692121
ENSMUSG00000024650.5	26.5697980895478
ENSMUSG00000024653.2	0
ENSMUSG00000024654.8	888.731468399353
ENSMUSG00000024658.7	0
ENSMUSG00000024659.15	0
ENSMUSG00000024660.9	645.455016252564
ENSMUSG00000024661.7	42329.6859364581
ENSMUSG00000024663.20	292.067712725095
ENSMUSG00000024664.5	875.0058617742
ENSMUSG00000024665.8	752.798554871271
ENSMUSG00000024666.6	608.37424873624
ENSMUSG00000024667.12	340.728852205484
ENSMUSG00000024668.8	2148.65551322833
ENSMUSG00000024669.8	0
ENSMUSG00000024670.17	23.3767593080012
ENSMUSG00000024672.11	21.0531816501513
ENSMUSG00000024673.9	0
ENSMUSG00000024675.19	0
ENSMUSG00000024677.13	0
ENSMUSG00000024678.6	0
ENSMUSG00000024679.10	64.611102134636
ENSMUSG00000024680.12	0
ENSMUSG00000024681.11	0
ENSMUSG00000024682.3	0
ENSMUSG00000024683.6	2104.37382729898
ENSMUSG00000024687.11	599.691560324747
ENSMUSG00000024691.13	16.8101227256099
ENSMUSG00000024694.9	0
ENSMUSG00000024695.16	705.465437121584
ENSMUSG00000024696.9	15.3401819178553
ENSMUSG00000024697.4	19.7226942042331
ENSMUSG00000024712.9	1172.5937178478
ENSMUSG00000024713.16	61.9361444527139
ENSMUSG00000024725.13	471.638354760538
ENSMUSG00000024726.10	46.4357222574038
ENSMUSG00000024727.9	11.3038061092675
ENSMUSG00000024728.13	0
ENSMUSG00000024729.7	0
ENSMUSG00000024730.7	0
ENSMUSG00000024731.15	0
ENSMUSG00000024732.7	246.277289987827
ENSMUSG00000024734.8	6.07914283607909
ENSMUSG00000024735.13	7706.5610717832
ENSMUSG00000024736.15	3768.07034945716
ENSMUSG00000024737.2	50.9485116996243
ENSMUSG00000024738.6	0
ENSMUSG00000024740.10	2331.80977582017
ENSMUSG00000024742.15	550.714309911351
ENSMUSG00000024743.16	2135.46799432879
ENSMUSG00000024747.3	0
ENSMUSG00000024749.9	0
ENSMUSG00000024750.11	2316.53754152288
ENSMUSG00000024754.13	70.8123446912845
ENSMUSG00000024757.7	0
ENSMUSG00000024758.15	22931.4724575046
ENSMUSG00000024759.14	67.2771957264144
ENSMUSG00000024761.3	122.224535697856
ENSMUSG00000024764.10	130.880943954768
ENSMUSG00000024766.15	42.9647130997347
ENSMUSG00000024767.11	11869.9687804504
ENSMUSG00000024768.5	0
ENSMUSG00000024769.7	48.8931976149579
ENSMUSG00000024770.14	0
ENSMUSG00000024771.7	0
ENSMUSG00000024772.9	600.296690534972
ENSMUSG00000024773.15	266.602180513294
ENSMUSG00000024774.16	36.1441390616807
ENSMUSG00000024776.18	876.641629733127
ENSMUSG00000024777.10	4139.80535202272
ENSMUSG00000024778.13	0
ENSMUSG00000024780.7	1003.33079539753
ENSMUSG00000024781.16	278.461677682126
ENSMUSG00000024782.7	799.531973226525
ENSMUSG00000024784.13	0
ENSMUSG00000024785.7	706.852230266865
ENSMUSG00000024786.9	0
ENSMUSG00000024787.14	1685.22259053285
ENSMUSG00000024789.13	171.499607055444
ENSMUSG00000024790.8	680.608437182774
ENSMUSG00000024791.10	0
ENSMUSG00000024792.9	1588.2545006388
ENSMUSG00000024793.14	0
ENSMUSG00000024795.11	0
ENSMUSG00000024797.14	3085.74405784688
ENSMUSG00000024798.15	255.949104739955
ENSMUSG00000024799.16	720.584360113285
ENSMUSG00000024800.8	570.832610955619
ENSMUSG00000024803.9	0
ENSMUSG00000024805.16	126.205448519877
ENSMUSG00000024806.4	0
ENSMUSG00000024807.18	1137.72822378933
ENSMUSG00000024810.16	92.7925728394807
ENSMUSG00000024811.11	312.390855401801
ENSMUSG00000024812.11	69.2457416047457
ENSMUSG00000024815.5	0
ENSMUSG00000024816.12	71.3494960693517
ENSMUSG00000024817.13	876.260224164273
ENSMUSG00000024818.15	145.255689125013
ENSMUSG00000024824.7	295.166367673563
ENSMUSG00000024826.15	1368.69173686022
ENSMUSG00000024827.10	79.1449639652751
ENSMUSG00000024829.12	3676.47923537116
ENSMUSG00000024830.17	448.860701826854
ENSMUSG00000024831.14	164.58177771849
ENSMUSG00000024833.15	198.638548397697
ENSMUSG00000024835.15	3396.83825916091
ENSMUSG00000024837.15	0
ENSMUSG00000024841.8	1648.02992948426
ENSMUSG00000024842.8	0
ENSMUSG00000024843.15	629.512013781775
ENSMUSG00000024844.15	3841.70578201284
ENSMUSG00000024845.17	952.093326843858
ENSMUSG00000024846.6	714.116539409044
ENSMUSG00000024847.15	5037.4058107845
ENSMUSG00000024851.14	5349.91189935817
ENSMUSG00000024853.10	7146.11829809292
ENSMUSG00000024854.4	793.259100082273
ENSMUSG00000024855.10	919.784904310719
ENSMUSG00000024856.10	1772.46374601565
ENSMUSG00000024857.16	0
ENSMUSG00000024858.14	3645.42711034636
ENSMUSG00000024862.16	9532.61576470881
ENSMUSG00000024863.6	0
ENSMUSG00000024866.10	18.8878467283154
ENSMUSG00000024867.14	566.894738909331
ENSMUSG00000024868.8	0
ENSMUSG00000024869.10	0
ENSMUSG00000024870.6	4892.19119610536
ENSMUSG00000024871.11	287.912608047119
ENSMUSG00000024873.7	6576.59841519135
ENSMUSG00000024875.5	1054.09834232725
ENSMUSG00000024878.9	472.28549576419
ENSMUSG00000024883.8	724.922864064795
ENSMUSG00000024885.9	89.6022806774152
ENSMUSG00000024887.10	232.505115677836
ENSMUSG00000024889.5	625.750019017034
ENSMUSG00000024891.6	411.407392831819
ENSMUSG00000024892.17	754.480765668697
ENSMUSG00000024896.9	1499.72755269982
ENSMUSG00000024897.9	1210.35605274604
ENSMUSG00000024899.7	40.8617701363391
ENSMUSG00000024900.5	76.9004452522622
ENSMUSG00000024901.15	668.061473642454
ENSMUSG00000024902.5	6547.54461189699
ENSMUSG00000024903.10	0
ENSMUSG00000024905.15	0
ENSMUSG00000024906.10	1206.25687922841
ENSMUSG00000024907.7	1154.53812803384
ENSMUSG00000024908.15	459.675578456899
ENSMUSG00000024909.15	339.217899375023
ENSMUSG00000024910.5	48.5332968281773
ENSMUSG00000024911.7	3241.97548811109
ENSMUSG00000024912.6	0
ENSMUSG00000024913.16	24.0328268249666
ENSMUSG00000024914.16	10210.7246221058
ENSMUSG00000024921.17	6524.85453867085
ENSMUSG00000024922.2	0
ENSMUSG00000024924.14	538.179019503825
ENSMUSG00000024925.11	4208.46100740121
ENSMUSG00000024926.10	4459.82104158518
ENSMUSG00000024927.8	206.153330509601
ENSMUSG00000024935.11	2542.53778834507
ENSMUSG00000024936.8	1.75777404474104
ENSMUSG00000024937.15	773.921494413926
ENSMUSG00000024939.6	1060.47009377282
ENSMUSG00000024940.11	1326.36786002397
ENSMUSG00000024941.9	1614.18574091057
ENSMUSG00000024942.17	216.493510143189
ENSMUSG00000024943.9	402.31102607257
ENSMUSG00000024944.6	6952.83996488212
ENSMUSG00000024947.17	1462.06384641022
ENSMUSG00000024948.15	1225.47918930172
ENSMUSG00000024949.17	3140.62029782766
ENSMUSG00000024952.13	572.706398461852
ENSMUSG00000024953.17	36273.8665502998
ENSMUSG00000024955.15	2783.72384458563
ENSMUSG00000024957.9	112.315169572198
ENSMUSG00000024958.13	2188.49806905608
ENSMUSG00000024959.14	1970.61567459141
ENSMUSG00000024960.9	192.37984531304
ENSMUSG00000024962.13	3641.450660781
ENSMUSG00000024963.12	1406.39024406712
ENSMUSG00000024965.9	35.0680572452004
ENSMUSG00000024966.9	12279.6461775481
ENSMUSG00000024968.14	225.091365466617
ENSMUSG00000024969.15	1602.9158930058
ENSMUSG00000024970.5	741.268308712737
ENSMUSG00000024972.16	0
ENSMUSG00000024973.17	0
ENSMUSG00000024974.10	343.845141699484
ENSMUSG00000024975.13	1949.82704233583
ENSMUSG00000024976.14	536.20042349512
ENSMUSG00000024978.11	95.725307002022
ENSMUSG00000024979.13	0
ENSMUSG00000024981.6	1788.28730175059
ENSMUSG00000024982.10	806.801245010721
ENSMUSG00000024983.10	1296.36575514217
ENSMUSG00000024985.20	141.473469253183
ENSMUSG00000024986.12	30.3824180451801
ENSMUSG00000024987.6	7.65972871270345
ENSMUSG00000024989.15	23.5325987519692
ENSMUSG00000024990.13	2965.50907342406
ENSMUSG00000024991.8	2272.40969749607
ENSMUSG00000024992.13	12.993414052341
ENSMUSG00000024993.15	635.107501896499
ENSMUSG00000024997.7	3832.35625808755
ENSMUSG00000024998.17	48.930651516973
ENSMUSG00000024999.7	178.793130241194
ENSMUSG00000025001.11	64.7108231487513
ENSMUSG00000025002.5	0
ENSMUSG00000025003.6	0
ENSMUSG00000025004.16	0
ENSMUSG00000025006.18	655.091437067287
ENSMUSG00000025007.13	530.336890288308
ENSMUSG00000025008.15	235.971817636773
ENSMUSG00000025010.14	74.566255655508
ENSMUSG00000025013.15	10.0258477609256
ENSMUSG00000025014.13	0
ENSMUSG00000025016.11	986.143948840817
ENSMUSG00000025017.10	10.4011046475324
ENSMUSG00000025019.17	2.66587511068338
ENSMUSG00000025020.11	301.254405811371
ENSMUSG00000025024.7	1119.18879198451
ENSMUSG00000025025.14	1160.95807016668
ENSMUSG00000025026.15	417.050572248442
ENSMUSG00000025027.18	1457.61441648557
ENSMUSG00000025034.9	1317.93770454681
ENSMUSG00000025035.9	10063.9626306765
ENSMUSG00000025036.7	0
ENSMUSG00000025037.6	163.676329637274
ENSMUSG00000025038.7	7.24005774062369
ENSMUSG00000025040.13	1421.34458837105
ENSMUSG00000025041.17	972.157350941789
ENSMUSG00000025043.3	0
ENSMUSG00000025044.16	0
ENSMUSG00000025047.9	77.3356283820932
ENSMUSG00000025049.6	148.564491675371
ENSMUSG00000025050.8	95.0159613094401
ENSMUSG00000025051.1	0
ENSMUSG00000025056.4	0
ENSMUSG00000025058.4	0
ENSMUSG00000025059.16	148.09201070145
ENSMUSG00000025060.15	321.105410841591
ENSMUSG00000025064.15	0
ENSMUSG00000025066.10	3570.16680267493
ENSMUSG00000025068.8	2481.81412033534
ENSMUSG00000025069.15	116.232972569323
ENSMUSG00000025075.14	0
ENSMUSG00000025076.11	65.7746388123216
ENSMUSG00000025077.13	17.883208229929
ENSMUSG00000025078.9	50.2196275548244
ENSMUSG00000025081.13	5.72117716756928
ENSMUSG00000025082.8	0
ENSMUSG00000025083.18	28.6732404383037
ENSMUSG00000025085.16	619.943603010795
ENSMUSG00000025086.13	379.534371909606
ENSMUSG00000025089.15	474.396897067124
ENSMUSG00000025090.9	62.7581015440214
ENSMUSG00000025091.4	0
ENSMUSG00000025092.7	1663.66374999391
ENSMUSG00000025094.8	26.2523450583844
ENSMUSG00000025102.14	1144.40606724912
ENSMUSG00000025103.8	2393.37300425515
ENSMUSG00000025104.13	1045.89440841827
ENSMUSG00000025105.10	0
ENSMUSG00000025127.15	0
ENSMUSG00000025128.7	176.029406811496
ENSMUSG00000025129.2	0
ENSMUSG00000025130.11	5059.11868049548
ENSMUSG00000025132.13	9170.44080820945
ENSMUSG00000025133.9	1174.82606404266
ENSMUSG00000025134.2	2811.23663829317
ENSMUSG00000025135.12	4226.97331633866
ENSMUSG00000025137.15	1836.30860373822
ENSMUSG00000025138.14	522.252153422487
ENSMUSG00000025139.14	1967.31764003788
ENSMUSG00000025140.15	66.5559272083577
ENSMUSG00000025141.3	1665.23700114806
ENSMUSG00000025142.18	2376.59434280723
ENSMUSG00000025144.17	582.814488749285
ENSMUSG00000025145.13	285.669306585922
ENSMUSG00000025147.7	1084.15734592853
ENSMUSG00000025150.10	0
ENSMUSG00000025151.16	19790.5453497963
ENSMUSG00000025153.9	1915.02319115776
ENSMUSG00000025154.15	52.1596460444542
ENSMUSG00000025155.15	820.661685683128
ENSMUSG00000025156.17	5716.23159828928
ENSMUSG00000025157.8	869.128938797418
ENSMUSG00000025158.7	1312.55130284009
ENSMUSG00000025159.8	349.600963726418
ENSMUSG00000025161.16	39.4059681765952
ENSMUSG00000025162.18	1914.55252045577
ENSMUSG00000025163.6	0
ENSMUSG00000025165.12	0
ENSMUSG00000025169.6	771.714991411458
ENSMUSG00000025170.13	1076.29521008702
ENSMUSG00000025171.2	558.233992242102
ENSMUSG00000025172.3	55.3442889096324
ENSMUSG00000025173.13	716.728106361805
ENSMUSG00000025175.12	2662.28821291056
ENSMUSG00000025176.14	0
ENSMUSG00000025178.9	1528.83819229049
ENSMUSG00000025184.10	346.655526448776
ENSMUSG00000025185.14	0
ENSMUSG00000025188.15	28.6837275308679
ENSMUSG00000025189.9	1465.21144112399
ENSMUSG00000025190.13	16800.9917764145
ENSMUSG00000025192.13	67.0530653344388
ENSMUSG00000025193.14	415.941687056113
ENSMUSG00000025194.5	3.85725252220031
ENSMUSG00000025195.9	68.4424178296908
ENSMUSG00000025196.4	25.2938684942317
ENSMUSG00000025197.9	25.5902849170966
ENSMUSG00000025198.16	386.9117294127
ENSMUSG00000025199.16	51.6742122627528
ENSMUSG00000025200.7	487.628673994207
ENSMUSG00000025201.7	35.4726842333041
ENSMUSG00000025202.8	102.87703595706
ENSMUSG00000025203.6	4831.47152317852
ENSMUSG00000025204.10	32436.2687434715
ENSMUSG00000025207.16	625.178097933262
ENSMUSG00000025208.9	3473.05407829592
ENSMUSG00000025209.5	185.65637051596
ENSMUSG00000025212.17	2299.26895182502
ENSMUSG00000025213.11	247.270036872324
ENSMUSG00000025215.10	0
ENSMUSG00000025216.9	79.2815146497053
ENSMUSG00000025217.15	1195.15554267112
ENSMUSG00000025218.6	425.820091289439
ENSMUSG00000025219.13	0
ENSMUSG00000025220.8	1339.30371991354
ENSMUSG00000025221.16	6607.54123724543
ENSMUSG00000025223.15	2147.35480163451
ENSMUSG00000025224.16	693.484464463883
ENSMUSG00000025225.15	20.7416900317253
ENSMUSG00000025226.11	1640.44392253535
ENSMUSG00000025227.14	683.085731896811
ENSMUSG00000025228.5	4378.150186468
ENSMUSG00000025229.15	15.2166152527903
ENSMUSG00000025231.17	239.953198632569
ENSMUSG00000025232.8	1377.1130906704
ENSMUSG00000025234.11	412.790003624709
ENSMUSG00000025235.8	1456.32768768184
ENSMUSG00000025236.11	291.821827858365
ENSMUSG00000025237.16	2690.41734178734
ENSMUSG00000025239.3	5.08970437959385
ENSMUSG00000025240.10	883.245813852289
ENSMUSG00000025241.16	123.588357116568
ENSMUSG00000025243.15	0
ENSMUSG00000025245.14	579.285550889833
ENSMUSG00000025246.13	371.184118090083
ENSMUSG00000025255.18	9.72128511437238
ENSMUSG00000025257.5	57.5850934440289
ENSMUSG00000025260.10	2660.33439890035
ENSMUSG00000025261.18	603.643883334896
ENSMUSG00000025262.8	39.0400123423222
ENSMUSG00000025264.12	3525.42867852636
ENSMUSG00000025265.14	219.563731337711
ENSMUSG00000025266.11	1870.47224288451
ENSMUSG00000025268.15	2692.32711625109
ENSMUSG00000025269.16	101.754573725251
ENSMUSG00000025270.13	14.0924363838056
ENSMUSG00000025271.13	36.5591907191786
ENSMUSG00000025272.16	1005.32892985845
ENSMUSG00000025277.14	1403.04948085371
ENSMUSG00000025278.9	48.6267443137051
ENSMUSG00000025279.7	0
ENSMUSG00000025280.8	153.850142385674
ENSMUSG00000025283.15	820.978046308816
ENSMUSG00000025287.15	567.564352254192
ENSMUSG00000025288.1	0
ENSMUSG00000025289.15	818.874135786284
ENSMUSG00000025290.17	29934.7997204946
ENSMUSG00000025314.16	600.172780542472
ENSMUSG00000025316.16	500.278791822994
ENSMUSG00000025317.7	0
ENSMUSG00000025318.13	3382.04827506366
ENSMUSG00000025321.14	25.7761499058468
ENSMUSG00000025323.10	81.8049400863911
ENSMUSG00000025324.8	10.9007397004145
ENSMUSG00000025326.12	369.60484310003
ENSMUSG00000025328.9	0
ENSMUSG00000025329.3	7.06021658778094
ENSMUSG00000025330.6	0
ENSMUSG00000025332.14	594.679510368665
ENSMUSG00000025333.10	0
ENSMUSG00000025337.10	4483.13300564269
ENSMUSG00000025340.14	1187.53114547265
ENSMUSG00000025347.4	0
ENSMUSG00000025348.9	25.9534629203035
ENSMUSG00000025350.15	181.397393683062
ENSMUSG00000025351.14	1412.10227624028
ENSMUSG00000025352.6	417.833109107879
ENSMUSG00000025353.5	234.124341496706
ENSMUSG00000025354.5	1190.73236168947
ENSMUSG00000025355.7	12.7007118080926
ENSMUSG00000025357.8	141.637049170234
ENSMUSG00000025358.16	13.5963282400299
ENSMUSG00000025359.10	0
ENSMUSG00000025362.6	12128.84918362
ENSMUSG00000025364.13	2218.68182536265
ENSMUSG00000025366.8	198.350184563765
ENSMUSG00000025369.15	3778.62089517373
ENSMUSG00000025370.7	293.894807700149
ENSMUSG00000025371.12	1482.01163856556
ENSMUSG00000025372.16	6111.26480060336
ENSMUSG00000025373.14	1667.47752477819
ENSMUSG00000025374.13	4502.21823443463
ENSMUSG00000025375.15	1310.30125967653
ENSMUSG00000025377.14	400.90375812752
ENSMUSG00000025380.2	0
ENSMUSG00000025381.3	5989.03605134153
ENSMUSG00000025383.2	0
ENSMUSG00000025384.15	197.093044342627
ENSMUSG00000025386.2	0
ENSMUSG00000025389.7	0
ENSMUSG00000025393.12	98489.6196440219
ENSMUSG00000025395.14	207.659102216951
ENSMUSG00000025396.7	0
ENSMUSG00000025400.11	3484.42342873372
ENSMUSG00000025401.9	3.86443118675321
ENSMUSG00000025402.12	1304.58195520406
ENSMUSG00000025403.5	400.474068236652
ENSMUSG00000025404.15	4066.72810745341
ENSMUSG00000025405.9	0
ENSMUSG00000025407.7	0
ENSMUSG00000025408.15	3092.20588592679
ENSMUSG00000025409.14	184.726046801489
ENSMUSG00000025410.10	14745.6683282725
ENSMUSG00000025413.13	1718.50965231406
ENSMUSG00000025417.8	1414.99097085637
ENSMUSG00000025418.7	0
ENSMUSG00000025420.13	125.590393025618
ENSMUSG00000025421.15	2686.64183240628
ENSMUSG00000025422.10	6425.05533953505
ENSMUSG00000025423.16	592.824855564045
ENSMUSG00000025425.18	1333.89287953576
ENSMUSG00000025427.15	194.205442132013
ENSMUSG00000025428.15	39853.2395533016
ENSMUSG00000025429.9	240.92063292162
ENSMUSG00000025431.4	0
ENSMUSG00000025432.11	0
ENSMUSG00000025433.7	0
ENSMUSG00000025436.12	804.357814866422
ENSMUSG00000025437.15	1948.57733047192
ENSMUSG00000025439.5	3413.06563038275
ENSMUSG00000025450.4	0
ENSMUSG00000025451.15	2176.00990814192
ENSMUSG00000025453.18	0
ENSMUSG00000025461.11	0
ENSMUSG00000025464.15	121.329637132374
ENSMUSG00000025465.13	2333.52878507632
ENSMUSG00000025466.19	4293.02882820451
ENSMUSG00000025467.8	0
ENSMUSG00000025468.15	21591.9442326601
ENSMUSG00000025469.10	13.9564475079056
ENSMUSG00000025470.11	877.127906227624
ENSMUSG00000025473.16	0
ENSMUSG00000025474.9	422.711417422182
ENSMUSG00000025475.17	771.612274085182
ENSMUSG00000025477.14	1920.72395594873
ENSMUSG00000025478.15	646.180435911428
ENSMUSG00000025479.9	0
ENSMUSG00000025480.5	10.7346628565623
ENSMUSG00000025481.12	0
ENSMUSG00000025482.11	0
ENSMUSG00000025484.9	613.577906612715
ENSMUSG00000025485.13	891.542009206569
ENSMUSG00000025486.17	3099.83752421299
ENSMUSG00000025487.15	6618.94788552732
ENSMUSG00000025488.9	143.07268844606
ENSMUSG00000025489.5	0
ENSMUSG00000025491.14	0
ENSMUSG00000025492.6	79.6174761507812
ENSMUSG00000025494.8	0
ENSMUSG00000025495.15	1337.38208504749
ENSMUSG00000025496.5	2.9907564990798
ENSMUSG00000025497.15	0
ENSMUSG00000025498.15	45.3267746419052
ENSMUSG00000025499.18	11520.6908566288
ENSMUSG00000025500.12	0
ENSMUSG00000025503.5	5481.23067942749
ENSMUSG00000025504.14	301.978264890984
ENSMUSG00000025505.16	681.761237075216
ENSMUSG00000025507.13	8.43380723260158
ENSMUSG00000025508.13	25008.7550035517
ENSMUSG00000025509.15	167.105546482611
ENSMUSG00000025510.14	659.12746954844
ENSMUSG00000025511.15	842.797066620421
ENSMUSG00000025512.15	2313.5915736483
ENSMUSG00000025515.15	0
ENSMUSG00000025519.5	0
ENSMUSG00000025521.15	1269.39685451506
ENSMUSG00000025525.12	521.225854084102
ENSMUSG00000025527.9	0
ENSMUSG00000025528.10	0
ENSMUSG00000025529.14	13.0127652350488
ENSMUSG00000025531.14	252.110984919367
ENSMUSG00000025532.13	1668.38337861001
ENSMUSG00000025533.15	826.292068349895
ENSMUSG00000025534.17	548.763835540742
ENSMUSG00000025537.12	75.3221378213437
ENSMUSG00000025538.15	467.091763171749
ENSMUSG00000025544.13	1685.82481806567
ENSMUSG00000025545.10	1132.3918230418
ENSMUSG00000025551.13	473.827535333324
ENSMUSG00000025555.14	129.285782267943
ENSMUSG00000025557.10	0
ENSMUSG00000025558.19	298.219204015233
ENSMUSG00000025571.13	172.469382213371
ENSMUSG00000025572.17	16.7545036811174
ENSMUSG00000025573.4	0
ENSMUSG00000025574.13	0
ENSMUSG00000025575.14	933.341500203028
ENSMUSG00000025576.17	6908.37878112737
ENSMUSG00000025577.7	29.5754425146786
ENSMUSG00000025578.9	471.508389720546
ENSMUSG00000025579.14	14322.6294389004
ENSMUSG00000025580.15	2932.24120676764
ENSMUSG00000025582.4	1090.08910766018
ENSMUSG00000025583.15	380.295997007084
ENSMUSG00000025584.17	3.91970690381057
ENSMUSG00000025586.17	407.706822466382
ENSMUSG00000025588.4	42.5496614422368
ENSMUSG00000025591.6	182.564270000344
ENSMUSG00000025592.17	0
ENSMUSG00000025597.13	54.3251994473852
ENSMUSG00000025602.13	45.5887022633312
ENSMUSG00000025607.15	914.711929340692
ENSMUSG00000025608.9	48.5105747942881
ENSMUSG00000025609.15	471.431234682395
ENSMUSG00000025610.7	0
ENSMUSG00000025612.5	49.9808589294779
ENSMUSG00000025613.13	6946.41637099384
ENSMUSG00000025616.14	697.265342237557
ENSMUSG00000025626.16	156.986251236158
ENSMUSG00000025630.8	7698.38104594833
ENSMUSG00000025644.10	0
ENSMUSG00000025645.8	212.624771757704
ENSMUSG00000025646.9	681.457798045723
ENSMUSG00000025647.16	1668.30769051636
ENSMUSG00000025648.18	121.892257163812
ENSMUSG00000025650.13	0
ENSMUSG00000025651.14	10873.9073816834
ENSMUSG00000025652.6	0
ENSMUSG00000025656.17	4038.72416824411
ENSMUSG00000025658.16	736.264592249853
ENSMUSG00000025665.16	17.5472467288531
ENSMUSG00000025666.16	691.692857060988
ENSMUSG00000025701.12	0
ENSMUSG00000025702.15	334.887385589276
ENSMUSG00000025716.14	0
ENSMUSG00000025722.16	520.299088490322
ENSMUSG00000025723.12	0
ENSMUSG00000025724.12	1290.08220763584
ENSMUSG00000025726.11	12.3451806432138
ENSMUSG00000025727.8	56.2919038422008
ENSMUSG00000025728.16	1058.71253820918
ENSMUSG00000025730.14	544.793503446041
ENSMUSG00000025731.16	2561.36037164912
ENSMUSG00000025732.6	768.887814829429
ENSMUSG00000025733.17	1131.44380235862
ENSMUSG00000025735.13	1497.39570397194
ENSMUSG00000025736.15	1236.9604020602
ENSMUSG00000025737.5	406.771567321479
ENSMUSG00000025738.8	12060.6328000889
ENSMUSG00000025739.13	12085.1867355373
ENSMUSG00000025742.5	448.031909398429
ENSMUSG00000025743.14	2110.45777671916
ENSMUSG00000025745.12	807.273351445622
ENSMUSG00000025746.11	0
ENSMUSG00000025747.12	8.61798679576108
ENSMUSG00000025754.11	0
ENSMUSG00000025757.13	1402.26694399427
ENSMUSG00000025758.10	170.6385730597
ENSMUSG00000025759.11	263.895168533564
ENSMUSG00000025762.16	847.123772592797
ENSMUSG00000025764.14	440.378391791143
ENSMUSG00000025766.14	198.070123011447
ENSMUSG00000025774.14	0
ENSMUSG00000025776.13	25.6720280582446
ENSMUSG00000025777.8	794.526103164275
ENSMUSG00000025779.10	37.1457500363209
ENSMUSG00000025780.7	23.1083396768926
ENSMUSG00000025781.14	21079.9895302113
ENSMUSG00000025782.12	186.762665146733
ENSMUSG00000025783.2	0
ENSMUSG00000025784.5	53.0051990940312
ENSMUSG00000025785.5	2069.79195291353
ENSMUSG00000025786.17	1302.07878608605
ENSMUSG00000025787.6	0
ENSMUSG00000025789.9	73.6825308374605
ENSMUSG00000025790.14	736.905241243822
ENSMUSG00000025791.18	1452.2335392294
ENSMUSG00000025792.9	308.708918352616
ENSMUSG00000025793.17	1976.91476546708
ENSMUSG00000025794.9	16033.2440583624
ENSMUSG00000025795.8	446.786879272276
ENSMUSG00000025804.5	0
ENSMUSG00000025808.17	0
ENSMUSG00000025809.15	309.003149964531
ENSMUSG00000025810.9	140.189206164668
ENSMUSG00000025812.18	315.436606713673
ENSMUSG00000025813.14	165.803243097959
ENSMUSG00000025815.13	7.18456354247124
ENSMUSG00000025816.15	1223.75375045905
ENSMUSG00000025817.12	603.516477644875
ENSMUSG00000025821.9	73.5643949881877
ENSMUSG00000025823.9	1962.2603957067
ENSMUSG00000025825.12	12650.0619288384
ENSMUSG00000025838.12	0
ENSMUSG00000025839.3	0
ENSMUSG00000025854.15	1926.59064152563
ENSMUSG00000025855.13	19888.8212051024
ENSMUSG00000025856.15	1116.47232289452
ENSMUSG00000025857.10	67.404788685946
ENSMUSG00000025858.12	2563.01062178349
ENSMUSG00000025860.15	259.880515988145
ENSMUSG00000025862.14	313.056692144875
ENSMUSG00000025867.8	24399.9887997308
ENSMUSG00000025868.6	10684.3893890233
ENSMUSG00000025869.11	1326.94102957114
ENSMUSG00000025870.10	351.473159441815
ENSMUSG00000025871.18	2158.6175332979
ENSMUSG00000025872.5	1468.53119894068
ENSMUSG00000025873.16	664.631726200172
ENSMUSG00000025875.14	1660.51980703559
ENSMUSG00000025876.15	865.775909431097
ENSMUSG00000025877.14	0
ENSMUSG00000025878.16	313.259380177947
ENSMUSG00000025880.11	159.473502445814
ENSMUSG00000025885.18	1935.0482631976
ENSMUSG00000025887.10	0
ENSMUSG00000025888.6	170.176641601513
ENSMUSG00000025889.13	11827.7584201488
ENSMUSG00000025892.16	928.060624865232
ENSMUSG00000025893.8	70.447949436262
ENSMUSG00000025894.11	221.869175064669
ENSMUSG00000025898.6	53.3941266548736
ENSMUSG00000025899.14	103.695871889866
ENSMUSG00000025900.13	0
ENSMUSG00000025902.13	0
ENSMUSG00000025903.14	390.190662476202
ENSMUSG00000025905.14	78.4174531302158
ENSMUSG00000025907.14	688.141259590816
ENSMUSG00000025909.16	433.123227643374
ENSMUSG00000025911.14	59.7542673908213
ENSMUSG00000025912.16	0
ENSMUSG00000025915.14	61.7137306979139
ENSMUSG00000025916.10	0
ENSMUSG00000025917.9	4772.17974905441
ENSMUSG00000025920.19	1986.33947810066
ENSMUSG00000025921.7	86.0205640277064
ENSMUSG00000025922.9	14.7286533327029
ENSMUSG00000025925.14	340.368264763833
ENSMUSG00000025927.13	70.971867102284
ENSMUSG00000025929.4	0
ENSMUSG00000025930.6	66.7505002293264
ENSMUSG00000025931.15	451.911041241723
ENSMUSG00000025932.14	109.165233989554
ENSMUSG00000025933.15	1960.71270684068
ENSMUSG00000025934.15	61.3003956775918
ENSMUSG00000025935.10	238.8683463607
ENSMUSG00000025936.15	0
ENSMUSG00000025937.6	372.839705405493
ENSMUSG00000025938.16	21.935096196268
ENSMUSG00000025939.19	846.129995725995
ENSMUSG00000025940.6	1294.28490998096
ENSMUSG00000025945.11	0
ENSMUSG00000025946.13	60.0480932521302
ENSMUSG00000025949.16	96.7800713059387
ENSMUSG00000025950.16	483.384928414795
ENSMUSG00000025952.15	0
ENSMUSG00000025955.13	0
ENSMUSG00000025956.10	396.482855591577
ENSMUSG00000025958.14	122.4799713096
ENSMUSG00000025959.13	96.6245127662358
ENSMUSG00000025961.1	0
ENSMUSG00000025962.15	666.091148703777
ENSMUSG00000025963.5	43.0168052351208
ENSMUSG00000025964.15	2109.24645510482
ENSMUSG00000025967.16	16062.4331326662
ENSMUSG00000025968.16	3486.39896600709
ENSMUSG00000025969.15	199.213122466194
ENSMUSG00000025971.6	336.841948677522
ENSMUSG00000025977.15	0
ENSMUSG00000025978.14	34.7168644906384
ENSMUSG00000025979.13	984.488580006503
ENSMUSG00000025980.14	6583.2634306897
ENSMUSG00000025981.13	561.749103369394
ENSMUSG00000025982.13	1979.4337276471
ENSMUSG00000025983.11	0
ENSMUSG00000025986.6	468.418692496976
ENSMUSG00000025991.8	2.95230382634424
ENSMUSG00000025993.10	27.6241566428593
ENSMUSG00000025995.16	456.427139111955
ENSMUSG00000025997.13	4.3825747095478
ENSMUSG00000026000.16	8385.2495595255
ENSMUSG00000026003.5	344.850903814931
ENSMUSG00000026004.15	69.019051862799
ENSMUSG00000026005.15	292.391376861676
ENSMUSG00000026009.14	0
ENSMUSG00000026011.13	0
ENSMUSG00000026012.2	0
ENSMUSG00000026014.15	50.4155114623637
ENSMUSG00000026017.13	33.934764593392
ENSMUSG00000026018.12	637.653805424999
ENSMUSG00000026019.15	535.34781662733
ENSMUSG00000026020.9	2746.73209250977
ENSMUSG00000026021.15	5764.57419233303
ENSMUSG00000026023.16	20.1332513934891
ENSMUSG00000026024.14	217.177262336061
ENSMUSG00000026027.13	591.68890992751
ENSMUSG00000026028.12	347.983485756309
ENSMUSG00000026029.14	0
ENSMUSG00000026031.15	97.979782210654
ENSMUSG00000026032.8	12449.5590812563
ENSMUSG00000026034.17	550.707037612043
ENSMUSG00000026035.15	1686.03665109315
ENSMUSG00000026036.17	529.892687010408
ENSMUSG00000026037.14	273.986498199846
ENSMUSG00000026039.9	12.9836760378171
ENSMUSG00000026042.16	17.7639175520107
ENSMUSG00000026043.18	7.6633180449799
ENSMUSG00000026047.13	73.3107072252051
ENSMUSG00000026048.16	210.46430584313
ENSMUSG00000026049.11	261.760701869305
ENSMUSG00000026051.8	0
ENSMUSG00000026058.11	364.738676092296
ENSMUSG00000026062.12	34.3860216895046
ENSMUSG00000026063.4	0
ENSMUSG00000026064.16	0
ENSMUSG00000026065.8	105.148209363674
ENSMUSG00000026068.11	0
ENSMUSG00000026069.15	0
ENSMUSG00000026070.15	0
ENSMUSG00000026072.12	14.9803747658297
ENSMUSG00000026073.13	65.1998150511441
ENSMUSG00000026074.15	370.40944655007
ENSMUSG00000026077.15	302.000737232193
ENSMUSG00000026078.10	1304.67003429696
ENSMUSG00000026080.13	1859.80068985285
ENSMUSG00000026082.11	508.907140864979
ENSMUSG00000026083.12	1381.57341343822
ENSMUSG00000026085.11	0
ENSMUSG00000026087.11	7094.04504571578
ENSMUSG00000026088.15	276.342972868299
ENSMUSG00000026090.16	5353.78138682169
ENSMUSG00000026094.14	60.1227201518954
ENSMUSG00000026095.15	414.942666643029
ENSMUSG00000026096.14	459.278036498594
ENSMUSG00000026097.9	112.651911362899
ENSMUSG00000026098.13	12.5646917206076
ENSMUSG00000026100.6	0
ENSMUSG00000026102.9	560.753235326396
ENSMUSG00000026103.14	1358.47755839533
ENSMUSG00000026104.14	169.584432987484
ENSMUSG00000026107.11	58.8746937135805
ENSMUSG00000026109.14	1316.93865292214
ENSMUSG00000026110.15	271.065249900589
ENSMUSG00000026111.15	2072.02198945109
ENSMUSG00000026112.7	619.521528746669
ENSMUSG00000026113.17	955.172942725469
ENSMUSG00000026114.14	12.6066088792795
ENSMUSG00000026116.11	289.711050787132
ENSMUSG00000026117.10	24.91901735823
ENSMUSG00000026121.13	181.065864227058
ENSMUSG00000026123.11	4874.62650210049
ENSMUSG00000026124.4	0
ENSMUSG00000026125.9	0
ENSMUSG00000026126.15	58.7064632703625
ENSMUSG00000026127.13	340.612027242782
ENSMUSG00000026131.20	748.323063273141
ENSMUSG00000026134.11	318.392655930219
ENSMUSG00000026135.17	151.944987236504
ENSMUSG00000026141.13	0.904636580005936
ENSMUSG00000026142.15	79.3516158696437
ENSMUSG00000026147.16	0
ENSMUSG00000026149.2	0
ENSMUSG00000026150.14	9785.44564606577
ENSMUSG00000026153.15	59.1383067605972
ENSMUSG00000026154.4	3917.77069313431
ENSMUSG00000026155.13	4449.15398302175
ENSMUSG00000026156.8	223.515773443595
ENSMUSG00000026158.11	580.375553073229
ENSMUSG00000026159.13	322.553753232517
ENSMUSG00000026162.7	78.6213272035183
ENSMUSG00000026163.17	205.569112061335
ENSMUSG00000026166.14	0
ENSMUSG00000026167.14	72.9979047202085
ENSMUSG00000026170.6	114.919245744556
ENSMUSG00000026171.12	2354.50169052982
ENSMUSG00000026172.12	709.690362115233
ENSMUSG00000026173.15	253.562105141359
ENSMUSG00000026174.9	457.294290578361
ENSMUSG00000026175.12	0
ENSMUSG00000026176.13	145.95236291408
ENSMUSG00000026177.11	99.2290571123693
ENSMUSG00000026179.14	6986.7128993256
ENSMUSG00000026180.8	0
ENSMUSG00000026181.13	692.237311949948
ENSMUSG00000026182.6	0
ENSMUSG00000026185.8	542.020603810349
ENSMUSG00000026187.9	449.14603813704
ENSMUSG00000026188.11	490.236901307372
ENSMUSG00000026189.13	406.948786701181
ENSMUSG00000026192.13	346.380052999455
ENSMUSG00000026193.15	13.5633688062565
ENSMUSG00000026196.7	5.21448829647432
ENSMUSG00000026197.12	849.335050967771
ENSMUSG00000026198.15	582.534458408552
ENSMUSG00000026199.17	388.549026739293
ENSMUSG00000026200.13	80.5868767696884
ENSMUSG00000026201.12	2620.86831721102
ENSMUSG00000026202.13	14845.1189252153
ENSMUSG00000026203.16	2992.22016635896
ENSMUSG00000026204.15	10248.0109179095
ENSMUSG00000026205.8	0
ENSMUSG00000026207.16	2028.80752124809
ENSMUSG00000026208.9	0
ENSMUSG00000026209.15	1636.58748151436
ENSMUSG00000026211.17	401.202265726581
ENSMUSG00000026213.15	267.886193909128
ENSMUSG00000026219.14	949.533227794783
ENSMUSG00000026220.6	49.3312522106101
ENSMUSG00000026222.16	32.6548711267793
ENSMUSG00000026223.15	33658.0509205285
ENSMUSG00000026224.11	176.174166142785
ENSMUSG00000026226.16	0
ENSMUSG00000026227.11	22.9662957535001
ENSMUSG00000026228.6	0
ENSMUSG00000026229.17	2386.64921734222
ENSMUSG00000026234.12	9805.0186182967
ENSMUSG00000026235.14	692.967038807544
ENSMUSG00000026237.6	20.355321820854
ENSMUSG00000026238.14	12718.9230188694
ENSMUSG00000026239.14	2516.83813803409
ENSMUSG00000026240.12	533.621784764546
ENSMUSG00000026241.5	418.513927411759
ENSMUSG00000026245.16	2301.55866491313
ENSMUSG00000026246.12	0
ENSMUSG00000026247.13	1043.94830366956
ENSMUSG00000026248.9	2212.01621684419
ENSMUSG00000026249.10	4990.92785925258
ENSMUSG00000026251.13	2.8567651646206
ENSMUSG00000026253.14	0
ENSMUSG00000026254.17	1036.6743813592
ENSMUSG00000026255.15	95.6207794038148
ENSMUSG00000026258.5	0
ENSMUSG00000026259.14	11846.6359358425
ENSMUSG00000026260.12	9972.10699840755
ENSMUSG00000026269.14	239.01635169683
ENSMUSG00000026270.11	781.108461248443
ENSMUSG00000026271.15	0
ENSMUSG00000026272.6	0
ENSMUSG00000026273.13	869.563310426039
ENSMUSG00000026274.11	82.4695283660649
ENSMUSG00000026275.13	1751.98482631814
ENSMUSG00000026276.20	93.777048653949
ENSMUSG00000026277.14	6543.00810165016
ENSMUSG00000026278.14	981.759501436169
ENSMUSG00000026279.14	2906.77233491624
ENSMUSG00000026280.17	1005.36841251349
ENSMUSG00000026281.15	1068.05191836933
ENSMUSG00000026283.13	111.229256106439
ENSMUSG00000026285.7	13.2633318395302
ENSMUSG00000026288.14	63.3593927292896
ENSMUSG00000026289.15	870.371721689451
ENSMUSG00000026295.12	11.8277549868745
ENSMUSG00000026301.16	0
ENSMUSG00000026303.6	18.3156135286939
ENSMUSG00000026304.13	0
ENSMUSG00000026305.15	2293.31946191309
ENSMUSG00000026307.12	829.081666183569
ENSMUSG00000026308.8	0
ENSMUSG00000026309.14	2247.28340400177
ENSMUSG00000026311.16	171.423481999598
ENSMUSG00000026312.17	109.738746864161
ENSMUSG00000026313.16	121.298269489437
ENSMUSG00000026315.13	0
ENSMUSG00000026317.7	335.834282655389
ENSMUSG00000026319.13	287.048078353854
ENSMUSG00000026321.7	39.2343356706108
ENSMUSG00000026322.9	60.4081500968358
ENSMUSG00000026327.8	0
ENSMUSG00000026331.13	0
ENSMUSG00000026333.14	70.1106146254456
ENSMUSG00000026335.16	3908.35091193116
ENSMUSG00000026336.13	0
ENSMUSG00000026339.18	107.917582090259
ENSMUSG00000026341.16	3191.7416280735
ENSMUSG00000026342.10	146.559740358425
ENSMUSG00000026343.6	0
ENSMUSG00000026344.9	4310.262773043
ENSMUSG00000026347.13	329.140739768336
ENSMUSG00000026348.7	0
ENSMUSG00000026349.14	103.088275964425
ENSMUSG00000026353.9	1265.23188697622
ENSMUSG00000026354.8	5.56667982175679
ENSMUSG00000026355.11	44.8043863435489
ENSMUSG00000026356.15	664.791997689211
ENSMUSG00000026357.3	0
ENSMUSG00000026358.13	0
ENSMUSG00000026360.9	4541.11192686641
ENSMUSG00000026361.9	115.399997788506
ENSMUSG00000026365.15	15.7158445550672
ENSMUSG00000026368.6	0
ENSMUSG00000026374.14	1303.97997736392
ENSMUSG00000026377.12	1196.8749264663
ENSMUSG00000026380.10	4.73782497016151
ENSMUSG00000026383.14	23.4422100017727
ENSMUSG00000026384.13	114.095603227658
ENSMUSG00000026385.16	5647.7320944706
ENSMUSG00000026387.15	0
ENSMUSG00000026388.15	246.68041881985
ENSMUSG00000026389.16	32.2666926439773
ENSMUSG00000026390.7	0
ENSMUSG00000026393.10	447.938992509847
ENSMUSG00000026394.5	0
ENSMUSG00000026395.16	1.07158734823847
ENSMUSG00000026398.14	0
ENSMUSG00000026399.12	57.1927638204202
ENSMUSG00000026401.15	0
ENSMUSG00000026404.12	521.979894766422
ENSMUSG00000026405.14	1.88567912012278
ENSMUSG00000026407.17	56.6678161720928
ENSMUSG00000026409.14	278.912497816048
ENSMUSG00000026411.17	3597.7078428669
ENSMUSG00000026413.12	5.28964579318473
ENSMUSG00000026414.13	761.527030677977
ENSMUSG00000026415.11	0
ENSMUSG00000026416.12	0
ENSMUSG00000026417.13	0
ENSMUSG00000026418.16	0
ENSMUSG00000026420.16	0
ENSMUSG00000026421.14	1212.01891236076
ENSMUSG00000026424.8	376.322138003277
ENSMUSG00000026425.15	1045.59096938877
ENSMUSG00000026426.10	7093.65727298358
ENSMUSG00000026427.16	783.238214963364
ENSMUSG00000026429.9	48.2155004695787
ENSMUSG00000026430.16	509.02146890088
ENSMUSG00000026432.7	0
ENSMUSG00000026433.13	56.3463992696328
ENSMUSG00000026434.12	1192.29097461025
ENSMUSG00000026435.15	0
ENSMUSG00000026436.15	194.120733890289
ENSMUSG00000026437.11	727.041724936547
ENSMUSG00000026439.14	756.173432347101
ENSMUSG00000026442.14	1264.49023729315
ENSMUSG00000026443.3	2848.27870344408
ENSMUSG00000026447.17	56.7415379358926
ENSMUSG00000026450.14	0
ENSMUSG00000026452.15	3136.13119797846
ENSMUSG00000026455.14	464.234311352258
ENSMUSG00000026456.18	1346.69487293721
ENSMUSG00000026457.14	1377.93267568125
ENSMUSG00000026458.13	1765.74560839961
ENSMUSG00000026459.5	0
ENSMUSG00000026463.17	799.188396098706
ENSMUSG00000026466.16	276.928314933626
ENSMUSG00000026468.14	0
ENSMUSG00000026469.14	512.54241659457
ENSMUSG00000026470.14	1458.59264998304
ENSMUSG00000026471.14	70.2479768110861
ENSMUSG00000026473.16	5785.1243992907
ENSMUSG00000026475.7	433.777110349388
ENSMUSG00000026478.14	71.9417046833813
ENSMUSG00000026479.13	259.026286117934
ENSMUSG00000026480.12	140.410902053013
ENSMUSG00000026482.13	715.922847468479
ENSMUSG00000026483.13	10.2560956235637
ENSMUSG00000026484.13	562.061000738425
ENSMUSG00000026489.13	1059.45915053426
ENSMUSG00000026490.18	1229.75667460453
ENSMUSG00000026491.13	253.705210258642
ENSMUSG00000026492.11	431.068100828217
ENSMUSG00000026494.12	47.1296806385745
ENSMUSG00000026495.8	397.273601097872
ENSMUSG00000026496.11	1561.08235017009
ENSMUSG00000026497.7	0
ENSMUSG00000026499.5	325.347314937487
ENSMUSG00000026500.6	2427.65424865377
ENSMUSG00000026502.13	59.9095762378441
ENSMUSG00000026504.17	404.827023152022
ENSMUSG00000026509.15	1245.12173215564
ENSMUSG00000026510.10	102.873633894294
ENSMUSG00000026511.7	4184.95084977887
ENSMUSG00000026514.14	517.519728056533
ENSMUSG00000026516.8	91.4226651616916
ENSMUSG00000026519.16	55.1724067109679
ENSMUSG00000026520.8	1130.22336696146
ENSMUSG00000026523.14	0
ENSMUSG00000026525.9	181.519680673142
ENSMUSG00000026526.14	5391.75352599439
ENSMUSG00000026527.13	1367.75389115376
ENSMUSG00000026531.4	0
ENSMUSG00000026532.7	0
ENSMUSG00000026535.9	0
ENSMUSG00000026536.9	0
ENSMUSG00000026542.6	0
ENSMUSG00000026544.6	244.028151960232
ENSMUSG00000026546.16	170.860019255365
ENSMUSG00000026547.15	26.177187561674
ENSMUSG00000026548.4	68.2813348394406
ENSMUSG00000026553.17	1247.20117279552
ENSMUSG00000026554.15	1420.82541486595
ENSMUSG00000026556.15	97.8828702391898
ENSMUSG00000026558.13	256.956958031597
ENSMUSG00000026560.13	0
ENSMUSG00000026563.13	750.577944232378
ENSMUSG00000026564.9	0
ENSMUSG00000026565.18	29.2823657314101
ENSMUSG00000026566.15	148.850296159332
ENSMUSG00000026567.16	0
ENSMUSG00000026568.6	7017.11410674496
ENSMUSG00000026571.12	1338.95283927483
ENSMUSG00000026572.11	0
ENSMUSG00000026573.7	0
ENSMUSG00000026574.5	0
ENSMUSG00000026575.15	441.582628375685
ENSMUSG00000026576.12	71279.8473237613
ENSMUSG00000026577.13	296.256245010619
ENSMUSG00000026578.6	1505.54551699252
ENSMUSG00000026579.8	0.65872050169146
ENSMUSG00000026580.16	0
ENSMUSG00000026581.14	0
ENSMUSG00000026582.6	0
ENSMUSG00000026584.14	205.443485431659
ENSMUSG00000026585.13	2958.84296552024
ENSMUSG00000026586.16	15.6049497935174
ENSMUSG00000026587.15	1071.09242613492
ENSMUSG00000026589.14	0
ENSMUSG00000026592.13	0
ENSMUSG00000026594.14	255.453652039464
ENSMUSG00000026596.13	127.405190636177
ENSMUSG00000026600.12	121.597931917143
ENSMUSG00000026601.14	0
ENSMUSG00000026602.9	0
ENSMUSG00000026603.13	3282.73931629366
ENSMUSG00000026604.17	10.5770131406635
ENSMUSG00000026605.14	0
ENSMUSG00000026608.13	1027.82346250449
ENSMUSG00000026609.15	0
ENSMUSG00000026610.13	449.967995228347
ENSMUSG00000026611.17	0
ENSMUSG00000026614.7	68.2531507781742
ENSMUSG00000026615.14	633.205311847904
ENSMUSG00000026616.16	25.7258056192214
ENSMUSG00000026617.16	1210.49959482552
ENSMUSG00000026618.11	183.915700419806
ENSMUSG00000026620.11	1079.8305463214
ENSMUSG00000026621.13	0
ENSMUSG00000026622.15	43.8549923506349
ENSMUSG00000026623.16	1064.86412313407
ENSMUSG00000026626.11	871.095955308084
ENSMUSG00000026627.7	220.695681891364
ENSMUSG00000026628.13	0
ENSMUSG00000026630.9	0
ENSMUSG00000026632.17	835.304038983271
ENSMUSG00000026634.16	509.611336646034
ENSMUSG00000026637.13	31.047349652289
ENSMUSG00000026638.15	12.0498254142393
ENSMUSG00000026639.18	72.5049177349341
ENSMUSG00000026640.12	339.162186695775
ENSMUSG00000026641.13	4597.70886152894
ENSMUSG00000026643.16	925.218934896172
ENSMUSG00000026644.7	76.8659252392382
ENSMUSG00000026645.11	0
ENSMUSG00000026646.16	44.5363724630455
ENSMUSG00000026648.18	118.201299966559
ENSMUSG00000026649.14	51.1649952532719
ENSMUSG00000026650.15	422.470370351129
ENSMUSG00000026655.15	484.433856152314
ENSMUSG00000026656.15	202.852549336591
ENSMUSG00000026657.17	244.011828301271
ENSMUSG00000026659.13	1917.34811091377
ENSMUSG00000026662.13	179.922146905856
ENSMUSG00000026663.6	197.31161907247
ENSMUSG00000026664.7	3171.41917205166
ENSMUSG00000026667.14	771.570419349679
ENSMUSG00000026668.10	0
ENSMUSG00000026669.14	0
ENSMUSG00000026670.15	1080.23935566189
ENSMUSG00000026672.11	780.513568438102
ENSMUSG00000026674.9	25.3495187503092
ENSMUSG00000026675.12	81.0643203856265
ENSMUSG00000026676.7	85.4527628731567
ENSMUSG00000026678.10	113.348429094041
ENSMUSG00000026679.3	79.3750869815732
ENSMUSG00000026683.14	0
ENSMUSG00000026686.14	0
ENSMUSG00000026687.14	398.413354547778
ENSMUSG00000026688.5	6268.07164764887
ENSMUSG00000026691.10	0
ENSMUSG00000026692.12	0
ENSMUSG00000026694.19	177.110888232183
ENSMUSG00000026696.15	1960.76252053036
ENSMUSG00000026697.10	0
ENSMUSG00000026698.8	388.737575924354
ENSMUSG00000026700.4	0
ENSMUSG00000026701.15	3388.25629053426
ENSMUSG00000026705.16	209.862921023107
ENSMUSG00000026707.15	32.8945448880912
ENSMUSG00000026708.16	62.9576996301772
ENSMUSG00000026709.10	711.788810610387
ENSMUSG00000026712.3	1.52693316198766
ENSMUSG00000026715.12	0.522825260546489
ENSMUSG00000026718.17	610.475631120385
ENSMUSG00000026721.16	474.332632413583
ENSMUSG00000026723.10	111.166333551053
ENSMUSG00000026725.17	0
ENSMUSG00000026726.10	0
ENSMUSG00000026727.10	236.565149867863
ENSMUSG00000026728.9	276.823381584813
ENSMUSG00000026729.9	0
ENSMUSG00000026730.12	12.004474981216
ENSMUSG00000026734.9	0
ENSMUSG00000026735.2	0
ENSMUSG00000026736.2	17.9044321077376
ENSMUSG00000026737.12	827.678362109816
ENSMUSG00000026739.13	236.932198107612
ENSMUSG00000026740.12	103.895532399192
ENSMUSG00000026743.16	194.322173459961
ENSMUSG00000026748.13	490.569772861531
ENSMUSG00000026749.11	376.470361820502
ENSMUSG00000026750.6	14266.1825071155
ENSMUSG00000026751.14	0
ENSMUSG00000026753.5	678.928879370075
ENSMUSG00000026754.16	527.008986247921
ENSMUSG00000026755.14	5936.10114073694
ENSMUSG00000026761.12	854.929509100189
ENSMUSG00000026764.15	3981.44188959788
ENSMUSG00000026765.12	290.569494221319
ENSMUSG00000026766.16	1765.71065142439
ENSMUSG00000026767.12	1350.34488053493
ENSMUSG00000026768.10	0
ENSMUSG00000026770.5	0
ENSMUSG00000026771.14	97.3768680229651
ENSMUSG00000026773.19	389.521454881946
ENSMUSG00000026774.11	0
ENSMUSG00000026775.9	366.513710143549
ENSMUSG00000026778.13	112.511240749247
ENSMUSG00000026779.6	1.17336832696464
ENSMUSG00000026781.17	511.69012184263
ENSMUSG00000026782.15	1004.50868940432
ENSMUSG00000026784.14	54.6400307054076
ENSMUSG00000026785.14	74.3471815403043
ENSMUSG00000026786.14	80.9359159248846
ENSMUSG00000026787.3	3055.63851777234
ENSMUSG00000026788.13	125.540048738992
ENSMUSG00000026790.19	1043.24354607997
ENSMUSG00000026791.14	361.462552071446
ENSMUSG00000026792.16	692.029380370594
ENSMUSG00000026796.16	194.974401951969
ENSMUSG00000026797.16	11717.0417831146
ENSMUSG00000026798.10	574.415139106538
ENSMUSG00000026799.15	2368.38803681779
ENSMUSG00000026803.17	70.2683267645144
ENSMUSG00000026805.14	27.4638227306495
ENSMUSG00000026806.15	151.608276657387
ENSMUSG00000026807.8	36.4639953848901
ENSMUSG00000026809.15	0
ENSMUSG00000026810.12	3653.73363673528
ENSMUSG00000026811.18	1592.7496243239
ENSMUSG00000026812.16	415.399104862254
ENSMUSG00000026814.16	11.6022824967433
ENSMUSG00000026815.14	0
ENSMUSG00000026816.14	417.388312809864
ENSMUSG00000026817.14	6105.46356572023
ENSMUSG00000026818.5	0
ENSMUSG00000026819.15	1691.75486316015
ENSMUSG00000026820.5	1475.84532177254
ENSMUSG00000026821.16	725.980281353438
ENSMUSG00000026822.14	0
ENSMUSG00000026824.11	616.807494160311
ENSMUSG00000026825.17	30290.6832953798
ENSMUSG00000026826.13	51.9524323315554
ENSMUSG00000026827.12	286.126899633792
ENSMUSG00000026828.11	0
ENSMUSG00000026829.9	0
ENSMUSG00000026830.9	56.5654733848364
ENSMUSG00000026831.16	493.089577754356
ENSMUSG00000026832.12	0
ENSMUSG00000026833.18	16099.6988288237
ENSMUSG00000026834.13	56.2833206563223
ENSMUSG00000026835.15	0
ENSMUSG00000026836.15	417.564221302995
ENSMUSG00000026837.16	0
ENSMUSG00000026839.17	402.903172263429
ENSMUSG00000026840.14	0
ENSMUSG00000026841.7	428.161553185502
ENSMUSG00000026842.16	272.998807592121
ENSMUSG00000026843.15	330.01403991699
ENSMUSG00000026848.14	511.789842856745
ENSMUSG00000026849.18	2014.39313736488
ENSMUSG00000026851.9	4289.01813953038
ENSMUSG00000026853.15	320.464793059207
ENSMUSG00000026854.16	680.576382884966
ENSMUSG00000026856.14	431.206087245558
ENSMUSG00000026857.9	1315.48912449099
ENSMUSG00000026858.18	1768.33445331848
ENSMUSG00000026860.16	9549.58038478023
ENSMUSG00000026864.13	14177.811960429
ENSMUSG00000026866.16	0
ENSMUSG00000026867.18	365.460693688393
ENSMUSG00000026869.12	889.642097603681
ENSMUSG00000026870.19	0
ENSMUSG00000026872.18	167.84494893156
ENSMUSG00000026873.9	11.2156333816069
ENSMUSG00000026874.10	0
ENSMUSG00000026875.14	0
ENSMUSG00000026878.17	2905.79868952177
ENSMUSG00000026879.14	386.539780954105
ENSMUSG00000026880.11	13.218418368697
ENSMUSG00000026882.1	0
ENSMUSG00000026883.17	858.946845841919
ENSMUSG00000026885.13	713.421332564473
ENSMUSG00000026887.9	703.172290759122
ENSMUSG00000026888.14	649.7707669586
ENSMUSG00000026889.12	953.459770035711
ENSMUSG00000026890.19	1502.26174613334
ENSMUSG00000026893.4	52.6554420723798
ENSMUSG00000026894.4	0
ENSMUSG00000026895.7	14929.7535700221
ENSMUSG00000026896.14	0
ENSMUSG00000026904.17	864.158025710382
ENSMUSG00000026914.15	3413.51538932278
ENSMUSG00000026915.16	695.729919524446
ENSMUSG00000026917.15	604.586910164468
ENSMUSG00000026918.16	434.768203019879
ENSMUSG00000026919.1	0
ENSMUSG00000026921.20	2085.05875639502
ENSMUSG00000026922.13	51.0065652477478
ENSMUSG00000026923.15	81.9136812485751
ENSMUSG00000026924.17	637.210694552575
ENSMUSG00000026925.16	573.10912154327
ENSMUSG00000026926.14	1235.35372329851
ENSMUSG00000026927.17	870.335391404496
ENSMUSG00000026928.14	205.153467383722
ENSMUSG00000026930.15	1090.46342819924
ENSMUSG00000026931.10	0
ENSMUSG00000026932.14	779.723291105583
ENSMUSG00000026933.17	966.217099659017
ENSMUSG00000026934.15	48.9984118680354
ENSMUSG00000026936.4	0
ENSMUSG00000026937.12	0
ENSMUSG00000026938.10	78.9932756621137
ENSMUSG00000026939.12	1778.99998251424
ENSMUSG00000026940.3	0
ENSMUSG00000026941.16	0
ENSMUSG00000026942.13	353.488210581815
ENSMUSG00000026943.12	0
ENSMUSG00000026944.18	1569.40235996374
ENSMUSG00000026946.9	137.438872504941
ENSMUSG00000026950.18	0
ENSMUSG00000026955.13	4.80711468888954
ENSMUSG00000026956.15	1089.30591535746
ENSMUSG00000026958.13	535.078835187691
ENSMUSG00000026959.13	9956.59465338677
ENSMUSG00000026960.6	104.909752854177
ENSMUSG00000026961.6	0
ENSMUSG00000026963.4	0
ENSMUSG00000026965.12	2079.57303942478
ENSMUSG00000026966.6	2286.33293587752
ENSMUSG00000026969.3	0
ENSMUSG00000026970.16	227.450024946021
ENSMUSG00000026971.15	6.84697903897469
ENSMUSG00000026972.15	173.801274180615
ENSMUSG00000026974.11	777.01141011859
ENSMUSG00000026975.10	741.953777542784
ENSMUSG00000026976.15	136.567445051388
ENSMUSG00000026977.17	73.9707386134671
ENSMUSG00000026979.16	69.8053965356071
ENSMUSG00000026980.15	0
ENSMUSG00000026981.15	0
ENSMUSG00000026983.10	0
ENSMUSG00000026984.4	0
ENSMUSG00000026985.1	0
ENSMUSG00000026986.14	1033.89364761567
ENSMUSG00000026987.16	233.558631518352
ENSMUSG00000026988.15	234.746450809178
ENSMUSG00000026989.5	0
ENSMUSG00000026991.20	2909.4524112981
ENSMUSG00000026994.9	0
ENSMUSG00000026999.14	656.093110465098
ENSMUSG00000027001.10	193.049583504241
ENSMUSG00000027002.13	2617.98961030214
ENSMUSG00000027004.3	205.896334318608
ENSMUSG00000027006.13	1577.01464706722
ENSMUSG00000027007.16	80.4863754659477
ENSMUSG00000027009.18	18.9722428541895
ENSMUSG00000027010.16	4547.75244127053
ENSMUSG00000027011.14	2119.21159633289
ENSMUSG00000027012.15	2166.50039363186
ENSMUSG00000027014.14	594.71640246215
ENSMUSG00000027015.4	6.45608514827656
ENSMUSG00000027016.17	1379.26456764849
ENSMUSG00000027018.11	575.506889138695
ENSMUSG00000027022.14	0
ENSMUSG00000027030.15	1315.10397353193
ENSMUSG00000027035.10	243.381167014506
ENSMUSG00000027048.15	0
ENSMUSG00000027067.16	2952.30754052286
ENSMUSG00000027068.6	0
ENSMUSG00000027070.14	0.209367312264692
ENSMUSG00000027071.14	64.0998251605442
ENSMUSG00000027072.13	0
ENSMUSG00000027073.5	0
ENSMUSG00000027074.14	0
ENSMUSG00000027075.16	0
ENSMUSG00000027076.10	3764.43872548302
ENSMUSG00000027077.7	0
ENSMUSG00000027078.14	211.635739051824
ENSMUSG00000027079.15	152.99800369166
ENSMUSG00000027080.6	1376.28810605535
ENSMUSG00000027082.15	175.27196406641
ENSMUSG00000027086.16	202.084244959921
ENSMUSG00000027087.11	134.089619740406
ENSMUSG00000027088.10	802.649636030266
ENSMUSG00000027091.14	6576.75759427491
ENSMUSG00000027099.9	1891.0034731985
ENSMUSG00000027102.4	0
ENSMUSG00000027104.18	871.33297608467
ENSMUSG00000027107.3	13.1599590699684
ENSMUSG00000027108.15	3084.46466376562
ENSMUSG00000027109.16	123.487574908562
ENSMUSG00000027111.16	147.282600667318
ENSMUSG00000027115.14	0
ENSMUSG00000027120.6	0
ENSMUSG00000027122.15	450.258949623835
ENSMUSG00000027130.15	599.489839850811
ENSMUSG00000027131.3	12249.0960596567
ENSMUSG00000027132.3	107.765893787098
ENSMUSG00000027133.3	3718.11371071765
ENSMUSG00000027134.4	5081.61851911097
ENSMUSG00000027157.10	0
ENSMUSG00000027160.16	257.091074212396
ENSMUSG00000027162.7	364.667170351032
ENSMUSG00000027163.13	3159.5776527558
ENSMUSG00000027164.8	40.0600693637048
ENSMUSG00000027165.16	3733.65105621803
ENSMUSG00000027166.14	467.900705032107
ENSMUSG00000027167.11	186.152104120716
ENSMUSG00000027168.21	160.165276016034
ENSMUSG00000027170.12	3793.71615978399
ENSMUSG00000027171.10	0
ENSMUSG00000027173.7	0
ENSMUSG00000027175.10	69.7940043070775
ENSMUSG00000027176.8	638.761910327702
ENSMUSG00000027177.14	168.084185730682
ENSMUSG00000027180.12	564.031981120388
ENSMUSG00000027184.14	2232.57525668042
ENSMUSG00000027185.15	296.365360711823
ENSMUSG00000027186.15	69.3022657852036
ENSMUSG00000027187.10	612.450169623039
ENSMUSG00000027188.8	63.0741500538592
ENSMUSG00000027189.16	2202.96682352038
ENSMUSG00000027193.12	992.898916127175
ENSMUSG00000027194.16	525.256362114708
ENSMUSG00000027195.10	2313.30183650462
ENSMUSG00000027196.11	0
ENSMUSG00000027198.16	1363.567106717
ENSMUSG00000027199.14	328.95091090829
ENSMUSG00000027200.17	308.270145890509
ENSMUSG00000027201.16	1531.84561577597
ENSMUSG00000027202.12	0
ENSMUSG00000027203.15	2208.73937495688
ENSMUSG00000027204.13	24.4282151839065
ENSMUSG00000027206.13	2150.70542770879
ENSMUSG00000027207.15	706.386584630062
ENSMUSG00000027208.14	210.009022452551
ENSMUSG00000027209.17	4.3247084309344
ENSMUSG00000027210.20	4578.36716714296
ENSMUSG00000027215.13	223.694303709867
ENSMUSG00000027217.13	64.477672608707
ENSMUSG00000027219.13	0
ENSMUSG00000027220.2	3124.32098390237
ENSMUSG00000027221.5	5074.64731796364
ENSMUSG00000027222.14	1245.80667038874
ENSMUSG00000027223.15	4981.91417198202
ENSMUSG00000027224.14	0
ENSMUSG00000027225.7	0
ENSMUSG00000027227.7	1025.15390442677
ENSMUSG00000027229.5	0
ENSMUSG00000027230.9	45.1665031528654
ENSMUSG00000027233.4	0
ENSMUSG00000027236.8	241.353225489895
ENSMUSG00000027238.17	883.007232496452
ENSMUSG00000027239.14	253.158726616656
ENSMUSG00000027242.14	43.6969368841309
ENSMUSG00000027243.8	179.952921528678
ENSMUSG00000027244.14	1937.96751395541
ENSMUSG00000027245.11	1314.19506096478
ENSMUSG00000027246.12	0
ENSMUSG00000027247.16	887.554604374867
ENSMUSG00000027248.13	8194.6418767979
ENSMUSG00000027249.15	0
ENSMUSG00000027253.15	43.1839432728634
ENSMUSG00000027254.13	1849.85043655082
ENSMUSG00000027255.14	2022.57846916919
ENSMUSG00000027257.13	670.598444907035
ENSMUSG00000027259.15	332.579007973327
ENSMUSG00000027261.2	0
ENSMUSG00000027263.12	279.48460616933
ENSMUSG00000027270.14	10010.4865423994
ENSMUSG00000027272.5	146.444382340219
ENSMUSG00000027273.13	85622.4749303153
ENSMUSG00000027274.16	384.384402527888
ENSMUSG00000027276.7	121.332914348801
ENSMUSG00000027281.16	95.8690987741752
ENSMUSG00000027282.17	3216.18928807487
ENSMUSG00000027284.16	92.0083505544535
ENSMUSG00000027285.13	158.497890721489
ENSMUSG00000027286.16	421.217100366532
ENSMUSG00000027287.14	33.2407750006363
ENSMUSG00000027288.16	639.293193927787
ENSMUSG00000027291.15	777.469814667671
ENSMUSG00000027293.13	213.656377065542
ENSMUSG00000027296.7	2547.04979749766
ENSMUSG00000027297.14	130.421790327647
ENSMUSG00000027298.17	2581.94974914598
ENSMUSG00000027300.10	142.223015467261
ENSMUSG00000027301.7	212.179288804819
ENSMUSG00000027303.18	1883.69250273673
ENSMUSG00000027304.9	1140.64376036853
ENSMUSG00000027305.9	867.054616857479
ENSMUSG00000027306.15	0
ENSMUSG00000027309.18	163.007527793624
ENSMUSG00000027312.14	922.073712262865
ENSMUSG00000027313.3	232.981966273659
ENSMUSG00000027314.6	3.09478471192688
ENSMUSG00000027315.13	216.121748954104
ENSMUSG00000027316.15	3482.79334128326
ENSMUSG00000027317.8	0
ENSMUSG00000027318.17	88.6349088115339
ENSMUSG00000027322.11	0
ENSMUSG00000027323.10	8.98191387700829
ENSMUSG00000027324.1	125.160391018899
ENSMUSG00000027326.13	3.85784554231555
ENSMUSG00000027327.16	7462.58248381996
ENSMUSG00000027329.9	253.274989770828
ENSMUSG00000027330.16	113.370620530985
ENSMUSG00000027331.15	0
ENSMUSG00000027332.11	1158.77797216513
ENSMUSG00000027333.18	352.663007485666
ENSMUSG00000027335.9	225.791878280641
ENSMUSG00000027338.16	0
ENSMUSG00000027339.15	158.976801281923
ENSMUSG00000027340.15	903.690962614809
ENSMUSG00000027341.10	1392.05101768062
ENSMUSG00000027342.14	878.761208471334
ENSMUSG00000027344.14	28.8369139901099
ENSMUSG00000027345.6	0
ENSMUSG00000027346.15	597.898642035282
ENSMUSG00000027347.18	2373.89360435609
ENSMUSG00000027349.5	2429.83144397791
ENSMUSG00000027350.8	20131.5988024859
ENSMUSG00000027351.14	485.55959560055
ENSMUSG00000027353.14	40.1171241411079
ENSMUSG00000027355.15	58.0888172145476
ENSMUSG00000027356.8	0
ENSMUSG00000027357.16	714.156833565295
ENSMUSG00000027358.6	87.7538369782125
ENSMUSG00000027359.16	449.768022603172
ENSMUSG00000027360.5	26.3916111507107
ENSMUSG00000027361.15	324.713532492221
ENSMUSG00000027363.15	810.925013257344
ENSMUSG00000027364.14	65.2322438879722
ENSMUSG00000027365.14	243.175857208293
ENSMUSG00000027366.12	164.956441584982
ENSMUSG00000027367.16	1846.85627798898
ENSMUSG00000027368.6	76.9129610978522
ENSMUSG00000027371.10	2431.87252557981
ENSMUSG00000027374.12	1798.53749838459
ENSMUSG00000027375.14	636.023842820884
ENSMUSG00000027376.15	18.1274388826528
ENSMUSG00000027377.2	0
ENSMUSG00000027378.16	429.402993979379
ENSMUSG00000027379.13	0
ENSMUSG00000027380.10	0
ENSMUSG00000027381.16	25.7820488954141
ENSMUSG00000027384.6	3114.0553063222
ENSMUSG00000027386.9	44.8846313286164
ENSMUSG00000027387.11	278.581155629554
ENSMUSG00000027394.13	657.230960008318
ENSMUSG00000027395.15	78.1610187477521
ENSMUSG00000027397.14	1741.89602479025
ENSMUSG00000027398.13	9.04773910979992
ENSMUSG00000027399.1	0
ENSMUSG00000027400.11	4650.26686103291
ENSMUSG00000027401.9	19.9731983855444
ENSMUSG00000027403.12	0
ENSMUSG00000027404.15	5402.17588573132
ENSMUSG00000027405.16	3538.59169633166
ENSMUSG00000027406.13	14873.3677817322
ENSMUSG00000027408.7	430.963354748915
ENSMUSG00000027409.5	0
ENSMUSG00000027411.17	2433.61375748449
ENSMUSG00000027412.12	1.55380633668353
ENSMUSG00000027416.2	0
ENSMUSG00000027419.9	3086.08279717902
ENSMUSG00000027420.13	117.730847745664
ENSMUSG00000027422.15	1168.4803118474
ENSMUSG00000027423.15	1271.60538627055
ENSMUSG00000027424.11	150.309749874522
ENSMUSG00000027425.18	735.063071073207
ENSMUSG00000027427.13	119.842935703468
ENSMUSG00000027428.9	477.225696651574
ENSMUSG00000027429.16	470.064323316767
ENSMUSG00000027430.12	4304.23606566975
ENSMUSG00000027431.5	0
ENSMUSG00000027433.5	1408.530079124
ENSMUSG00000027434.11	40.0257366201909
ENSMUSG00000027435.8	0
ENSMUSG00000027438.14	6887.20883693769
ENSMUSG00000027439.9	370.553956188679
ENSMUSG00000027442.10	0
ENSMUSG00000027443.10	0
ENSMUSG00000027444.2	0
ENSMUSG00000027445.3	0
ENSMUSG00000027446.2	0
ENSMUSG00000027447.6	38743.8124342225
ENSMUSG00000027452.11	57.7566011036732
ENSMUSG00000027454.10	0
ENSMUSG00000027455.16	9016.13656847342
ENSMUSG00000027456.8	38.7288328397463
ENSMUSG00000027457.15	2970.26980769762
ENSMUSG00000027459.16	455.718823401679
ENSMUSG00000027460.7	0
ENSMUSG00000027463.14	0
ENSMUSG00000027465.13	990.590351241716
ENSMUSG00000027466.15	2938.69697980006
ENSMUSG00000027468.2	0
ENSMUSG00000027469.16	33.3394348208612
ENSMUSG00000027470.9	0
ENSMUSG00000027472.14	3243.76756368776
ENSMUSG00000027474.13	5.49948127922461
ENSMUSG00000027475.9	757.352574817293
ENSMUSG00000027478.15	7.30847353497137
ENSMUSG00000027479.14	677.528228281048
ENSMUSG00000027480.12	0
ENSMUSG00000027481.2	0
ENSMUSG00000027482.12	0
ENSMUSG00000027483.7	0
ENSMUSG00000027484.2	0
ENSMUSG00000027485.15	20.0301283166074
ENSMUSG00000027487.11	275.991124670452
ENSMUSG00000027488.12	802.520576126239
ENSMUSG00000027489.15	1013.0381289334
ENSMUSG00000027490.17	263.785584658584
ENSMUSG00000027495.4	471.813576598799
ENSMUSG00000027496.15	74.4065459749983
ENSMUSG00000027498.14	396.606547102982
ENSMUSG00000027499.12	1344.82920044308
ENSMUSG00000027500.10	14264.7391273665
ENSMUSG00000027502.11	3512.75674379965
ENSMUSG00000027505.2	0
ENSMUSG00000027506.15	1307.00765716807
ENSMUSG00000027508.15	106.938942842188
ENSMUSG00000027509.11	1258.47635788133
ENSMUSG00000027510.17	59.73856796356
ENSMUSG00000027513.11	0
ENSMUSG00000027514.14	0
ENSMUSG00000027517.14	0
ENSMUSG00000027518.3	0
ENSMUSG00000027519.10	309.070317295478
ENSMUSG00000027520.16	40.0357243273949
ENSMUSG00000027522.15	889.139278969128
ENSMUSG00000027523.20	110457.35606154
ENSMUSG00000027524.9	22.4630089451716
ENSMUSG00000027525.18	1949.61386721019
ENSMUSG00000027528.12	0
ENSMUSG00000027530.15	0
ENSMUSG00000027531.16	1910.70606714198
ENSMUSG00000027533.10	5216.71377612048
ENSMUSG00000027534.16	500.253167111698
ENSMUSG00000027536.6	0
ENSMUSG00000027540.13	398.917921031092
ENSMUSG00000027544.16	771.333055245659
ENSMUSG00000027546.15	7748.92958118602
ENSMUSG00000027547.17	0
ENSMUSG00000027550.14	78.1963190504014
ENSMUSG00000027551.15	581.315802071734
ENSMUSG00000027552.14	241.090798483109
ENSMUSG00000027555.8	1.46994080775461
ENSMUSG00000027556.15	0
ENSMUSG00000027559.5	0
ENSMUSG00000027560.4	1198.9043349354
ENSMUSG00000027562.12	1617.18021158827
ENSMUSG00000027564.4	0
ENSMUSG00000027566.15	10476.2547158855
ENSMUSG00000027568.9	160.495369739127
ENSMUSG00000027569.15	320.215755822391
ENSMUSG00000027570.15	147.199546639599
ENSMUSG00000027573.11	1820.21884439471
ENSMUSG00000027574.15	757.385097288876
ENSMUSG00000027575.19	3369.77740920436
ENSMUSG00000027577.14	704.08298238662
ENSMUSG00000027579.6	0
ENSMUSG00000027580.17	7.74640328428351
ENSMUSG00000027581.12	61637.1012316428
ENSMUSG00000027582.16	616.716824505849
ENSMUSG00000027583.13	20.1657738650723
ENSMUSG00000027584.17	1053.4924318274
ENSMUSG00000027589.14	951.04577241608
ENSMUSG00000027593.15	6128.68979155372
ENSMUSG00000027596.10	90.1837212946154
ENSMUSG00000027597.15	508.264806445419
ENSMUSG00000027598.16	215.827361284265
ENSMUSG00000027599.9	1304.71997283298
ENSMUSG00000027601.13	108.806425608249
ENSMUSG00000027602.9	18388.7012291442
ENSMUSG00000027603.15	3226.12278075574
ENSMUSG00000027605.18	697.844754101732
ENSMUSG00000027606.12	0
ENSMUSG00000027610.17	370.827931481919
ENSMUSG00000027611.12	28.1484488479014
ENSMUSG00000027612.7	420.723894900163
ENSMUSG00000027613.15	2741.93143861897
ENSMUSG00000027615.14	148.668894427238
ENSMUSG00000027618.17	1260.93299052609
ENSMUSG00000027620.16	2067.36209980871
ENSMUSG00000027624.20	6129.6453030173
ENSMUSG00000027628.10	799.612374269518
ENSMUSG00000027630.13	167.507582909159
ENSMUSG00000027634.14	12405.4884480648
ENSMUSG00000027635.15	21.2366433468555
ENSMUSG00000027636.11	3.82382491465178
ENSMUSG00000027637.3	3116.03898981927
ENSMUSG00000027639.16	104.075748091055
ENSMUSG00000027641.13	11.7317793629606
ENSMUSG00000027642.15	4761.78863211408
ENSMUSG00000027643.9	32.9535659953501
ENSMUSG00000027646.15	895.166922689936
ENSMUSG00000027649.15	1314.38023929866
ENSMUSG00000027650.12	302.768979185694
ENSMUSG00000027651.16	617.614469690812
ENSMUSG00000027652.15	543.095593221354
ENSMUSG00000027654.2	5.22360207929801
ENSMUSG00000027655.14	213.944303937283
ENSMUSG00000027656.7	0
ENSMUSG00000027660.16	210.591024878282
ENSMUSG00000027661.4	0
ENSMUSG00000027663.12	588.083472473192
ENSMUSG00000027665.13	269.52218034915
ENSMUSG00000027667.13	651.124850362788
ENSMUSG00000027668.13	483.867865269695
ENSMUSG00000027669.14	362.9052139539
ENSMUSG00000027670.4	0
ENSMUSG00000027671.14	240.264190865635
ENSMUSG00000027673.12	24001.696390075
ENSMUSG00000027674.16	444.542703886698
ENSMUSG00000027676.11	176.236620524395
ENSMUSG00000027677.17	135.630972654669
ENSMUSG00000027678.17	162.107510528199
ENSMUSG00000027679.13	2433.71166822668
ENSMUSG00000027680.15	1606.52410829118
ENSMUSG00000027684.16	0
ENSMUSG00000027690.13	0
ENSMUSG00000027692.16	451.38406484037
ENSMUSG00000027694.9	13700.0667157333
ENSMUSG00000027695.16	13.3183890754924
ENSMUSG00000027698.14	1654.47228153513
ENSMUSG00000027699.19	0
ENSMUSG00000027702.7	0
ENSMUSG00000027703.16	0
ENSMUSG00000027706.8	2599.64384638232
ENSMUSG00000027708.14	445.712326823461
ENSMUSG00000027709.9	187.048844169714
ENSMUSG00000027710.14	1286.05691193993
ENSMUSG00000027712.13	2396.61364070384
ENSMUSG00000027713.6	0
ENSMUSG00000027714.11	751.893106790055
ENSMUSG00000027715.9	0
ENSMUSG00000027716.13	340.531033179674
ENSMUSG00000027718.8	3.25780282044782
ENSMUSG00000027719.15	0
ENSMUSG00000027720.7	0
ENSMUSG00000027722.14	398.118405069409
ENSMUSG00000027737.10	25.5723694672993
ENSMUSG00000027739.9	181.15728295956
ENSMUSG00000027742.13	775.081753875185
ENSMUSG00000027744.4	33.7324510993402
ENSMUSG00000027746.13	751.273026230609
ENSMUSG00000027748.11	309.248441811145
ENSMUSG00000027750.16	57.1573386714308
ENSMUSG00000027751.13	393.916919976104
ENSMUSG00000027752.15	827.031158682994
ENSMUSG00000027761.4	0
ENSMUSG00000027762.6	0
ENSMUSG00000027763.13	470.032768404319
ENSMUSG00000027765.6	116.793719905659
ENSMUSG00000027770.5	738.261384612621
ENSMUSG00000027774.16	922.909183970483
ENSMUSG00000027775.9	283.850763585161
ENSMUSG00000027776.12	0
ENSMUSG00000027777.15	2912.31289064134
ENSMUSG00000027778.15	107.905690476369
ENSMUSG00000027782.10	645.300175579317
ENSMUSG00000027784.10	559.668039727092
ENSMUSG00000027787.14	788.918130415547
ENSMUSG00000027788.6	0
ENSMUSG00000027790.14	0
ENSMUSG00000027792.11	0.79055823678479
ENSMUSG00000027793.6	38.3707735364814
ENSMUSG00000027794.4	0
ENSMUSG00000027796.2	129.020858334355
ENSMUSG00000027797.15	4073.72474604252
ENSMUSG00000027799.12	888.073340917776
ENSMUSG00000027800.14	27.8744423430755
ENSMUSG00000027801.7	0
ENSMUSG00000027803.14	16.7207327461337
ENSMUSG00000027804.13	2864.28856112996
ENSMUSG00000027805.16	9232.4889086176
ENSMUSG00000027806.9	91.5506638718283
ENSMUSG00000027808.8	237.17477454633
ENSMUSG00000027809.14	400.522071654401
ENSMUSG00000027810.14	1069.99668101989
ENSMUSG00000027811.9	64.8881985863781
ENSMUSG00000027820.12	173.11102997806
ENSMUSG00000027822.16	495.451233545921
ENSMUSG00000027823.9	270.187205591014
ENSMUSG00000027824.5	0
ENSMUSG00000027827.17	4315.36299572675
ENSMUSG00000027828.12	1511.1675349545
ENSMUSG00000027829.15	212.4400615976
ENSMUSG00000027831.9	0
ENSMUSG00000027832.5	9.900814151365
ENSMUSG00000027833.16	79.8858645703048
ENSMUSG00000027834.15	3424.23853510448
ENSMUSG00000027835.11	1586.5645181567
ENSMUSG00000027840.5	0
ENSMUSG00000027843.13	23.1718240408083
ENSMUSG00000027845.15	155.657105888395
ENSMUSG00000027848.12	127.728948407513
ENSMUSG00000027849.19	712.174741859068
ENSMUSG00000027852.14	167.905249713805
ENSMUSG00000027854.12	560.597583151938
ENSMUSG00000027855.13	24.5487855368103
ENSMUSG00000027857.10	61.9576804463726
ENSMUSG00000027858.13	356.174466857512
ENSMUSG00000027859.10	565.147857707759
ENSMUSG00000027860.15	6.25835975722158
ENSMUSG00000027861.13	188.975285619863
ENSMUSG00000027863.8	120.639424141405
ENSMUSG00000027864.9	374.671482118299
ENSMUSG00000027865.10	778.6676216657
ENSMUSG00000027867.10	0
ENSMUSG00000027868.11	0
ENSMUSG00000027869.14	0
ENSMUSG00000027870.8	0
ENSMUSG00000027871.16	0
ENSMUSG00000027875.12	0.50572131195957
ENSMUSG00000027876.4	0
ENSMUSG00000027878.11	7.1152426121582
ENSMUSG00000027879.9	2756.43227859267
ENSMUSG00000027880.6	0
ENSMUSG00000027881.14	1394.81174479815
ENSMUSG00000027882.18	22.9917644068704
ENSMUSG00000027883.15	46.5142818168806
ENSMUSG00000027884.16	1310.0603686634
ENSMUSG00000027886.7	0
ENSMUSG00000027887.11	2.82789444848392
ENSMUSG00000027889.17	1030.21142966222
ENSMUSG00000027890.17	394.902269714953
ENSMUSG00000027893.14	4967.54257918187
ENSMUSG00000027894.14	7996.93530632868
ENSMUSG00000027895.10	674.030314737098
ENSMUSG00000027896.15	0
ENSMUSG00000027900.15	542.31992291062
ENSMUSG00000027901.12	51.6098539744568
ENSMUSG00000027902.8	0
ENSMUSG00000027905.15	196.847377956992
ENSMUSG00000027907.4	0
ENSMUSG00000027908.2	0
ENSMUSG00000027912.8	0
ENSMUSG00000027913.5	0
ENSMUSG00000027919.5	0
ENSMUSG00000027923.3	0
ENSMUSG00000027925.2	0
ENSMUSG00000027927.5	0
ENSMUSG00000027931.12	70.9987714885649
ENSMUSG00000027932.14	115.744136724855
ENSMUSG00000027933.11	842.936894521278
ENSMUSG00000027935.14	230.06705392616
ENSMUSG00000027936.18	244.598668522678
ENSMUSG00000027937.15	1728.57133097458
ENSMUSG00000027938.11	26.1340531511865
ENSMUSG00000027939.11	0
ENSMUSG00000027940.18	6051.23421705042
ENSMUSG00000027942.17	2997.5678032771
ENSMUSG00000027944.13	4050.62964007767
ENSMUSG00000027947.11	29.0199387246239
ENSMUSG00000027950.7	906.315950549126
ENSMUSG00000027951.16	1690.85874734285
ENSMUSG00000027952.16	3128.51591456282
ENSMUSG00000027953.13	891.998915599569
ENSMUSG00000027954.9	0
ENSMUSG00000027955.16	11.838991157479
ENSMUSG00000027956.11	122.510745932422
ENSMUSG00000027957.13	62.1244439450951
ENSMUSG00000027959.14	105.983649859707
ENSMUSG00000027961.7	0
ENSMUSG00000027962.14	51.2248590733261
ENSMUSG00000027963.14	2319.17289170342
ENSMUSG00000027965.15	371.589681425738
ENSMUSG00000027966.20	11.7702320356962
ENSMUSG00000027967.8	0
ENSMUSG00000027968.11	912.146805226429
ENSMUSG00000027971.16	45.5062412557278
ENSMUSG00000027973.11	0
ENSMUSG00000027977.15	151.254805457119
ENSMUSG00000027978.9	246.579137226484
ENSMUSG00000027981.14	133.090193576717
ENSMUSG00000027983.13	216.408240092935
ENSMUSG00000027984.8	55.5993499823556
ENSMUSG00000027985.14	78.8684293220632
ENSMUSG00000027993.16	750.675355589202
ENSMUSG00000027994.14	154.141408897012
ENSMUSG00000027995.10	58.705214806962
ENSMUSG00000027996.13	430.989978230931
ENSMUSG00000027997.9	30.8937574424419
ENSMUSG00000027998.11	1784.11743399291
ENSMUSG00000027999.15	611.749968924865
ENSMUSG00000028001.16	0
ENSMUSG00000028003.6	0
ENSMUSG00000028004.12	239.545325639624
ENSMUSG00000028005.13	2265.80891543967
ENSMUSG00000028007.13	470.286362532546
ENSMUSG00000028008.10	0
ENSMUSG00000028009.7	0
ENSMUSG00000028010.16	2277.29465387798
ENSMUSG00000028011.16	0
ENSMUSG00000028012.15	0
ENSMUSG00000028013.16	2417.50723751982
ENSMUSG00000028015.3	59.8599810292591
ENSMUSG00000028016.9	71.5137626412732
ENSMUSG00000028017.7	11.927944174765
ENSMUSG00000028018.15	62.2214495513143
ENSMUSG00000028019.9	59.9891033564563
ENSMUSG00000028020.16	3144.56488036472
ENSMUSG00000028023.16	0
ENSMUSG00000028024.14	63.8357127281673
ENSMUSG00000028028.11	103.025322197455
ENSMUSG00000028029.11	3481.2590733988
ENSMUSG00000028030.12	74.3058886133326
ENSMUSG00000028031.6	11.1820809277183
ENSMUSG00000028032.13	1135.69297875383
ENSMUSG00000028033.16	408.326153947788
ENSMUSG00000028034.15	1431.7137947787
ENSMUSG00000028035.13	1684.83584778296
ENSMUSG00000028036.6	5.67545219552579
ENSMUSG00000028037.13	0
ENSMUSG00000028039.11	2000.0369942993
ENSMUSG00000028040.7	0
ENSMUSG00000028041.17	4240.18530512084
ENSMUSG00000028042.15	57.165203990854
ENSMUSG00000028044.6	261.903463659153
ENSMUSG00000028047.11	303.642123276422
ENSMUSG00000028048.11	964.031508418507
ENSMUSG00000028049.15	2609.17658231163
ENSMUSG00000028051.10	194.581916270436
ENSMUSG00000028053.13	237.79288877592
ENSMUSG00000028057.14	1068.27426970096
ENSMUSG00000028059.16	2043.38314417947
ENSMUSG00000028060.14	729.012767741679
ENSMUSG00000028062.15	7442.58715642065
ENSMUSG00000028063.15	1124.87345159761
ENSMUSG00000028064.17	478.736087673505
ENSMUSG00000028066.15	451.072136259754
ENSMUSG00000028068.14	0
ENSMUSG00000028069.16	1709.78635763047
ENSMUSG00000028070.7	3845.73647731295
ENSMUSG00000028071.12	0
ENSMUSG00000028072.6	93.4770741103926
ENSMUSG00000028073.15	0
ENSMUSG00000028076.12	63.3487807903853
ENSMUSG00000028078.14	1299.76010864704
ENSMUSG00000028080.16	180.740889203907
ENSMUSG00000028081.6	9289.53363589031
ENSMUSG00000028082.14	28.0481348136708
ENSMUSG00000028085.12	614.885110216213
ENSMUSG00000028086.15	1583.11688647621
ENSMUSG00000028088.14	37.0762106249128
ENSMUSG00000028089.5	78.2508456894184
ENSMUSG00000028093.15	193.852813644541
ENSMUSG00000028096.13	482.530760967755
ENSMUSG00000028098.13	1138.71884828605
ENSMUSG00000028099.8	799.037082334565
ENSMUSG00000028100.11	204.653738696085
ENSMUSG00000028101.18	168.068923265611
ENSMUSG00000028102.15	1289.6041397882
ENSMUSG00000028104.14	746.541724481715
ENSMUSG00000028106.13	255.166692726858
ENSMUSG00000028107.14	436.538149582775
ENSMUSG00000028108.15	147.446804816069
ENSMUSG00000028109.14	0
ENSMUSG00000028111.4	29.8586252254982
ENSMUSG00000028114.16	404.496055504549
ENSMUSG00000028115.16	0
ENSMUSG00000028116.13	0
ENSMUSG00000028121.8	348.044379558668
ENSMUSG00000028124.15	928.959643359935
ENSMUSG00000028125.14	80.5515140438691
ENSMUSG00000028126.16	584.645453960881
ENSMUSG00000028127.10	873.818354599225
ENSMUSG00000028128.13	117.825637329347
ENSMUSG00000028132.15	44.3705453118734
ENSMUSG00000028133.17	309.087733359915
ENSMUSG00000028134.11	1881.12703529503
ENSMUSG00000028136.15	992.412171458903
ENSMUSG00000028137.9	2275.10559815153
ENSMUSG00000028138.8	2792.50332012225
ENSMUSG00000028139.5	98.9441265527891
ENSMUSG00000028140.13	1140.35636409373
ENSMUSG00000028141.12	0
ENSMUSG00000028145.9	676.59294192456
ENSMUSG00000028148.11	0
ENSMUSG00000028149.12	6907.60039540874
ENSMUSG00000028150.14	135.805414203305
ENSMUSG00000028152.10	3316.57626377962
ENSMUSG00000028156.12	4159.26146807936
ENSMUSG00000028158.14	227.562230594142
ENSMUSG00000028159.14	27.1831681582159
ENSMUSG00000028161.17	19326.6120741815
ENSMUSG00000028163.17	248.105820695792
ENSMUSG00000028164.15	165.995818577487
ENSMUSG00000028165.9	638.105655541226
ENSMUSG00000028167.15	15.9293630081386
ENSMUSG00000028172.5	163.79037676891
ENSMUSG00000028173.10	311.667464495963
ENSMUSG00000028174.12	0
ENSMUSG00000028175.15	0
ENSMUSG00000028176.13	81.9320960837325
ENSMUSG00000028177.13	0
ENSMUSG00000028179.12	0
ENSMUSG00000028180.18	2984.32613227757
ENSMUSG00000028182.14	20.9502146311946
ENSMUSG00000028184.12	1338.00450647581
ENSMUSG00000028185.12	0
ENSMUSG00000028186.14	0
ENSMUSG00000028187.10	726.106032829454
ENSMUSG00000028188.13	0
ENSMUSG00000028189.12	30.0630611073309
ENSMUSG00000028191.11	219.642946340473
ENSMUSG00000028194.15	531.14698697731
ENSMUSG00000028195.4	20.2304130576334
ENSMUSG00000028197.4	6.17062399175109
ENSMUSG00000028199.18	764.160133624397
ENSMUSG00000028207.18	2160.62961933733
ENSMUSG00000028211.11	0.607315021175666
ENSMUSG00000028212.16	16.1052715012698
ENSMUSG00000028214.13	5.12481741273305
ENSMUSG00000028217.11	2.87842600461936
ENSMUSG00000028218.19	1728.53275345551
ENSMUSG00000028221.3	827.135717492786
ENSMUSG00000028222.2	5744.70611456581
ENSMUSG00000028223.8	238.794281269465
ENSMUSG00000028224.14	475.352065203266
ENSMUSG00000028226.15	84.3537717532771
ENSMUSG00000028228.5	18.2870237168223
ENSMUSG00000028229.11	100.104542071973
ENSMUSG00000028232.13	445.447246831949
ENSMUSG00000028233.6	404.248547635398
ENSMUSG00000028234.6	9861.6778824945
ENSMUSG00000028236.3	0
ENSMUSG00000028238.6	0
ENSMUSG00000028240.2	0
ENSMUSG00000028243.5	186.527641911588
ENSMUSG00000028244.6	0
ENSMUSG00000028245.15	630.992785009529
ENSMUSG00000028246.13	100.04611398483
ENSMUSG00000028247.2	332.975332679818
ENSMUSG00000028248.15	529.294423348886
ENSMUSG00000028249.15	4788.05208849674
ENSMUSG00000028251.5	1355.0118864187
ENSMUSG00000028252.20	542.2833117214
ENSMUSG00000028255.6	0
ENSMUSG00000028256.16	173.217773598804
ENSMUSG00000028259.13	0
ENSMUSG00000028261.13	457.093756144655
ENSMUSG00000028262.13	0
ENSMUSG00000028264.16	0
ENSMUSG00000028266.17	6089.22570740583
ENSMUSG00000028268.14	28.0970121558006
ENSMUSG00000028270.12	0
ENSMUSG00000028271.9	2394.37115074385
ENSMUSG00000028273.15	118.928873224788
ENSMUSG00000028274.17	217.22520333064
ENSMUSG00000028277.13	1752.74932288144
ENSMUSG00000028278.14	1534.95391510421
ENSMUSG00000028280.9	38.4468673807422
ENSMUSG00000028282.12	22.1898763647261
ENSMUSG00000028284.13	230.825776346232
ENSMUSG00000028287.4	0
ENSMUSG00000028289.12	1158.81639362628
ENSMUSG00000028291.7	2115.88565862236
ENSMUSG00000028292.14	356.113510631982
ENSMUSG00000028293.14	354.52690091945
ENSMUSG00000028294.15	15.5976150710394
ENSMUSG00000028295.14	1420.92217077949
ENSMUSG00000028298.10	0
ENSMUSG00000028300.14	475.385336752889
ENSMUSG00000028307.9	0
ENSMUSG00000028309.14	556.152554060781
ENSMUSG00000028310.2	11.0308295867471
ENSMUSG00000028312.19	43.9903569948346
ENSMUSG00000028314.6	0
ENSMUSG00000028318.14	596.302419154567
ENSMUSG00000028322.11	609.978805110154
ENSMUSG00000028327.14	0
ENSMUSG00000028328.13	1025.71721111308
ENSMUSG00000028329.13	1577.80948129115
ENSMUSG00000028330.8	1193.20847036328
ENSMUSG00000028331.12	147.709481515535
ENSMUSG00000028332.13	1.45527136279867
ENSMUSG00000028333.10	3154.12264798522
ENSMUSG00000028334.10	926.145981394217
ENSMUSG00000028337.14	273.468479523391
ENSMUSG00000028339.17	2.57629786169714
ENSMUSG00000028341.9	62.5797273356742
ENSMUSG00000028343.10	1258.36309103932
ENSMUSG00000028344.12	25.6131942204958
ENSMUSG00000028345.15	317.498912193382
ENSMUSG00000028347.14	2408.28140510594
ENSMUSG00000028348.7	24.8320306707999
ENSMUSG00000028351.5	3139.43035614905
ENSMUSG00000028354.13	643.316523293839
ENSMUSG00000028356.4	0
ENSMUSG00000028357.13	0
ENSMUSG00000028358.15	25.2623760049539
ENSMUSG00000028359.4	0
ENSMUSG00000028360.10	74.6525868996529
ENSMUSG00000028362.2	0.434933437150936
ENSMUSG00000028364.15	7.41162782343809
ENSMUSG00000028367.5	5126.4208454899
ENSMUSG00000028369.15	1.67418942007723
ENSMUSG00000028370.7	2.35535105139277
ENSMUSG00000028373.16	678.875757252383
ENSMUSG00000028378.6	8.83172372992754
ENSMUSG00000028381.8	910.252698978353
ENSMUSG00000028382.15	39.3846506640316
ENSMUSG00000028383.17	409.698964302983
ENSMUSG00000028385.14	224.89953906513
ENSMUSG00000028386.1	0
ENSMUSG00000028389.12	259.288557066795
ENSMUSG00000028391.16	224.459892678642
ENSMUSG00000028392.15	37.136199291307
ENSMUSG00000028393.10	4404.15514850357
ENSMUSG00000028394.9	1220.94089999455
ENSMUSG00000028396.5	0
ENSMUSG00000028397.13	210.09351221318
ENSMUSG00000028398.8	1946.82792113197
ENSMUSG00000028399.18	299.618825121954
ENSMUSG00000028402.18	187.860314168457
ENSMUSG00000028403.15	171.437839328704
ENSMUSG00000028405.9	261.520528722633
ENSMUSG00000028407.4	170.842447133003
ENSMUSG00000028409.11	1661.70075977771
ENSMUSG00000028410.13	10529.1657496276
ENSMUSG00000028411.15	890.845304205918
ENSMUSG00000028412.17	591.239275833818
ENSMUSG00000028413.13	26.1546527972949
ENSMUSG00000028414.17	282.448926455904
ENSMUSG00000028415.4	0
ENSMUSG00000028416.13	7820.28410232056
ENSMUSG00000028417.3	0
ENSMUSG00000028419.5	3514.91948815993
ENSMUSG00000028420.13	133.253430166333
ENSMUSG00000028423.15	2176.31715498479
ENSMUSG00000028426.10	2244.06623866501
ENSMUSG00000028427.13	0
ENSMUSG00000028430.14	1040.41530830406
ENSMUSG00000028431.11	610.70996770066
ENSMUSG00000028433.14	517.675505077331
ENSMUSG00000028434.12	80.0265039723717
ENSMUSG00000028435.8	0
ENSMUSG00000028436.8	572.869791109393
ENSMUSG00000028437.14	1624.67464374675
ENSMUSG00000028438.16	0
ENSMUSG00000028439.14	5666.90886684138
ENSMUSG00000028441.12	294.299341053498
ENSMUSG00000028443.6	1828.26565918474
ENSMUSG00000028444.17	2085.57405966357
ENSMUSG00000028445.7	1838.71598450183
ENSMUSG00000028447.11	12116.1781852408
ENSMUSG00000028451.12	0
ENSMUSG00000028452.7	9904.5660335762
ENSMUSG00000028453.10	160.214246992919
ENSMUSG00000028454.16	569.815862362247
ENSMUSG00000028455.15	5745.32454091125
ENSMUSG00000028456.18	124.000350038735
ENSMUSG00000028457.18	0
ENSMUSG00000028458.12	1466.56090521359
ENSMUSG00000028459.11	45.5168531946321
ENSMUSG00000028460.6	0
ENSMUSG00000028461.12	4577.55229508144
ENSMUSG00000028463.14	37.0114153744266
ENSMUSG00000028464.16	1599.90584774718
ENSMUSG00000028465.16	1158.09802778563
ENSMUSG00000028466.15	1967.64008692265
ENSMUSG00000028467.15	1203.53163968303
ENSMUSG00000028468.15	231.369170041302
ENSMUSG00000028469.15	763.301159593265
ENSMUSG00000028470.10	2995.01965826509
ENSMUSG00000028475.9	0
ENSMUSG00000028476.13	42.3975673884703
ENSMUSG00000028478.18	21177.5002022992
ENSMUSG00000028479.18	777.744133288347
ENSMUSG00000028480.14	14.1511765867993
ENSMUSG00000028483.13	1105.55132687543
ENSMUSG00000028484.16	7428.96117717485
ENSMUSG00000028487.18	17.9300568190329
ENSMUSG00000028488.15	5671.36887749334
ENSMUSG00000028492.13	0
ENSMUSG00000028494.12	76.937243710992
ENSMUSG00000028495.14	27602.8570145339
ENSMUSG00000028496.17	575.182694405168
ENSMUSG00000028497.12	11.6092114686161
ENSMUSG00000028514.15	103.352669301067
ENSMUSG00000028517.8	467.856228523464
ENSMUSG00000028518.8	66.6710043222992
ENSMUSG00000028519.16	391.615346485688
ENSMUSG00000028520.12	0
ENSMUSG00000028521.17	94.5568076823194
ENSMUSG00000028522.16	87.2529222503449
ENSMUSG00000028523.14	2.81853097298013
ENSMUSG00000028524.21	1763.72281678652
ENSMUSG00000028525.16	563.307747501755
ENSMUSG00000028527.18	189.458971552803
ENSMUSG00000028528.17	1224.79256564303
ENSMUSG00000028530.14	733.767322121408
ENSMUSG00000028532.14	295.532604412101
ENSMUSG00000028533.10	0
ENSMUSG00000028536.12	0
ENSMUSG00000028538.12	1651.66486188641
ENSMUSG00000028539.14	56.314719510845
ENSMUSG00000028540.6	220.162463173008
ENSMUSG00000028541.14	680.564210366812
ENSMUSG00000028542.17	558.087953235828
ENSMUSG00000028544.14	0
ENSMUSG00000028545.13	482.850898195229
ENSMUSG00000028546.17	680.093695722746
ENSMUSG00000028549.17	85.9557999888052
ENSMUSG00000028550.15	328.571471669291
ENSMUSG00000028551.14	33.976681752064
ENSMUSG00000028552.13	697.052604074111
ENSMUSG00000028553.12	0
ENSMUSG00000028555.15	227.063500677225
ENSMUSG00000028556.15	270.686122777441
ENSMUSG00000028557.10	2684.81149142639
ENSMUSG00000028558.14	0
ENSMUSG00000028559.17	1991.62828118105
ENSMUSG00000028560.11	144.475399499697
ENSMUSG00000028563.16	1017.75307581175
ENSMUSG00000028565.18	33.2284152129713
ENSMUSG00000028567.8	1478.96779116038
ENSMUSG00000028568.16	2636.52251888569
ENSMUSG00000028571.15	0
ENSMUSG00000028572.13	193.834117905118
ENSMUSG00000028573.18	734.111648327267
ENSMUSG00000028575.11	0
ENSMUSG00000028576.12	1187.61897487288
ENSMUSG00000028577.13	637.175643942605
ENSMUSG00000028578.8	123.277271248747
ENSMUSG00000028580.15	626.096186706408
ENSMUSG00000028581.17	830.774270438803
ENSMUSG00000028582.14	966.874790178402
ENSMUSG00000028583.14	44.3143020356807
ENSMUSG00000028584.3	325.541638265776
ENSMUSG00000028587.18	0
ENSMUSG00000028589.2	0
ENSMUSG00000028590.6	0
ENSMUSG00000028591.11	0
ENSMUSG00000028593.5	0
ENSMUSG00000028597.11	271.868292771379
ENSMUSG00000028599.10	32.9567807886064
ENSMUSG00000028600.15	2.31839653473782
ENSMUSG00000028601.18	0
ENSMUSG00000028602.12	0.513305727117638
ENSMUSG00000028603.15	8326.91014449489
ENSMUSG00000028607.16	219.704401951363
ENSMUSG00000028608.15	2904.34026578889
ENSMUSG00000028609.6	2169.83956505444
ENSMUSG00000028610.16	137.063740464674
ENSMUSG00000028612.10	0
ENSMUSG00000028613.15	219.208824404533
ENSMUSG00000028614.14	188.275615518635
ENSMUSG00000028617.10	1273.760296523
ENSMUSG00000028618.11	7923.37606125202
ENSMUSG00000028619.15	2232.81695919476
ENSMUSG00000028621.17	139.087499636893
ENSMUSG00000028622.11	1635.62441684721
ENSMUSG00000028626.5	866.50195332166
ENSMUSG00000028629.9	317.978759101366
ENSMUSG00000028630.9	117.240388898775
ENSMUSG00000028631.7	97.935149644086
ENSMUSG00000028633.7	835.55092262072
ENSMUSG00000028634.17	175.992608352766
ENSMUSG00000028635.7	0
ENSMUSG00000028636.14	633.749080081994
ENSMUSG00000028637.16	770.692375040104
ENSMUSG00000028639.14	5605.57235935993
ENSMUSG00000028640.11	0
ENSMUSG00000028641.16	107.594635820133
ENSMUSG00000028642.7	0
ENSMUSG00000028643.11	966.539140793177
ENSMUSG00000028644.17	0
ENSMUSG00000028645.11	448.468465838001
ENSMUSG00000028646.16	1672.41750718448
ENSMUSG00000028647.13	1509.00663207774
ENSMUSG00000028648.13	26498.5812115032
ENSMUSG00000028649.21	732.293011691751
ENSMUSG00000028651.12	958.196003215037
ENSMUSG00000028653.16	226.4958555806
ENSMUSG00000028654.13	106.098945454743
ENSMUSG00000028655.11	59.1253851644019
ENSMUSG00000028656.14	8105.47683921492
ENSMUSG00000028657.14	3898.84692187165
ENSMUSG00000028661.8	124.340337834277
ENSMUSG00000028664.14	315.600311477064
ENSMUSG00000028668.5	355.245110702176
ENSMUSG00000028669.15	3439.01369369885
ENSMUSG00000028670.14	3061.40404660221
ENSMUSG00000028671.16	655.145120993509
ENSMUSG00000028672.13	983.715937219515
ENSMUSG00000028673.10	1646.36101482205
ENSMUSG00000028675.12	1022.41408907119
ENSMUSG00000028676.17	956.626778355357
ENSMUSG00000028677.19	6357.17360661853
ENSMUSG00000028678.13	0
ENSMUSG00000028680.14	171.658193118893
ENSMUSG00000028681.11	12.1170551683565
ENSMUSG00000028683.14	617.247109335214
ENSMUSG00000028684.14	2829.3853634768
ENSMUSG00000028687.17	82.4390970706776
ENSMUSG00000028688.13	351.623848974256
ENSMUSG00000028689.14	169.441078177521
ENSMUSG00000028690.4	443.375952415756
ENSMUSG00000028691.12	4430.82576001271
ENSMUSG00000028692.14	18997.3241093666
ENSMUSG00000028693.15	473.070342280918
ENSMUSG00000028696.12	89.8815931516932
ENSMUSG00000028698.13	357.934737829054
ENSMUSG00000028699.9	0
ENSMUSG00000028700.14	1470.88324156407
ENSMUSG00000028701.4	183.961706296115
ENSMUSG00000028702.15	0
ENSMUSG00000028703.14	537.723673690076
ENSMUSG00000028706.14	254.188365594637
ENSMUSG00000028707.15	35.8037767271181
ENSMUSG00000028708.16	689.737388836777
ENSMUSG00000028709.3	99.7264137195455
ENSMUSG00000028710.18	1814.09385174024
ENSMUSG00000028712.12	0
ENSMUSG00000028713.17	0
ENSMUSG00000028715.2	0
ENSMUSG00000028716.15	0
ENSMUSG00000028717.12	135.604567653749
ENSMUSG00000028718.16	4.97028885533554
ENSMUSG00000028719.8	1941.32201026623
ENSMUSG00000028729.15	3889.43631687449
ENSMUSG00000028730.14	2.65048779927215
ENSMUSG00000028736.13	47.0156335069384
ENSMUSG00000028737.15	231.977577467953
ENSMUSG00000028738.14	0
ENSMUSG00000028741.13	2523.46410783959
ENSMUSG00000028743.7	983.113865744621
ENSMUSG00000028744.15	341.0401565544
ENSMUSG00000028745.18	10279.8386196103
ENSMUSG00000028747.10	118.262193768918
ENSMUSG00000028749.7	0
ENSMUSG00000028750.12	12.8102956830719
ENSMUSG00000028751.13	0
ENSMUSG00000028753.12	72.0706709526535
ENSMUSG00000028755.3	238.906486917586
ENSMUSG00000028756.12	10095.982595741
ENSMUSG00000028757.4	4596.55631132918
ENSMUSG00000028758.12	465.467918038297
ENSMUSG00000028759.13	5744.04087084285
ENSMUSG00000028760.16	2130.12113770028
ENSMUSG00000028763.18	3.54164097455264
ENSMUSG00000028766.10	60.6907085759551
ENSMUSG00000028771.13	281.930564452014
ENSMUSG00000028772.19	3641.4098360278
ENSMUSG00000028773.8	10907.0455017809
ENSMUSG00000028776.14	54.2108401998989
ENSMUSG00000028777.8	0
ENSMUSG00000028778.15	82.3713679312002
ENSMUSG00000028779.16	4327.16206726699
ENSMUSG00000028780.13	174.620297382931
ENSMUSG00000028782.14	3340.81536796993
ENSMUSG00000028784.14	65.7617796392964
ENSMUSG00000028785.13	102430.767346157
ENSMUSG00000028786.15	0
ENSMUSG00000028788.14	1299.16587127999
ENSMUSG00000028789.16	1338.40064391279
ENSMUSG00000028790.13	2108.34347273882
ENSMUSG00000028792.14	1331.76581001715
ENSMUSG00000028793.15	2007.54203839668
ENSMUSG00000028794.13	0
ENSMUSG00000028795.15	1516.71427057343
ENSMUSG00000028796.17	1381.72934651694
ENSMUSG00000028797.20	3972.16483897299
ENSMUSG00000028798.16	5925.78611764088
ENSMUSG00000028799.15	316.459597624047
ENSMUSG00000028800.15	309.481124177414
ENSMUSG00000028801.14	0
ENSMUSG00000028803.18	2301.71219469981
ENSMUSG00000028804.20	110.866202949572
ENSMUSG00000028807.2	122.243980515319
ENSMUSG00000028809.16	1471.067889301
ENSMUSG00000028811.12	3469.82317986176
ENSMUSG00000028813.2	32.7735999961673
ENSMUSG00000028820.13	6170.05675240507
ENSMUSG00000028821.8	2725.72167073108
ENSMUSG00000028822.11	5341.47434673537
ENSMUSG00000028825.7	0
ENSMUSG00000028826.14	911.154776208388
ENSMUSG00000028830.14	1044.02814290402
ENSMUSG00000028832.11	33110.9932038593
ENSMUSG00000028833.13	37441.3948151695
ENSMUSG00000028834.13	37.8747590274608
ENSMUSG00000028836.14	0
ENSMUSG00000028837.8	7294.29420553488
ENSMUSG00000028838.11	444.799700077692
ENSMUSG00000028840.10	345.071382451461
ENSMUSG00000028841.14	0
ENSMUSG00000028842.15	35.6987497435506
ENSMUSG00000028843.8	12533.1785068374
ENSMUSG00000028845.15	102.045621755494
ENSMUSG00000028847.8	4742.3534278194
ENSMUSG00000028848.13	286.98808968746
ENSMUSG00000028849.17	8185.75356646434
ENSMUSG00000028850.2	68.8192352955482
ENSMUSG00000028851.6	11830.9293923398
ENSMUSG00000028854.9	933.072331493879
ENSMUSG00000028857.16	3127.23492869073
ENSMUSG00000028859.14	23.7278584278082
ENSMUSG00000028860.13	12.9166023416249
ENSMUSG00000028861.13	4562.43842836652
ENSMUSG00000028862.6	98.1911470643595
ENSMUSG00000028863.13	4675.51285095573
ENSMUSG00000028864.7	0
ENSMUSG00000028865.14	275.968527482903
ENSMUSG00000028868.13	375.783613315469
ENSMUSG00000028869.13	1398.40763150746
ENSMUSG00000028871.7	202.900802447021
ENSMUSG00000028873.16	69.7345774492135
ENSMUSG00000028874.14	0
ENSMUSG00000028876.7	309.908005025631
ENSMUSG00000028878.11	682.548705365084
ENSMUSG00000028879.4	3157.46484693154
ENSMUSG00000028882.13	1510.03280656978
ENSMUSG00000028883.17	120.974948680291
ENSMUSG00000028884.14	727.708685296682
ENSMUSG00000028885.8	308.08634086637
ENSMUSG00000028886.15	291.797950995831
ENSMUSG00000028889.17	926.728108666288
ENSMUSG00000028890.13	434.139476851385
ENSMUSG00000028893.8	210.268390724006
ENSMUSG00000028894.18	498.612498933925
ENSMUSG00000028896.13	445.301207825675
ENSMUSG00000028898.15	1315.93741648652
ENSMUSG00000028899.11	1103.15605620681
ENSMUSG00000028901.13	194.682105458326
ENSMUSG00000028902.4	2427.68792595399
ENSMUSG00000028906.17	307.675846100284
ENSMUSG00000028907.7	863.696312733291
ENSMUSG00000028909.17	429.585082366342
ENSMUSG00000028910.12	1416.82355907038
ENSMUSG00000028911.16	2260.14769572691
ENSMUSG00000028914.13	606.069398029397
ENSMUSG00000028917.14	640.510539378034
ENSMUSG00000028919.11	26.7692401177785
ENSMUSG00000028920.9	218.874922868068
ENSMUSG00000028923.14	283.932600361064
ENSMUSG00000028926.15	1039.4568317399
ENSMUSG00000028927.6	199.236406308614
ENSMUSG00000028931.12	5690.25547575826
ENSMUSG00000028932.8	7494.55684875871
ENSMUSG00000028933.11	47.1636700546533
ENSMUSG00000028936.15	6914.52137711578
ENSMUSG00000028937.14	21215.1712120997
ENSMUSG00000028938.9	0
ENSMUSG00000028940.2	0
ENSMUSG00000028943.18	103.490249967803
ENSMUSG00000028944.14	1304.79772089125
ENSMUSG00000028945.9	3732.45621432058
ENSMUSG00000028946.7	194.742999260686
ENSMUSG00000028948.16	233.717748178747
ENSMUSG00000028949.13	5859.79340348407
ENSMUSG00000028950.3	0
ENSMUSG00000028952.12	341.271559245683
ENSMUSG00000028953.10	2829.93165984928
ENSMUSG00000028954.11	2153.30928540005
ENSMUSG00000028955.3	88.05662056442
ENSMUSG00000028957.12	103.217054964188
ENSMUSG00000028958.15	1208.14155957781
ENSMUSG00000028959.14	2137.00354188824
ENSMUSG00000028960.20	1766.6648520014
ENSMUSG00000028961.15	1187.61185863149
ENSMUSG00000028962.14	260.817799886074
ENSMUSG00000028963.1	79.3800496235902
ENSMUSG00000028964.14	17399.4864973003
ENSMUSG00000028965.13	0
ENSMUSG00000028967.10	538.471097516373
ENSMUSG00000028969.10	5775.14137382441
ENSMUSG00000028970.9	156.109424178398
ENSMUSG00000028971.4	1056.80201466738
ENSMUSG00000028972.11	0
ENSMUSG00000028973.18	1657.47808201818
ENSMUSG00000028974.13	1914.169679154
ENSMUSG00000028975.16	2219.67198168559
ENSMUSG00000028976.10	69.1198340708048
ENSMUSG00000028977.17	23.0875839728592
ENSMUSG00000028978.12	41.5752669697277
ENSMUSG00000028979.17	0
ENSMUSG00000028980.14	70.0024664833768
ENSMUSG00000028982.9	1535.08391135579
ENSMUSG00000028986.12	914.539953507272
ENSMUSG00000028988.13	740.270443128298
ENSMUSG00000028989.3	15.7204950812341
ENSMUSG00000028990.13	142.371520188751
ENSMUSG00000028991.15	481.837894992059
ENSMUSG00000028992.13	213.868803113138
ENSMUSG00000028995.14	47.5099313787833
ENSMUSG00000028996.9	0
ENSMUSG00000028998.6	6836.04271806736
ENSMUSG00000028999.15	82.1110633121949
ENSMUSG00000029001.15	4210.27621076238
ENSMUSG00000029003.11	587.022497063858
ENSMUSG00000029004.15	308.277636670912
ENSMUSG00000029005.4	0
ENSMUSG00000029007.8	304.529874388936
ENSMUSG00000029009.17	164.303807342368
ENSMUSG00000029012.11	423.692896924489
ENSMUSG00000029014.14	2232.60209864353
ENSMUSG00000029015.9	0
ENSMUSG00000029016.13	1378.33265214319
ENSMUSG00000029017.13	1642.9947205321
ENSMUSG00000029019.8	0
ENSMUSG00000029020.13	1916.06306753563
ENSMUSG00000029022.18	150.664968923551
ENSMUSG00000029026.17	0
ENSMUSG00000029027.9	77.8973744891504
ENSMUSG00000029028.14	958.133018236481
ENSMUSG00000029029.14	886.256826670042
ENSMUSG00000029030.14	6358.69738741043
ENSMUSG00000029032.12	12.2488304802798
ENSMUSG00000029033.16	765.195421899266
ENSMUSG00000029034.9	489.29374963146
ENSMUSG00000029036.18	843.120137736887
ENSMUSG00000029038.9	4869.27867791284
ENSMUSG00000029044.9	0
ENSMUSG00000029047.13	896.270657970737
ENSMUSG00000029048.3	2665.47872355372
ENSMUSG00000029049.14	165.825871497094
ENSMUSG00000029050.15	1311.50970982505
ENSMUSG00000029053.16	5532.73634913118
ENSMUSG00000029054.8	3673.56897354982
ENSMUSG00000029055.17	655.843074457561
ENSMUSG00000029056.13	416.585113881149
ENSMUSG00000029059.9	4717.55775864514
ENSMUSG00000029060.17	1755.13379434165
ENSMUSG00000029061.2	0
ENSMUSG00000029062.14	2485.27529784373
ENSMUSG00000029063.16	440.040339113872
ENSMUSG00000029064.15	8965.65151759965
ENSMUSG00000029066.12	8008.4145527573
ENSMUSG00000029068.16	163.091549380478
ENSMUSG00000029070.9	386.173044830207
ENSMUSG00000029071.16	959.580861242047
ENSMUSG00000029072.3	0
ENSMUSG00000029073.9	1118.15159980296
ENSMUSG00000029074.14	0
ENSMUSG00000029075.6	0
ENSMUSG00000029076.14	7158.66373226558
ENSMUSG00000029082.17	0
ENSMUSG00000029084.5	0
ENSMUSG00000029086.15	0
ENSMUSG00000029088.16	2174.8256157602
ENSMUSG00000029089.8	383.715132510462
ENSMUSG00000029090.12	238.257566853588
ENSMUSG00000029092.9	0
ENSMUSG00000029093.14	664.888628756411
ENSMUSG00000029094.12	215.323668725331
ENSMUSG00000029095.17	5801.67740097898
ENSMUSG00000029096.15	36.5560383490924
ENSMUSG00000029097.11	23.5949594988244
ENSMUSG00000029098.17	420.40731579338
ENSMUSG00000029101.16	750.300379606861
ENSMUSG00000029102.9	0
ENSMUSG00000029103.16	13740.764874741
ENSMUSG00000029104.15	233.086212967601
ENSMUSG00000029106.14	4653.69245733438
ENSMUSG00000029108.14	285.098072157021
ENSMUSG00000029110.13	1343.63623124073
ENSMUSG00000029111.7	511.883602458123
ENSMUSG00000029112.5	30.7837053936874
ENSMUSG00000029119.9	613.952227151771
ENSMUSG00000029120.10	4710.39607319449
ENSMUSG00000029121.16	2113.18435836269
ENSMUSG00000029122.11	71.589825273949
ENSMUSG00000029123.8	95.5819521920591
ENSMUSG00000029125.14	1593.0724145361
ENSMUSG00000029126.7	32375.7623393051
ENSMUSG00000029127.15	146.825288523713
ENSMUSG00000029128.12	1548.21097341515
ENSMUSG00000029130.12	344.005163495844
ENSMUSG00000029131.14	6158.11782175238
ENSMUSG00000029134.14	4.20404444327559
ENSMUSG00000029135.10	92.5372932856624
ENSMUSG00000029136.9	29.3997525026426
ENSMUSG00000029138.4	0
ENSMUSG00000029141.16	1877.62063219996
ENSMUSG00000029145.12	2276.50809072408
ENSMUSG00000029146.14	3494.41996881631
ENSMUSG00000029147.11	2338.1764085658
ENSMUSG00000029148.15	2566.32213974175
ENSMUSG00000029149.14	62.1107732708596
ENSMUSG00000029151.14	1776.56532282533
ENSMUSG00000029152.13	20462.0058274698
ENSMUSG00000029153.11	1679.61109087502
ENSMUSG00000029154.13	39.3818728329654
ENSMUSG00000029155.16	0
ENSMUSG00000029156.11	771.171004696273
ENSMUSG00000029158.9	0
ENSMUSG00000029161.7	2451.64100717925
ENSMUSG00000029162.15	817.123758887191
ENSMUSG00000029163.9	11.6018767461381
ENSMUSG00000029165.17	107.098527676358
ENSMUSG00000029166.14	11672.3011620393
ENSMUSG00000029167.13	238.808888291251
ENSMUSG00000029168.14	374.414860466325
ENSMUSG00000029169.11	758.637087598488
ENSMUSG00000029171.12	216.076929118026
ENSMUSG00000029173.12	54.9650993633141
ENSMUSG00000029174.18	151.504966310996
ENSMUSG00000029175.17	709.287982361251
ENSMUSG00000029176.13	1530.5206527806
ENSMUSG00000029177.9	131.258885037686
ENSMUSG00000029178.14	223.605631596846
ENSMUSG00000029179.14	271.218030609226
ENSMUSG00000029182.10	0
ENSMUSG00000029184.5	0
ENSMUSG00000029185.14	114.313085552026
ENSMUSG00000029186.12	23.1012858586797
ENSMUSG00000029188.14	0
ENSMUSG00000029189.10	311.175538704579
ENSMUSG00000029190.19	640.804365239343
ENSMUSG00000029191.16	473.790206277649
ENSMUSG00000029192.17	513.717782462975
ENSMUSG00000029193.7	28.5168391858054
ENSMUSG00000029195.10	0
ENSMUSG00000029196.9	307.961713007414
ENSMUSG00000029198.3	1075.0151293509
ENSMUSG00000029199.11	1055.58938216647
ENSMUSG00000029201.14	289.418816716658
ENSMUSG00000029202.12	402.139393566585
ENSMUSG00000029203.16	4840.73515282185
ENSMUSG00000029204.7	0
ENSMUSG00000029205.12	60.4149542223686
ENSMUSG00000029206.13	81.7285341262802
ENSMUSG00000029207.16	248.708953364576
ENSMUSG00000029208.16	27.0999892841573
ENSMUSG00000029209.15	568.982356984485
ENSMUSG00000029211.11	875.912339837722
ENSMUSG00000029212.11	168.990819852129
ENSMUSG00000029213.11	1984.30095584873
ENSMUSG00000029217.16	56.1199280087812
ENSMUSG00000029219.10	253.605333186601
ENSMUSG00000029221.15	2710.1397550873
ENSMUSG00000029223.12	55743.3139800349
ENSMUSG00000029227.15	997.332646624558
ENSMUSG00000029228.15	690.749268422886
ENSMUSG00000029229.8	49.6304776761261
ENSMUSG00000029231.15	30.9546824563865
ENSMUSG00000029233.15	725.718790694202
ENSMUSG00000029234.13	864.145946826982
ENSMUSG00000029235.14	0
ENSMUSG00000029236.4	0
ENSMUSG00000029238.11	108.93389372144
ENSMUSG00000029245.16	835.260373975838
ENSMUSG00000029246.14	179.288458095344
ENSMUSG00000029247.17	3094.67940403905
ENSMUSG00000029248.14	19.9776928537862
ENSMUSG00000029249.15	6.36903603767635
ENSMUSG00000029250.5	479.712604533795
ENSMUSG00000029253.12	301.082024227346
ENSMUSG00000029254.16	0
ENSMUSG00000029255.8	0
ENSMUSG00000029260.15	0
ENSMUSG00000029263.15	158.142827730386
ENSMUSG00000029265.4	297.325709971077
ENSMUSG00000029267.17	322.45053652088
ENSMUSG00000029268.14	0
ENSMUSG00000029269.11	0
ENSMUSG00000029270.10	870.434800302761
ENSMUSG00000029272.8	0
ENSMUSG00000029273.10	0
ENSMUSG00000029275.18	0
ENSMUSG00000029276.13	261.859080785265
ENSMUSG00000029279.15	355.340399671219
ENSMUSG00000029280.13	0
ENSMUSG00000029281.13	0
ENSMUSG00000029282.3	0
ENSMUSG00000029283.17	81.5039667721143
ENSMUSG00000029286.12	0
ENSMUSG00000029287.14	37.1136957385129
ENSMUSG00000029288.11	0
ENSMUSG00000029290.12	248.424303709261
ENSMUSG00000029291.11	3648.44545788659
ENSMUSG00000029298.15	0
ENSMUSG00000029299.14	0
ENSMUSG00000029304.14	1648.73849488721
ENSMUSG00000029306.8	25.4760193043654
ENSMUSG00000029307.7	0
ENSMUSG00000029309.7	19548.245851472
ENSMUSG00000029310.13	2710.40474144406
ENSMUSG00000029311.16	802.376409815066
ENSMUSG00000029312.12	528.116217226244
ENSMUSG00000029313.18	41.3468605906053
ENSMUSG00000029314.14	229.833934597701
ENSMUSG00000029319.8	2024.19791346916
ENSMUSG00000029320.11	0
ENSMUSG00000029321.1	0
ENSMUSG00000029322.12	0
ENSMUSG00000029326.13	1277.27949636793
ENSMUSG00000029328.15	3485.28449394104
ENSMUSG00000029330.8	2182.94362417565
ENSMUSG00000029331.3	0
ENSMUSG00000029334.14	42.3585216956195
ENSMUSG00000029335.5	43.4431554863933
ENSMUSG00000029337.2	34.3125808299699
ENSMUSG00000029338.13	6.37674529917447
ENSMUSG00000029343.17	217.3616915919
ENSMUSG00000029344.15	637.57131320581
ENSMUSG00000029345.13	824.530330433857
ENSMUSG00000029346.12	1000.21047960906
ENSMUSG00000029348.11	4521.42715473797
ENSMUSG00000029352.14	134.886482717363
ENSMUSG00000029359.13	7502.74271115997
ENSMUSG00000029360.3	0
ENSMUSG00000029361.18	436.090700300034
ENSMUSG00000029363.14	387.581093064881
ENSMUSG00000029364.15	4012.52073173944
ENSMUSG00000029366.10	283.397196831758
ENSMUSG00000029368.10	0
ENSMUSG00000029369.17	0
ENSMUSG00000029370.10	39.880228210862
ENSMUSG00000029371.7	0
ENSMUSG00000029372.7	0
ENSMUSG00000029373.7	123.985212420004
ENSMUSG00000029375.6	0
ENSMUSG00000029376.8	375.398961741773
ENSMUSG00000029377.5	0
ENSMUSG00000029378.5	0
ENSMUSG00000029379.10	0
ENSMUSG00000029380.11	0
ENSMUSG00000029381.16	6.89875905851063
ENSMUSG00000029384.5	0
ENSMUSG00000029385.14	575.7055508773
ENSMUSG00000029386.15	485.261400117339
ENSMUSG00000029387.10	207.832076821091
ENSMUSG00000029388.14	883.647694220911
ENSMUSG00000029389.17	312.83393506264
ENSMUSG00000029390.13	3952.47735143665
ENSMUSG00000029392.12	1238.13963816515
ENSMUSG00000029394.11	2606.62812518377
ENSMUSG00000029397.15	1110.8774590115
ENSMUSG00000029401.8	593.368811067645
ENSMUSG00000029402.8	841.511149317901
ENSMUSG00000029403.14	334.471460007398
ENSMUSG00000029404.15	4807.00554197675
ENSMUSG00000029405.16	2311.72240545664
ENSMUSG00000029406.15	741.095240473842
ENSMUSG00000029407.10	2555.1942733372
ENSMUSG00000029408.13	1290.85978185326
ENSMUSG00000029409.7	0
ENSMUSG00000029410.11	44.1225380573631
ENSMUSG00000029413.14	335.298473375477
ENSMUSG00000029414.11	0
ENSMUSG00000029415.4	72.3596278067003
ENSMUSG00000029416.17	328.964207043505
ENSMUSG00000029417.9	0
ENSMUSG00000029419.8	682.850521392156
ENSMUSG00000029420.14	695.139708451857
ENSMUSG00000029422.15	2673.06167176729
ENSMUSG00000029423.10	15.5123762323699
ENSMUSG00000029426.8	1222.24158037678
ENSMUSG00000029427.11	541.048799899396
ENSMUSG00000029428.13	324.342083418985
ENSMUSG00000029430.13	7825.97940508415
ENSMUSG00000029431.5	1.2264280214861
ENSMUSG00000029432.12	2411.94595730227
ENSMUSG00000029433.16	276.739328786374
ENSMUSG00000029434.12	1187.23547812783
ENSMUSG00000029436.9	1299.01864623348
ENSMUSG00000029437.12	0
ENSMUSG00000029438.9	890.822707018368
ENSMUSG00000029439.14	790.561233096952
ENSMUSG00000029440.15	1336.06620462335
ENSMUSG00000029442.18	14.8513460733875
ENSMUSG00000029445.13	0
ENSMUSG00000029446.14	376.6273873047
ENSMUSG00000029447.11	9722.31219400039
ENSMUSG00000029449.11	1179.95016358893
ENSMUSG00000029451.14	0
ENSMUSG00000029452.18	172.519726499996
ENSMUSG00000029454.15	1555.51014589779
ENSMUSG00000029455.14	2343.72729532554
ENSMUSG00000029456.12	183.83888870909
ENSMUSG00000029458.14	1178.06954074558
ENSMUSG00000029461.17	2015.64440980803
ENSMUSG00000029462.18	6021.9931130344
ENSMUSG00000029463.5	5579.70163835149
ENSMUSG00000029464.10	793.442156028372
ENSMUSG00000029465.14	10480.5209650177
ENSMUSG00000029466.11	856.305315767546
ENSMUSG00000029467.15	6640.11071347561
ENSMUSG00000029468.17	163.153691646238
ENSMUSG00000029469.14	941.104508050538
ENSMUSG00000029470.15	688.885531047027
ENSMUSG00000029471.13	1915.40100739434
ENSMUSG00000029472.13	4654.04389978163
ENSMUSG00000029474.7	1721.27019216209
ENSMUSG00000029475.17	221.009639225006
ENSMUSG00000029477.14	0
ENSMUSG00000029478.16	734.132903416661
ENSMUSG00000029480.13	450.896851998323
ENSMUSG00000029482.4	383.928557328779
ENSMUSG00000029484.12	76.9706088953705
ENSMUSG00000029486.13	280.160773947043
ENSMUSG00000029490.4	16.0824246210405
ENSMUSG00000029491.7	0
ENSMUSG00000029499.11	77.3652481762702
ENSMUSG00000029500.16	1196.79755294705
ENSMUSG00000029501.14	927.418071964577
ENSMUSG00000029502.14	619.225112323804
ENSMUSG00000029503.16	0
ENSMUSG00000029504.5	552.223639739391
ENSMUSG00000029505.17	534.894530778191
ENSMUSG00000029507.16	1338.85280614487
ENSMUSG00000029510.15	25.3679647970516
ENSMUSG00000029512.11	849.626660806544
ENSMUSG00000029513.14	719.226468895726
ENSMUSG00000029516.19	580.938141893081
ENSMUSG00000029517.13	0
ENSMUSG00000029518.15	1514.05070512004
ENSMUSG00000029521.7	0
ENSMUSG00000029522.12	0
ENSMUSG00000029524.16	456.335595533113
ENSMUSG00000029526.5	0
ENSMUSG00000029528.19	46.3582238918175
ENSMUSG00000029530.16	0
ENSMUSG00000029534.17	487.027070693088
ENSMUSG00000029535.4	1392.39649871512
ENSMUSG00000029536.8	1480.69401029267
ENSMUSG00000029538.14	1524.86795383055
ENSMUSG00000029541.12	0
ENSMUSG00000029544.16	9339.26271096349
ENSMUSG00000029545.13	105.857804748936
ENSMUSG00000029546.12	19.5356119636674
ENSMUSG00000029547.10	551.345064832871
ENSMUSG00000029550.11	1496.50380171862
ENSMUSG00000029551.13	1452.89996899259
ENSMUSG00000029552.19	3.45215736032144
ENSMUSG00000029553.10	0
ENSMUSG00000029554.15	803.588667776956
ENSMUSG00000029556.12	0
ENSMUSG00000029557.7	645.065089921002
ENSMUSG00000029559.15	8783.16377840576
ENSMUSG00000029560.12	427.498275792398
ENSMUSG00000029561.17	73.2968180698744
ENSMUSG00000029563.16	260.525503392431
ENSMUSG00000029564.12	0
ENSMUSG00000029569.9	99.30483884078
ENSMUSG00000029570.5	107.744232947099
ENSMUSG00000029571.14	922.410173149301
ENSMUSG00000029575.17	725.304862653765
ENSMUSG00000029576.17	97.1606653735827
ENSMUSG00000029577.13	719.923361165888
ENSMUSG00000029578.15	908.95879151007
ENSMUSG00000029580.14	43885.9968467809
ENSMUSG00000029581.14	4364.82739655902
ENSMUSG00000029586.9	0
ENSMUSG00000029587.16	174.442765887379
ENSMUSG00000029591.14	158.836723688386
ENSMUSG00000029592.11	560.813848224491
ENSMUSG00000029594.12	442.910806164313
ENSMUSG00000029595.9	228.272325364764
ENSMUSG00000029596.13	206.606273031305
ENSMUSG00000029597.14	0
ENSMUSG00000029598.12	1244.01481329317
ENSMUSG00000029599.13	1191.72997758123
ENSMUSG00000029600.10	1176.06254219452
ENSMUSG00000029601.13	133.885464762838
ENSMUSG00000029602.11	601.161157805067
ENSMUSG00000029603.15	1195.765136138
ENSMUSG00000029605.16	0
ENSMUSG00000029607.14	0
ENSMUSG00000029608.10	7752.90022539657
ENSMUSG00000029610.13	2369.88622410998
ENSMUSG00000029613.15	904.023428418363
ENSMUSG00000029614.13	23451.2303058992
ENSMUSG00000029616.9	9987.83301793933
ENSMUSG00000029617.10	1199.64498584775
ENSMUSG00000029618.13	0
ENSMUSG00000029620.4	0
ENSMUSG00000029621.14	10687.5094239075
ENSMUSG00000029622.16	590.393785207411
ENSMUSG00000029623.14	6361.7831207627
ENSMUSG00000029624.10	337.642931583701
ENSMUSG00000029625.16	291.615082319242
ENSMUSG00000029627.12	465.959750194926
ENSMUSG00000029629.17	340.976797036824
ENSMUSG00000029630.15	0
ENSMUSG00000029632.7	74503.4835711738
ENSMUSG00000029633.9	3.06731851711577
ENSMUSG00000029634.15	1119.41161148992
ENSMUSG00000029635.15	509.834905229479
ENSMUSG00000029636.11	1347.14238464313
ENSMUSG00000029638.17	23.2728559414942
ENSMUSG00000029640.17	586.315741932832
ENSMUSG00000029641.8	152.255511295794
ENSMUSG00000029642.11	5354.34403806472
ENSMUSG00000029644.7	0
ENSMUSG00000029646.3	0
ENSMUSG00000029647.15	223.883851665649
ENSMUSG00000029648.13	14.9477586594915
ENSMUSG00000029649.10	16092.9216388888
ENSMUSG00000029650.10	239.021782512622
ENSMUSG00000029651.16	332.865592746913
ENSMUSG00000029655.17	232.408921572827
ENSMUSG00000029656.13	0
ENSMUSG00000029657.15	6116.03121538539
ENSMUSG00000029658.17	0
ENSMUSG00000029659.16	247.046936462653
ENSMUSG00000029660.10	0
ENSMUSG00000029661.16	25.166181899945
ENSMUSG00000029663.10	0
ENSMUSG00000029664.10	0
ENSMUSG00000029669.14	192.266328778349
ENSMUSG00000029670.12	763.611870922065
ENSMUSG00000029671.15	3.04572010028703
ENSMUSG00000029672.16	1438.70859188429
ENSMUSG00000029673.17	596.911450812918
ENSMUSG00000029674.13	1454.21981328801
ENSMUSG00000029675.12	13.6542257302283
ENSMUSG00000029676.15	221.20599130632
ENSMUSG00000029678.8	0
ENSMUSG00000029679.7	0
ENSMUSG00000029680.2	0
ENSMUSG00000029681.12	2128.17266087111
ENSMUSG00000029682.5	0
ENSMUSG00000029683.7	0
ENSMUSG00000029684.14	726.571584831502
ENSMUSG00000029685.15	0
ENSMUSG00000029686.15	3794.85429023148
ENSMUSG00000029687.16	109.719926278398
ENSMUSG00000029695.13	75.9466816374464
ENSMUSG00000029697.6	0
ENSMUSG00000029699.13	5.49383198233732
ENSMUSG00000029700.11	0
ENSMUSG00000029701.15	889.987297733921
ENSMUSG00000029703.10	300.123703721119
ENSMUSG00000029705.17	1605.48161014018
ENSMUSG00000029706.15	0
ENSMUSG00000029707.6	0
ENSMUSG00000029708.9	250.009103149862
ENSMUSG00000029710.15	9.742602626936
ENSMUSG00000029711.13	0
ENSMUSG00000029712.14	3125.80958923796
ENSMUSG00000029713.15	30092.5112041201
ENSMUSG00000029714.11	295.873840671045
ENSMUSG00000029715.5	2439.75338837232
ENSMUSG00000029716.13	154.627997507359
ENSMUSG00000029718.14	315.40395939575
ENSMUSG00000029720.9	0
ENSMUSG00000029722.15	1409.64420786261
ENSMUSG00000029723.16	1151.08877971617
ENSMUSG00000029725.10	756.521753635842
ENSMUSG00000029726.16	1873.24891912199
ENSMUSG00000029727.7	0
ENSMUSG00000029729.12	245.431456033985
ENSMUSG00000029730.16	206.499030025201
ENSMUSG00000029735.17	193.05972726937
ENSMUSG00000029736.15	0
ENSMUSG00000029752.12	3013.07072239921
ENSMUSG00000029754.13	4115.48016628094
ENSMUSG00000029755.10	1844.63710308299
ENSMUSG00000029757.16	3907.20154531307
ENSMUSG00000029759.9	85.2178020611816
ENSMUSG00000029761.16	131.398119918427
ENSMUSG00000029762.6	34.8423662739742
ENSMUSG00000029763.17	420.503822014239
ENSMUSG00000029765.12	318.460229011771
ENSMUSG00000029766.7	0
ENSMUSG00000029767.16	1485.77984443572
ENSMUSG00000029769.16	8338.45056563014
ENSMUSG00000029771.12	65.7822232274797
ENSMUSG00000029772.17	964.785049715467
ENSMUSG00000029775.14	739.390588546792
ENSMUSG00000029776.11	2092.75194392685
ENSMUSG00000029777.10	4809.27649690227
ENSMUSG00000029778.12	1577.47754608454
ENSMUSG00000029780.14	1204.1146096679
ENSMUSG00000029781.7	303.464061183925
ENSMUSG00000029782.20	293.749018386555
ENSMUSG00000029784.13	15.418554207822
ENSMUSG00000029787.10	153.142419695513
ENSMUSG00000029788.13	4.82471802283666
ENSMUSG00000029790.16	100.234382265626
ENSMUSG00000029797.13	0
ENSMUSG00000029798.11	0
ENSMUSG00000029802.13	63.0815784110923
ENSMUSG00000029804.17	332.7962718166
ENSMUSG00000029810.15	870.898666879219
ENSMUSG00000029811.14	0
ENSMUSG00000029813.8	0
ENSMUSG00000029814.10	0
ENSMUSG00000029815.12	749.380106022763
ENSMUSG00000029816.10	59.7265515033301
ENSMUSG00000029817.11	1654.70056306791
ENSMUSG00000029819.6	36946.7663814277
ENSMUSG00000029821.15	340.415394257202
ENSMUSG00000029822.15	335.65166367148
ENSMUSG00000029823.16	589.405439156402
ENSMUSG00000029826.14	11.307364229959
ENSMUSG00000029828.4	31.919900722902
ENSMUSG00000029829.4	0
ENSMUSG00000029830.15	22.1063853748173
ENSMUSG00000029831.7	0
ENSMUSG00000029832.16	30.1636872574116
ENSMUSG00000029833.17	184.417894822659
ENSMUSG00000029836.15	3523.46284805592
ENSMUSG00000029837.2	0
ENSMUSG00000029838.11	4034.22692217123
ENSMUSG00000029840.8	2137.04015307746
ENSMUSG00000029843.4	24.2402278073755
ENSMUSG00000029844.9	0
ENSMUSG00000029847.13	73.6425175854743
ENSMUSG00000029848.11	0
ENSMUSG00000029851.5	39.6547245091458
ENSMUSG00000029859.6	0
ENSMUSG00000029860.16	831.18751182437
ENSMUSG00000029861.17	1092.71384590182
ENSMUSG00000029862.16	0
ENSMUSG00000029863.13	49.3844991746416
ENSMUSG00000029864.7	248.014994983405
ENSMUSG00000029865.4	0
ENSMUSG00000029866.13	0
ENSMUSG00000029867.5	0
ENSMUSG00000029868.14	16.5809672684472
ENSMUSG00000029869.7	2128.73103612699
ENSMUSG00000029875.5	1579.7126076873
ENSMUSG00000029878.6	619.855617552644
ENSMUSG00000029882.5	0
ENSMUSG00000029883.12	0
ENSMUSG00000029885.3	0
ENSMUSG00000029909.6	0
ENSMUSG00000029910.14	207.039895581885
ENSMUSG00000029911.14	1069.09257503683
ENSMUSG00000029913.14	36.8910322910329
ENSMUSG00000029915.14	73.7271634040285
ENSMUSG00000029916.11	750.797517732942
ENSMUSG00000029917.15	6.78861337500108
ENSMUSG00000029918.9	9840.17815669757
ENSMUSG00000029919.5	67.214398017369
ENSMUSG00000029920.9	52.3719160341251
ENSMUSG00000029922.15	4993.90491386583
ENSMUSG00000029923.4	0
ENSMUSG00000029924.12	693.658874800933
ENSMUSG00000029925.13	14.5512778950762
ENSMUSG00000029992.14	383.0182402403
ENSMUSG00000029993.16	2985.30420971711
ENSMUSG00000029994.17	32.3197523384987
ENSMUSG00000029998.14	1626.23731417357
ENSMUSG00000029999.14	799.682444277871
ENSMUSG00000030000.10	1063.63716451564
ENSMUSG00000030001.4	0
ENSMUSG00000030002.15	120.427559902339
ENSMUSG00000030004.6	0
ENSMUSG00000030007.8	10500.9873688697
ENSMUSG00000030008.9	713.237028154973
ENSMUSG00000030016.14	1526.1083958537
ENSMUSG00000030017.2	0
ENSMUSG00000030019.6	425.05478322493
ENSMUSG00000030020.13	474.691035044283
ENSMUSG00000030022.14	7.59899096826888
ENSMUSG00000030029.14	391.32245697193
ENSMUSG00000030030.5	274.65239736609
ENSMUSG00000030031.14	23.70757089755
ENSMUSG00000030032.12	949.686663946705
ENSMUSG00000030034.12	659.000532032194
ENSMUSG00000030035.14	777.802717433416
ENSMUSG00000030036.8	690.968997981375
ENSMUSG00000030037.9	4743.72383488255
ENSMUSG00000030041.9	0
ENSMUSG00000030042.15	1141.78888221106
ENSMUSG00000030043.11	224.663704328774
ENSMUSG00000030045.10	1758.74538047822
ENSMUSG00000030046.6	0
ENSMUSG00000030047.14	17.5514915044148
ENSMUSG00000030048.5	10.8115369904484
ENSMUSG00000030049.5	0
ENSMUSG00000030050.4	0
ENSMUSG00000030051.10	183.255637819959
ENSMUSG00000030054.4	33.4708043821793
ENSMUSG00000030055.16	127.777107883187
ENSMUSG00000030056.8	1459.80362826994
ENSMUSG00000030057.15	12579.096990708
ENSMUSG00000030058.17	5976.0407333825
ENSMUSG00000030059.15	172.609054056302
ENSMUSG00000030060.14	993.006377614373
ENSMUSG00000030061.16	1223.55321602535
ENSMUSG00000030062.7	4855.84976861482
ENSMUSG00000030064.16	112.135952651055
ENSMUSG00000030067.17	2629.34157588708
ENSMUSG00000030068.4	0
ENSMUSG00000030069.15	46.604296028057
ENSMUSG00000030074.9	42.2638257466912
ENSMUSG00000030075.10	155.277416956717
ENSMUSG00000030077.11	370.76772433443
ENSMUSG00000030079.15	2622.65049871524
ENSMUSG00000030082.14	1408.10822334097
ENSMUSG00000030083.11	1009.70323349797
ENSMUSG00000030084.11	251.177446411639
ENSMUSG00000030086.16	5900.40207887754
ENSMUSG00000030087.11	220.667497830098
ENSMUSG00000030088.15	209.575337478801
ENSMUSG00000030089.15	257.872393820018
ENSMUSG00000030091.17	164.171407798744
ENSMUSG00000030092.14	373.140023276485
ENSMUSG00000030093.7	195.380932846759
ENSMUSG00000030094.8	196.210224660544
ENSMUSG00000030095.10	848.812225707225
ENSMUSG00000030096.8	949.991164170088
ENSMUSG00000030098.15	366.201438235498
ENSMUSG00000030101.15	610.263017803279
ENSMUSG00000030102.11	2985.80908831628
ENSMUSG00000030103.11	1060.38251406528
ENSMUSG00000030104.9	85.1002592320241
ENSMUSG00000030105.8	1669.35181166978
ENSMUSG00000030107.10	0
ENSMUSG00000030108.14	12.877306956094
ENSMUSG00000030109.15	77.3041671044005
ENSMUSG00000030110.13	338.067377928287
ENSMUSG00000030111.9	17.883395499439
ENSMUSG00000030114.8	0
ENSMUSG00000030116.14	0
ENSMUSG00000030117.5	0
ENSMUSG00000030120.14	20815.7058710791
ENSMUSG00000030122.12	47961.1184360991
ENSMUSG00000030123.15	838.55307134833
ENSMUSG00000030124.2	154.876597781984
ENSMUSG00000030125.11	124.713441121518
ENSMUSG00000030126.17	711.045038539536
ENSMUSG00000030127.15	7753.72274429641
ENSMUSG00000030131.8	0
ENSMUSG00000030134.11	3155.52183212975
ENSMUSG00000030137.8	528.321277339777
ENSMUSG00000030138.8	332.186615926548
ENSMUSG00000030142.10	0
ENSMUSG00000030143.7	0
ENSMUSG00000030144.4	0
ENSMUSG00000030145.14	64.3556977344777
ENSMUSG00000030147.12	0
ENSMUSG00000030148.15	97.7931057206935
ENSMUSG00000030149.15	0
ENSMUSG00000030154.10	0
ENSMUSG00000030155.7	0
ENSMUSG00000030156.5	0
ENSMUSG00000030157.5	0
ENSMUSG00000030158.12	0
ENSMUSG00000030159.15	0
ENSMUSG00000030160.7	0
ENSMUSG00000030161.8	40081.0336859724
ENSMUSG00000030162.14	0
ENSMUSG00000030165.16	0
ENSMUSG00000030166.14	542.182654359734
ENSMUSG00000030167.15	0
ENSMUSG00000030168.13	532.390706216893
ENSMUSG00000030170.14	154.082699905603
ENSMUSG00000030172.15	300.144428213567
ENSMUSG00000030173.15	0
ENSMUSG00000030177.14	25.0936461763757
ENSMUSG00000030178.15	0
ENSMUSG00000030180.15	48.4301425397106
ENSMUSG00000030187.15	0
ENSMUSG00000030188.12	292.329453077011
ENSMUSG00000030189.15	434.347970239269
ENSMUSG00000030194.2	0
ENSMUSG00000030196.3	0
ENSMUSG00000030199.16	85.4787933350572
ENSMUSG00000030200.13	0
ENSMUSG00000030201.15	306.811285195434
ENSMUSG00000030203.17	89.2818625456756
ENSMUSG00000030204.10	2027.45396844084
ENSMUSG00000030205.15	0
ENSMUSG00000030206.13	0
ENSMUSG00000030207.15	3340.04466030122
ENSMUSG00000030208.15	14.1689671902565
ENSMUSG00000030209.14	347.201136166382
ENSMUSG00000030213.12	288.691805266959
ENSMUSG00000030214.7	0
ENSMUSG00000030216.12	2728.10348920657
ENSMUSG00000030217.2	24.0594503069823
ENSMUSG00000030218.2	82.87758862852
ENSMUSG00000030219.13	0
ENSMUSG00000030220.13	1944.21098578658
ENSMUSG00000030222.13	1208.06290638358
ENSMUSG00000030223.14	669.612658205996
ENSMUSG00000030224.10	2961.47541302337
ENSMUSG00000030225.11	40.7622363917338
ENSMUSG00000030226.12	3506.74049230737
ENSMUSG00000030228.18	29.2116402797715
ENSMUSG00000030230.15	0
ENSMUSG00000030231.11	415.353848063986
ENSMUSG00000030232.18	639.607276107769
ENSMUSG00000030235.17	105.148084517334
ENSMUSG00000030236.10	0
ENSMUSG00000030237.14	25.9834572535006
ENSMUSG00000030243.16	586.560128643481
ENSMUSG00000030244.7	0
ENSMUSG00000030245.10	578.508725750454
ENSMUSG00000030246.12	72702.4871929104
ENSMUSG00000030247.9	0
ENSMUSG00000030249.15	2.01027576749318
ENSMUSG00000030254.16	44.1333684773625
ENSMUSG00000030255.13	55.6462297830446
ENSMUSG00000030256.11	673.804498919532
ENSMUSG00000030257.16	945.768330352635
ENSMUSG00000030259.12	479.688446766995
ENSMUSG00000030263.13	68.2295548199047
ENSMUSG00000030264.14	519.265579275799
ENSMUSG00000030265.14	729.305594832268
ENSMUSG00000030268.17	3565.69905154988
ENSMUSG00000030269.14	231.438927933805
ENSMUSG00000030270.11	632.474679854344
ENSMUSG00000030271.14	331.788512159712
ENSMUSG00000030272.15	2987.3584313963
ENSMUSG00000030275.6	1371.24312787708
ENSMUSG00000030276.19	22.7680397654999
ENSMUSG00000030278.11	0
ENSMUSG00000030279.15	548.072124393692
ENSMUSG00000030281.16	161.053308032813
ENSMUSG00000030282.14	3792.04621513948
ENSMUSG00000030283.7	334.974996508406
ENSMUSG00000030284.11	5492.2549233698
ENSMUSG00000030286.6	2597.90305143983
ENSMUSG00000030287.15	36.2714823285323
ENSMUSG00000030291.12	1635.11154808229
ENSMUSG00000030292.10	0
ENSMUSG00000030298.10	2900.98648734452
ENSMUSG00000030301.17	1242.3010475833
ENSMUSG00000030302.16	3922.2214963687
ENSMUSG00000030303.15	302.050550921873
ENSMUSG00000030304.11	916.932789672265
ENSMUSG00000030306.14	372.704746511899
ENSMUSG00000030307.8	640.01905054884
ENSMUSG00000030309.16	157.00369851218
ENSMUSG00000030310.10	8074.21497233884
ENSMUSG00000030313.15	149.455800908577
ENSMUSG00000030314.16	605.243726759473
ENSMUSG00000030315.15	403.071870880422
ENSMUSG00000030316.13	1042.1362214669
ENSMUSG00000030317.8	38.5022055209696
ENSMUSG00000030319.8	14.6848946905152
ENSMUSG00000030321.15	32.5430400176791
ENSMUSG00000030322.12	117.747608366815
ENSMUSG00000030323.13	215.039799359641
ENSMUSG00000030324.8	0
ENSMUSG00000030325.16	0
ENSMUSG00000030327.8	6680.00885713627
ENSMUSG00000030329.11	6567.59190658535
ENSMUSG00000030330.15	1571.20919862012
ENSMUSG00000030335.6	6181.93088780728
ENSMUSG00000030336.14	0
ENSMUSG00000030337.16	11378.8502142896
ENSMUSG00000030339.7	24.1719992825379
ENSMUSG00000030340.16	27.7605512693645
ENSMUSG00000030341.17	135.091667677236
ENSMUSG00000030342.8	458.513976897484
ENSMUSG00000030344.11	5.22769079693466
ENSMUSG00000030345.16	0
ENSMUSG00000030346.16	13.0393262938946
ENSMUSG00000030347.6	784.937155170357
ENSMUSG00000030350.8	1457.72718394222
ENSMUSG00000030351.5	28.4922444568155
ENSMUSG00000030352.15	778.195078268609
ENSMUSG00000030353.15	0
ENSMUSG00000030357.10	6929.55996148766
ENSMUSG00000030359.14	0
ENSMUSG00000030361.16	0
ENSMUSG00000030363.8	0
ENSMUSG00000030364.6	0
ENSMUSG00000030365.11	0
ENSMUSG00000030366.10	0
ENSMUSG00000030368.10	0
ENSMUSG00000030373.6	0
ENSMUSG00000030374.15	2412.5427540193
ENSMUSG00000030376.8	2939.98476979768
ENSMUSG00000030378.15	0
ENSMUSG00000030380.17	136.627090390347
ENSMUSG00000030382.15	0
ENSMUSG00000030385.4	0
ENSMUSG00000030386.19	20.7125384113235
ENSMUSG00000030393.8	73.5297189172387
ENSMUSG00000030397.11	1494.40878649782
ENSMUSG00000030399.2	0
ENSMUSG00000030400.17	111.076038435612
ENSMUSG00000030401.16	3214.84647205287
ENSMUSG00000030402.5	0
ENSMUSG00000030403.9	506.258713030318
ENSMUSG00000030406.7	27.5289925201558
ENSMUSG00000030407.2	461.514034448898
ENSMUSG00000030409.16	96.916902894634
ENSMUSG00000030410.16	2712.56692399581
ENSMUSG00000030411.16	865.67238060361
ENSMUSG00000030413.7	5.53034953680209
ENSMUSG00000030417.15	6610.08847712148
ENSMUSG00000030421.9	773.840843678253
ENSMUSG00000030423.7	437.807555956823
ENSMUSG00000030424.15	61.3985873240415
ENSMUSG00000030427.17	0
ENSMUSG00000030428.16	6321.67941760315
ENSMUSG00000030431.8	6.36538428222987
ENSMUSG00000030432.12	22458.9265634867
ENSMUSG00000030433.15	0
ENSMUSG00000030435.16	7276.84187323606
ENSMUSG00000030443.16	228.387277632365
ENSMUSG00000030446.17	28.8154404196212
ENSMUSG00000030447.15	215.673675439663
ENSMUSG00000030450.11	0.532188736050277
ENSMUSG00000030451.16	350.300571404476
ENSMUSG00000030452.16	498.51515000027
ENSMUSG00000030463.5	0
ENSMUSG00000030465.19	713.411313645684
ENSMUSG00000030468.12	0
ENSMUSG00000030469.10	69.3120037997275
ENSMUSG00000030470.15	0
ENSMUSG00000030471.17	296.566675435155
ENSMUSG00000030472.9	0
ENSMUSG00000030474.9	1.85097183758874
ENSMUSG00000030483.14	0
ENSMUSG00000030484.5	0
ENSMUSG00000030486.9	130.606469276167
ENSMUSG00000030491.16	0
ENSMUSG00000030492.16	0
ENSMUSG00000030493.13	161.987189867976
ENSMUSG00000030494.13	32.587516526322
ENSMUSG00000030495.12	174.841899636521
ENSMUSG00000030498.15	173.045891400139
ENSMUSG00000030499.9	58.1302349878594
ENSMUSG00000030500.6	155.314215415446
ENSMUSG00000030505.17	371.123661249914
ENSMUSG00000030507.6	0
ENSMUSG00000030509.17	138.683808996339
ENSMUSG00000030510.11	8.70669012036696
ENSMUSG00000030512.13	2116.2017071322
ENSMUSG00000030513.14	128.535237283144
ENSMUSG00000030515.9	448.820095554753
ENSMUSG00000030516.14	252.257773003681
ENSMUSG00000030518.17	950.544483149192
ENSMUSG00000030519.14	2098.10354471629
ENSMUSG00000030521.11	456.028348690249
ENSMUSG00000030522.14	21.7711105286117
ENSMUSG00000030523.18	0
ENSMUSG00000030525.8	145.537217621827
ENSMUSG00000030527.15	62.9553275497162
ENSMUSG00000030528.12	51.8911952017606
ENSMUSG00000030530.15	304.031456587869
ENSMUSG00000030532.6	7181.06297594257
ENSMUSG00000030533.16	693.735624088479
ENSMUSG00000030534.13	294.788613860156
ENSMUSG00000030536.10	123.031948190548
ENSMUSG00000030538.15	1022.04114184188
ENSMUSG00000030539.13	98.6805447173575
ENSMUSG00000030541.16	811.147364588974
ENSMUSG00000030543.10	0
ENSMUSG00000030544.5	0
ENSMUSG00000030545.9	297.574122976192
ENSMUSG00000030546.14	0
ENSMUSG00000030549.6	0
ENSMUSG00000030551.14	488.61355555928
ENSMUSG00000030553.3	37.0307977687194
ENSMUSG00000030554.16	141.568602164301
ENSMUSG00000030555.16	7.13265867659525
ENSMUSG00000030556.13	465.781157505484
ENSMUSG00000030557.17	806.432823461232
ENSMUSG00000030559.8	8.77938190186137
ENSMUSG00000030560.17	154.193750725078
ENSMUSG00000030562.17	0
ENSMUSG00000030577.14	0
ENSMUSG00000030579.10	630.995812533275
ENSMUSG00000030583.16	581.105155084484
ENSMUSG00000030584.14	1842.77149301203
ENSMUSG00000030587.5	0
ENSMUSG00000030588.12	2266.72781571403
ENSMUSG00000030589.15	0
ENSMUSG00000030590.15	1842.31377511782
ENSMUSG00000030591.17	7436.51750190641
ENSMUSG00000030592.18	7.72274490284394
ENSMUSG00000030595.15	806.697653760064
ENSMUSG00000030598.15	93.9493990263887
ENSMUSG00000030600.15	611.675373236685
ENSMUSG00000030602.13	124.774896732408
ENSMUSG00000030603.16	4877.87391146313
ENSMUSG00000030604.9	42.5071200518646
ENSMUSG00000030605.15	1244.50486638945
ENSMUSG00000030606.8	0
ENSMUSG00000030607.7	34.1217531992027
ENSMUSG00000030609.18	1338.00978123368
ENSMUSG00000030610.13	123.363227953872
ENSMUSG00000030611.10	2851.34221414782
ENSMUSG00000030612.6	2708.11112690782
ENSMUSG00000030613.13	421.427840988538
ENSMUSG00000030614.8	1542.99813933268
ENSMUSG00000030615.12	1285.7379295411
ENSMUSG00000030616.16	716.202409635437
ENSMUSG00000030617.13	0
ENSMUSG00000030619.10	630.633040280674
ENSMUSG00000030621.17	2953.09728725843
ENSMUSG00000030623.4	0
ENSMUSG00000030629.15	1557.85981644071
ENSMUSG00000030630.16	228.114675648865
ENSMUSG00000030636.15	0
ENSMUSG00000030638.13	1513.23396036343
ENSMUSG00000030641.10	6.87016924663907
ENSMUSG00000030643.14	169.866866620263
ENSMUSG00000030647.8	13701.4986720421
ENSMUSG00000030649.18	1867.38410624019
ENSMUSG00000030650.18	0
ENSMUSG00000030651.5	0
ENSMUSG00000030652.11	2664.99294644458
ENSMUSG00000030653.17	0
ENSMUSG00000030654.9	6028.32947054257
ENSMUSG00000030655.15	92.355704284059
ENSMUSG00000030657.11	74.8579279174509
ENSMUSG00000030659.14	1507.89790294333
ENSMUSG00000030660.9	43.2131261048502
ENSMUSG00000030662.10	975.774617586828
ENSMUSG00000030663.12	4985.82092607805
ENSMUSG00000030664.3	0
ENSMUSG00000030666.11	0
ENSMUSG00000030669.13	464.78257405459
ENSMUSG00000030670.16	0
ENSMUSG00000030671.9	118.992794550894
ENSMUSG00000030672.12	37.3307098891057
ENSMUSG00000030674.5	77.9423191715686
ENSMUSG00000030677.8	268.141130135511
ENSMUSG00000030678.7	2784.54873556593
ENSMUSG00000030680.6	681.615260492112
ENSMUSG00000030681.18	70.054870734613
ENSMUSG00000030682.4	5651.66456691268
ENSMUSG00000030683.11	10395.8479923845
ENSMUSG00000030685.5	4716.70774233891
ENSMUSG00000030688.15	3895.4352147255
ENSMUSG00000030689.15	3102.02336514618
ENSMUSG00000030691.15	476.482642447178
ENSMUSG00000030693.10	0
ENSMUSG00000030695.16	125729.926663651
ENSMUSG00000030697.7	1716.7554676016
ENSMUSG00000030699.16	23.8270488449783
ENSMUSG00000030701.17	1710.37322906346
ENSMUSG00000030703.8	805.771044224209
ENSMUSG00000030704.14	5363.88239207933
ENSMUSG00000030706.17	2949.59472318832
ENSMUSG00000030707.15	3392.67585097204
ENSMUSG00000030708.14	27.868262449243
ENSMUSG00000030711.16	144.814263678179
ENSMUSG00000030713.6	0
ENSMUSG00000030714.14	1610.97778299139
ENSMUSG00000030717.9	301.857351210645
ENSMUSG00000030718.9	3581.85501066521
ENSMUSG00000030720.16	279.797908059687
ENSMUSG00000030722.7	16.6796270886721
ENSMUSG00000030724.7	0
ENSMUSG00000030725.4	106.762971925887
ENSMUSG00000030726.16	494.302647217456
ENSMUSG00000030727.12	287.845877678362
ENSMUSG00000030729.17	513.502797065408
ENSMUSG00000030730.12	26.1144834873836
ENSMUSG00000030731.13	3339.88891449201
ENSMUSG00000030732.13	31.6402761327739
ENSMUSG00000030733.10	1955.54993614057
ENSMUSG00000030735.6	47.2114862028926
ENSMUSG00000030737.17	205.155215232483
ENSMUSG00000030738.11	3083.31407989572
ENSMUSG00000030739.18	1108.48365528737
ENSMUSG00000030741.15	1866.32715712533
ENSMUSG00000030742.7	0
ENSMUSG00000030744.13	12950.9152969939
ENSMUSG00000030745.9	47.3933248971762
ENSMUSG00000030747.5	3454.75054365063
ENSMUSG00000030748.9	63.8124288857479
ENSMUSG00000030750.13	1110.42944792023
ENSMUSG00000030751.18	4673.26958070612
ENSMUSG00000030752.8	108.709107886179
ENSMUSG00000030753.15	421.910559362343
ENSMUSG00000030754.9	642.440975911065
ENSMUSG00000030757.13	60.7853733132984
ENSMUSG00000030759.16	236.573483361062
ENSMUSG00000030760.14	157.350365586915
ENSMUSG00000030761.16	115.520849045675
ENSMUSG00000030762.11	0
ENSMUSG00000030763.7	4759.13770735262
ENSMUSG00000030766.15	134.677895694724
ENSMUSG00000030768.12	82.4124111654918
ENSMUSG00000030769.15	0
ENSMUSG00000030770.15	1101.4452868091
ENSMUSG00000030772.6	968.142417492105
ENSMUSG00000030774.13	6772.58092012764
ENSMUSG00000030775.11	0
ENSMUSG00000030779.16	944.018359204147
ENSMUSG00000030780.15	617.986667842088
ENSMUSG00000030781.13	0
ENSMUSG00000030782.17	126.609107948845
ENSMUSG00000030785.8	1396.89193451607
ENSMUSG00000030786.18	93.8626308200536
ENSMUSG00000030787.4	0
ENSMUSG00000030788.16	840.738600165669
ENSMUSG00000030789.9	8.98706378853537
ENSMUSG00000030790.15	203.815707638496
ENSMUSG00000030792.8	163.87542833807
ENSMUSG00000030793.4	58.2719667954017
ENSMUSG00000030795.18	19514.9378155056
ENSMUSG00000030796.17	10.50656859329
ENSMUSG00000030798.15	343.090632843389
ENSMUSG00000030800.10	0
ENSMUSG00000030801.10	1311.78683748837
ENSMUSG00000030802.14	1357.92286610649
ENSMUSG00000030804.8	20.0565957406981
ENSMUSG00000030805.14	3046.56871207194
ENSMUSG00000030806.6	10304.9744638496
ENSMUSG00000030811.14	904.928970134335
ENSMUSG00000030814.17	408.59223271002
ENSMUSG00000030815.11	1908.24397246985
ENSMUSG00000030816.8	552.533820471247
ENSMUSG00000030822.15	1080.18785654662
ENSMUSG00000030823.6	69.8538369155467
ENSMUSG00000030824.17	5077.6054271448
ENSMUSG00000030825.19	0
ENSMUSG00000030826.19	534.552202113773
ENSMUSG00000030827.5	0
ENSMUSG00000030830.18	0
ENSMUSG00000030834.7	0.661030158982395
ENSMUSG00000030835.6	2234.08109081094
ENSMUSG00000030838.20	56.7027107241369
ENSMUSG00000030839.12	961.917922304622
ENSMUSG00000030842.12	4064.05552185194
ENSMUSG00000030844.11	8898.8719281731
ENSMUSG00000030846.15	894.837921372318
ENSMUSG00000030847.8	497.93283545869
ENSMUSG00000030849.18	236.82757687465
ENSMUSG00000030850.17	578.936574157807
ENSMUSG00000030851.15	0
ENSMUSG00000030852.18	1231.93802106948
ENSMUSG00000030854.17	7051.81758146563
ENSMUSG00000030858.10	0
ENSMUSG00000030859.8	0
ENSMUSG00000030861.15	914.302464556911
ENSMUSG00000030862.13	109.925860316311
ENSMUSG00000030865.4	0
ENSMUSG00000030866.8	0
ENSMUSG00000030867.7	6.93178091545399
ENSMUSG00000030868.6	4200.0842861576
ENSMUSG00000030869.11	28779.2296438255
ENSMUSG00000030870.12	886.966702959569
ENSMUSG00000030871.11	164.386237138386
ENSMUSG00000030872.14	789.228467205327
ENSMUSG00000030873.9	0
ENSMUSG00000030876.7	1366.10504554072
ENSMUSG00000030877.11	0
ENSMUSG00000030878.11	464.938850460748
ENSMUSG00000030879.10	8075.78004605771
ENSMUSG00000030880.14	303.578170738731
ENSMUSG00000030881.15	3216.08313747424
ENSMUSG00000030882.19	0
ENSMUSG00000030884.12	7783.64485388582
ENSMUSG00000030887.4	0
ENSMUSG00000030888.14	604.732168881116
ENSMUSG00000030889.14	36.6308525183676
ENSMUSG00000030890.16	1500.3469466044
ENSMUSG00000030894.5	1025.14316764153
ENSMUSG00000030895.9	0
ENSMUSG00000030897.5	0.677634722209111
ENSMUSG00000030898.15	441.498669212002
ENSMUSG00000030905.5	3489.0247966542
ENSMUSG00000030909.6	0
ENSMUSG00000030911.7	0
ENSMUSG00000030917.13	79.6866722347542
ENSMUSG00000030921.17	7.46662263623034
ENSMUSG00000030922.12	436.358308429932
ENSMUSG00000030924.16	0
ENSMUSG00000030929.17	72.9140391912796
ENSMUSG00000030930.14	782.057543125507
ENSMUSG00000030934.9	2222.81192956103
ENSMUSG00000030935.15	0
ENSMUSG00000030942.8	1605.39050352352
ENSMUSG00000030945.17	0
ENSMUSG00000030946.13	750.259117891474
ENSMUSG00000030954.11	0
ENSMUSG00000030956.15	175.53248716651
ENSMUSG00000030960.16	1038.9524525261
ENSMUSG00000030963.6	0
ENSMUSG00000030965.19	307.478744940929
ENSMUSG00000030966.13	0
ENSMUSG00000030967.15	713.778861270792
ENSMUSG00000030968.3	0
ENSMUSG00000030970.16	274.057473344165
ENSMUSG00000030972.6	0
ENSMUSG00000030976.3	0
ENSMUSG00000030978.10	204.80152555112
ENSMUSG00000030979.13	1077.87261238197
ENSMUSG00000030980.17	762.357664589918
ENSMUSG00000030981.9	0
ENSMUSG00000030982.19	1041.09144487018
ENSMUSG00000030983.4	3699.12857747885
ENSMUSG00000030986.13	665.207330250974
ENSMUSG00000030987.5	1778.01051284617
ENSMUSG00000030990.18	156.75756395277
ENSMUSG00000030994.16	155.438656004892
ENSMUSG00000030996.8	0
ENSMUSG00000031004.8	6.94470251164922
ENSMUSG00000031007.2	4812.02835992966
ENSMUSG00000031010.17	375.0934003245
ENSMUSG00000031012.17	695.45547605743
ENSMUSG00000031015.8	92.7699132287615
ENSMUSG00000031016.9	275.549231049843
ENSMUSG00000031021.13	3342.5943346809
ENSMUSG00000031022.15	0
ENSMUSG00000031023.5	119.398233040208
ENSMUSG00000031024.13	106.146043736527
ENSMUSG00000031026.15	96.8878136974023
ENSMUSG00000031027.15	123.352990553988
ENSMUSG00000031028.14	832.540221918818
ENSMUSG00000031029.6	3114.08398976883
ENSMUSG00000031059.9	11894.9053387194
ENSMUSG00000031060.16	1483.34078391332
ENSMUSG00000031065.14	3388.12932180642
ENSMUSG00000031066.10	1855.73338336351
ENSMUSG00000031068.8	5184.93410904904
ENSMUSG00000031070.15	43.2079761933231
ENSMUSG00000031072.14	791.855202988405
ENSMUSG00000031073.6	1.89348201637594
ENSMUSG00000031074.14	105.100081099584
ENSMUSG00000031075.19	18.4008211557784
ENSMUSG00000031077.7	72.489686481448
ENSMUSG00000031078.15	3152.74337683192
ENSMUSG00000031079.12	0
ENSMUSG00000031085.16	0
ENSMUSG00000031089.7	0
ENSMUSG00000031090.14	60.3373622220272
ENSMUSG00000031093.14	75.2205441121276
ENSMUSG00000031095.15	170.185849019092
ENSMUSG00000031097.15	0
ENSMUSG00000031098.18	0
ENSMUSG00000031099.16	187.466829716203
ENSMUSG00000031101.6	30.7040846403202
ENSMUSG00000031103.12	0
ENSMUSG00000031104.2	1016.24115542215
ENSMUSG00000031105.16	3120.64369737935
ENSMUSG00000031107.6	352.00306973216
ENSMUSG00000031109.16	194.677454932159
ENSMUSG00000031111.16	214.696284654992
ENSMUSG00000031112.10	62.8804821688559
ENSMUSG00000031118.8	0
ENSMUSG00000031119.4	105.716509903584
ENSMUSG00000031125.2	0
ENSMUSG00000031129.9	181.974308620436
ENSMUSG00000031130.3	19.3352647994713
ENSMUSG00000031131.11	0
ENSMUSG00000031132.1	0
ENSMUSG00000031133.12	334.758232050494
ENSMUSG00000031134.16	1717.27660743655
ENSMUSG00000031137.17	2046.31519168714
ENSMUSG00000031138.4	0
ENSMUSG00000031139.16	66.603618510257
ENSMUSG00000031142.17	0
ENSMUSG00000031143.4	673.495847555342
ENSMUSG00000031144.15	54294.3903357613
ENSMUSG00000031145.15	0
ENSMUSG00000031146.6	70.7895290226402
ENSMUSG00000031147.8	9.07021145100901
ENSMUSG00000031148.14	624.856743453972
ENSMUSG00000031149.7	7785.42416392422
ENSMUSG00000031150.13	493.365675435377
ENSMUSG00000031153.16	4019.0895219212
ENSMUSG00000031154.15	1735.58881890248
ENSMUSG00000031155.17	1734.69741603452
ENSMUSG00000031156.18	897.022982015882
ENSMUSG00000031157.10	6997.09583883066
ENSMUSG00000031158.11	2320.51099477608
ENSMUSG00000031160.4	0
ENSMUSG00000031161.15	395.144471614651
ENSMUSG00000031162.14	0
ENSMUSG00000031163.2	0
ENSMUSG00000031165.6	58.6127973037396
ENSMUSG00000031166.13	1362.29186377655
ENSMUSG00000031167.16	2597.8133493445
ENSMUSG00000031168.14	1148.42883480664
ENSMUSG00000031169.13	3126.1360312056
ENSMUSG00000031170.14	0
ENSMUSG00000031171.11	968.973769270502
ENSMUSG00000031173.13	0
ENSMUSG00000031174.17	232.924693015161
ENSMUSG00000031176.8	3213.60556185594
ENSMUSG00000031179.14	0
ENSMUSG00000031181.2	0
ENSMUSG00000031182.2	0
ENSMUSG00000031189.12	35.7032130002074
ENSMUSG00000031194.1	0
ENSMUSG00000031196.13	5.36892321911679
ENSMUSG00000031197.11	1468.68316814811
ENSMUSG00000031198.4	1192.22926930668
ENSMUSG00000031200.16	14.6767796784119
ENSMUSG00000031201.17	298.968188420781
ENSMUSG00000031202.5	309.796423609211
ENSMUSG00000031204.3	0
ENSMUSG00000031207.16	109.436119335878
ENSMUSG00000031209.14	12.1444901515826
ENSMUSG00000031210.10	35.5027409896713
ENSMUSG00000031212.3	15.2549118676008
ENSMUSG00000031214.13	934.978766318035
ENSMUSG00000031216.13	34.7830330508652
ENSMUSG00000031217.8	192.592552264901
ENSMUSG00000031220.14	18.1358972221912
ENSMUSG00000031221.7	2386.58052064361
ENSMUSG00000031224.6	220.246859298883
ENSMUSG00000031226.13	532.473198436082
ENSMUSG00000031227.8	2423.28537583004
ENSMUSG00000031229.16	165.69247318275
ENSMUSG00000031230.3	28.3152123466238
ENSMUSG00000031231.4	46793.3268702982
ENSMUSG00000031232.17	64.2336292254933
ENSMUSG00000031233.6	0
ENSMUSG00000031239.5	355.605698143827
ENSMUSG00000031241.17	0
ENSMUSG00000031242.7	625.103096494477
ENSMUSG00000031245.8	107.638113558056
ENSMUSG00000031246.14	722.603406336167
ENSMUSG00000031250.8	28.5045418213104
ENSMUSG00000031253.15	98.7728685858248
ENSMUSG00000031255.14	1.00635513556208
ENSMUSG00000031256.11	684.18272547525
ENSMUSG00000031257.14	0
ENSMUSG00000031258.4	75.5928671097432
ENSMUSG00000031262.12	0
ENSMUSG00000031264.13	14.2258346981495
ENSMUSG00000031266.7	252.456122626437
ENSMUSG00000031270.1	0
ENSMUSG00000031271.14	0
ENSMUSG00000031273.16	0
ENSMUSG00000031274.16	0
ENSMUSG00000031278.12	239.852291578223
ENSMUSG00000031283.16	41.707135916406
ENSMUSG00000031284.16	309.63340550069
ENSMUSG00000031285.14	32.9900211266449
ENSMUSG00000031286.6	24.538204809491
ENSMUSG00000031289.10	0
ENSMUSG00000031290.14	275.944057600253
ENSMUSG00000031292.14	301.319419542952
ENSMUSG00000031293.13	0
ENSMUSG00000031294.9	0
ENSMUSG00000031295.13	118.477959456111
ENSMUSG00000031297.14	226.517766113279
ENSMUSG00000031298.15	5.72779402359196
ENSMUSG00000031299.10	4803.46830183568
ENSMUSG00000031302.16	829.730211708546
ENSMUSG00000031303.8	10.6224259968569
ENSMUSG00000031304.18	30.9562118240522
ENSMUSG00000031309.15	172.13282769218
ENSMUSG00000031310.16	1541.8052325535
ENSMUSG00000031311.17	4122.54431552843
ENSMUSG00000031312.5	0
ENSMUSG00000031314.18	739.23715239487
ENSMUSG00000031320.9	17510.8525849954
ENSMUSG00000031323.8	193.199960920832
ENSMUSG00000031325.15	0
ENSMUSG00000031326.2	0
ENSMUSG00000031327.10	116.814974995053
ENSMUSG00000031328.16	77.4183078707917
ENSMUSG00000031329.4	0
ENSMUSG00000031330.8	0
ENSMUSG00000031333.7	99.5114283219786
ENSMUSG00000031337.16	21.4627712802719
ENSMUSG00000031340.8	27.2052659604049
ENSMUSG00000031342.17	4218.49862192969
ENSMUSG00000031343.13	1143.07464345565
ENSMUSG00000031344.11	32.9312497120661
ENSMUSG00000031347.12	1807.32003265654
ENSMUSG00000031349.4	470.653785311315
ENSMUSG00000031351.15	0
ENSMUSG00000031352.10	510.155292149634
ENSMUSG00000031353.13	2563.8394454235
ENSMUSG00000031354.16	0
ENSMUSG00000031355.16	177.389108300986
ENSMUSG00000031357.3	511.127408176437
ENSMUSG00000031358.17	257.440862445633
ENSMUSG00000031360.14	1364.99410038378
ENSMUSG00000031362.17	10.4251063564071
ENSMUSG00000031364.2	0
ENSMUSG00000031365.13	97.3725608242334
ENSMUSG00000031367.15	1840.90322995635
ENSMUSG00000031370.12	2201.08435919351
ENSMUSG00000031371.14	515.763483379458
ENSMUSG00000031372.7	0
ENSMUSG00000031373.4	33.3609083913499
ENSMUSG00000031374.13	42.340013225707
ENSMUSG00000031375.17	54.0493202474586
ENSMUSG00000031376.15	570.618093731827
ENSMUSG00000031377.11	0
ENSMUSG00000031378.14	38.6321393493772
ENSMUSG00000031379.13	286.511363937977
ENSMUSG00000031380.10	1.65973845621638
ENSMUSG00000031381.16	38.0390255993822
ENSMUSG00000031382.14	197.275413633855
ENSMUSG00000031383.8	0
ENSMUSG00000031384.2	0
ENSMUSG00000031385.14	30.7952848917271
ENSMUSG00000031386.14	534.020294281988
ENSMUSG00000031387.14	203.082485083379
ENSMUSG00000031388.14	3327.3289981439
ENSMUSG00000031389.17	41.1102455646246
ENSMUSG00000031390.8	0
ENSMUSG00000031391.18	3933.80879730463
ENSMUSG00000031392.18	231.369482157152
ENSMUSG00000031393.16	534.611348067372
ENSMUSG00000031394.11	0
ENSMUSG00000031397.11	0
ENSMUSG00000031398.13	241.497797551674
ENSMUSG00000031399.15	758.60628176408
ENSMUSG00000031400.10	1171.91530283596
ENSMUSG00000031402.12	1562.06545267482
ENSMUSG00000031403.14	1005.20445805742
ENSMUSG00000031409.1	14152.4113795256
ENSMUSG00000031410.14	0
ENSMUSG00000031411.11	0
ENSMUSG00000031422.16	12150.1618583879
ENSMUSG00000031424.16	0
ENSMUSG00000031425.15	3472.62969437451
ENSMUSG00000031428.11	13253.9640880392
ENSMUSG00000031429.14	951.367126895369
ENSMUSG00000031430.8	0
ENSMUSG00000031431.13	2653.17667732099
ENSMUSG00000031432.3	2321.01066104055
ENSMUSG00000031433.15	18.4103719007922
ENSMUSG00000031434.15	49.2218868167258
ENSMUSG00000031438.11	575.148486507994
ENSMUSG00000031441.15	202.115269275423
ENSMUSG00000031442.21	933.089872404656
ENSMUSG00000031443.7	6.44122843381055
ENSMUSG00000031444.16	31.3303763051835
ENSMUSG00000031445.5	0
ENSMUSG00000031446.14	1246.56773367769
ENSMUSG00000031447.7	5968.40272793297
ENSMUSG00000031448.12	34.9256387827878
ENSMUSG00000031449.10	0
ENSMUSG00000031450.8	0
ENSMUSG00000031451.6	3687.67720299564
ENSMUSG00000031452.15	0
ENSMUSG00000031453.16	397.000593363767
ENSMUSG00000031458.8	5168.58036211948
ENSMUSG00000031461.4	0
ENSMUSG00000031465.6	0
ENSMUSG00000031467.10	313.320929423592
ENSMUSG00000031471.3	0
ENSMUSG00000031478.16	52.2412331276772
ENSMUSG00000031479.9	420.577200450604
ENSMUSG00000031480.15	0
ENSMUSG00000031481.8	0
ENSMUSG00000031482.9	108.497961513569
ENSMUSG00000031483.8	439.886653269269
ENSMUSG00000031485.15	1615.00554440251
ENSMUSG00000031486.15	33.7281126890234
ENSMUSG00000031487.5	421.726910396129
ENSMUSG00000031488.14	12.6809236631946
ENSMUSG00000031489.15	15.7640664539118
ENSMUSG00000031490.6	7.03615245573621
ENSMUSG00000031491.10	92.0380327718005
ENSMUSG00000031492.13	34.8178027565692
ENSMUSG00000031493.10	7.59040778239041
ENSMUSG00000031494.7	0
ENSMUSG00000031495.8	0
ENSMUSG00000031497.9	150.664812865626
ENSMUSG00000031502.11	43.8160715041241
ENSMUSG00000031503.13	85.441089740362
ENSMUSG00000031504.6	0
ENSMUSG00000031505.11	2223.04689037301
ENSMUSG00000031506.11	102.584115231717
ENSMUSG00000031508.14	234.611117376563
ENSMUSG00000031509.10	0
ENSMUSG00000031510.5	0
ENSMUSG00000031511.16	840.776678299384
ENSMUSG00000031512.15	0
ENSMUSG00000031513.8	1586.30914496813
ENSMUSG00000031516.11	11419.0306355251
ENSMUSG00000031517.8	9158.68034539986
ENSMUSG00000031518.6	0
ENSMUSG00000031519.4	185.35829987909
ENSMUSG00000031520.6	29.5742252628631
ENSMUSG00000031521.5	97.7808707793685
ENSMUSG00000031523.16	238.293585022693
ENSMUSG00000031527.7	75.7058218359039
ENSMUSG00000031529.5	193.685581972043
ENSMUSG00000031530.6	88.6800719750472
ENSMUSG00000031532.7	11436.7793530352
ENSMUSG00000031533.4	1313.26071095584
ENSMUSG00000031534.15	1393.48575182048
ENSMUSG00000031535.7	0
ENSMUSG00000031536.6	2693.44411645552
ENSMUSG00000031537.15	515.772347469601
ENSMUSG00000031538.6	339.946221711292
ENSMUSG00000031539.6	2046.73988772441
ENSMUSG00000031540.14	113.912297588879
ENSMUSG00000031543.18	1440.28917776091
ENSMUSG00000031545.6	1410.75736904208
ENSMUSG00000031546.6	1133.4732732509
ENSMUSG00000031548.7	195.030551593407
ENSMUSG00000031549.16	31.1767216721664
ENSMUSG00000031551.12	559.598593950439
ENSMUSG00000031552.13	0
ENSMUSG00000031553.16	0
ENSMUSG00000031554.18	0
ENSMUSG00000031555.15	405.9222688817
ENSMUSG00000031556.6	3228.36764279619
ENSMUSG00000031557.16	137.086899460753
ENSMUSG00000031558.15	132.820275789527
ENSMUSG00000031559.15	0
ENSMUSG00000031561.16	177.77007690765
ENSMUSG00000031562.15	58.5943200454121
ENSMUSG00000031563.8	139.561822094329
ENSMUSG00000031565.18	744.951556648492
ENSMUSG00000031568.16	563.45746947506
ENSMUSG00000031570.17	610.429063435546
ENSMUSG00000031574.8	42.8928328194507
ENSMUSG00000031575.18	1090.68886947778
ENSMUSG00000031576.16	197.664029078847
ENSMUSG00000031577.10	353.747360372175
ENSMUSG00000031578.5	1064.53640149144
ENSMUSG00000031583.13	3.04865398927822
ENSMUSG00000031584.16	723.230353444315
ENSMUSG00000031585.13	2035.66392618574
ENSMUSG00000031586.17	9.28591471503126
ENSMUSG00000031590.8	1682.94904504578
ENSMUSG00000031591.14	587.366760846547
ENSMUSG00000031592.10	202.546332476032
ENSMUSG00000031594.9	0
ENSMUSG00000031595.9	13.4351828266097
ENSMUSG00000031596.15	20.5295136768094
ENSMUSG00000031600.11	525.766921222344
ENSMUSG00000031601.16	1161.33672911605
ENSMUSG00000031603.14	84.7331485691056
ENSMUSG00000031604.10	1760.11725448586
ENSMUSG00000031605.8	1893.6690986165
ENSMUSG00000031608.13	144.760174001352
ENSMUSG00000031609.3	245.895072917763
ENSMUSG00000031610.3	158.741715623608
ENSMUSG00000031613.9	18.4199226458061
ENSMUSG00000031616.7	0
ENSMUSG00000031617.16	737.86331205737
ENSMUSG00000031618.13	233.977647047147
ENSMUSG00000031620.16	0
ENSMUSG00000031621.9	0
ENSMUSG00000031622.16	2749.30152382276
ENSMUSG00000031626.18	226.351033826142
ENSMUSG00000031627.9	268.222061775449
ENSMUSG00000031628.9	290.826989797673
ENSMUSG00000031629.14	71.434173099491
ENSMUSG00000031631.15	322.568172984793
ENSMUSG00000031633.4	30362.3443142792
ENSMUSG00000031634.13	2080.40036490871
ENSMUSG00000031635.14	27.5254343994644
ENSMUSG00000031636.7	122.840621174421
ENSMUSG00000031637.13	21.1399810680714
ENSMUSG00000031639.12	38.3528580866842
ENSMUSG00000031640.11	0
ENSMUSG00000031641.14	433.146261793113
ENSMUSG00000031642.9	199.109156676517
ENSMUSG00000031644.19	181.97128109669
ENSMUSG00000031645.4	0
ENSMUSG00000031647.10	105.953874007605
ENSMUSG00000031651.5	0
ENSMUSG00000031652.11	377.648099769368
ENSMUSG00000031654.16	424.214973106995
ENSMUSG00000031657.16	362.900563427733
ENSMUSG00000031659.13	104.553441399673
ENSMUSG00000031660.13	2409.0374433297
ENSMUSG00000031661.12	118.465568456861
ENSMUSG00000031662.8	61.7933826628662
ENSMUSG00000031665.7	89.188820810753
ENSMUSG00000031666.15	441.602510155339
ENSMUSG00000031667.16	3396.38472361909
ENSMUSG00000031668.14	232.233169137621
ENSMUSG00000031669.10	99.8020393900311
ENSMUSG00000031671.11	417.583697332043
ENSMUSG00000031672.8	9020.68206765674
ENSMUSG00000031673.6	248.224081391405
ENSMUSG00000031681.16	284.094432429355
ENSMUSG00000031682.5	0
ENSMUSG00000031683.16	1665.68863278319
ENSMUSG00000031684.11	27.3962496490971
ENSMUSG00000031688.4	1.55933078723077
ENSMUSG00000031691.14	1467.04977226964
ENSMUSG00000031696.9	1496.69594023596
ENSMUSG00000031697.12	1072.94536430237
ENSMUSG00000031698.14	11.2058329439129
ENSMUSG00000031700.11	299.240166172581
ENSMUSG00000031701.6	5748.32372453828
ENSMUSG00000031703.8	3530.24362732309
ENSMUSG00000031706.7	193.161414613341
ENSMUSG00000031708.17	50838.171723998
ENSMUSG00000031709.15	864.714715540667
ENSMUSG00000031710.4	0
ENSMUSG00000031711.7	1178.88275859309
ENSMUSG00000031712.10	0
ENSMUSG00000031714.9	44.2443880852524
ENSMUSG00000031715.14	323.733395088069
ENSMUSG00000031722.10	0
ENSMUSG00000031723.8	885.435868349454
ENSMUSG00000031725.8	0
ENSMUSG00000031727.8	53.8320251926007
ENSMUSG00000031728.10	1233.61957642362
ENSMUSG00000031729.6	1613.8860160597
ENSMUSG00000031730.18	604.519399506085
ENSMUSG00000031731.16	1170.57445314382
ENSMUSG00000031732.12	177.592295719418
ENSMUSG00000031734.13	51.4741772144069
ENSMUSG00000031736.11	49.3134303955679
ENSMUSG00000031737.11	39.1862386181063
ENSMUSG00000031738.14	1.97316519291317
ENSMUSG00000031740.8	62.4857180416162
ENSMUSG00000031748.16	11637.3954986709
ENSMUSG00000031749.12	879.102351095523
ENSMUSG00000031750.15	2672.66890518149
ENSMUSG00000031751.14	2950.6776715535
ENSMUSG00000031753.16	1200.69263391028
ENSMUSG00000031754.10	723.213842515844
ENSMUSG00000031755.6	566.571105984335
ENSMUSG00000031756.5	0
ENSMUSG00000031757.7	0
ENSMUSG00000031758.10	62.2239464781153
ENSMUSG00000031760.9	31517.9569635503
ENSMUSG00000031762.7	1755.83742831418
ENSMUSG00000031765.8	10685.6425653732
ENSMUSG00000031766.4	0
ENSMUSG00000031767.13	284.25579632387
ENSMUSG00000031770.16	2343.90098779613
ENSMUSG00000031772.17	372.565261938477
ENSMUSG00000031774.8	2336.65837070554
ENSMUSG00000031775.5	381.824709229418
ENSMUSG00000031776.17	2274.14443739107
ENSMUSG00000031778.13	17482.7793248558
ENSMUSG00000031779.3	3.05589507700115
ENSMUSG00000031780.2	717.112196126971
ENSMUSG00000031781.14	2472.63376320082
ENSMUSG00000031782.15	2976.583661653
ENSMUSG00000031783.10	2788.14899189714
ENSMUSG00000031785.16	467.655101069642
ENSMUSG00000031786.7	13.0692582039217
ENSMUSG00000031787.8	1104.36138519683
ENSMUSG00000031788.14	728.033597896663
ENSMUSG00000031789.17	0
ENSMUSG00000031790.8	254.337588182583
ENSMUSG00000031791.8	4559.88675644539
ENSMUSG00000031792.15	627.49724354604
ENSMUSG00000031796.7	2449.24230323628
ENSMUSG00000031799.10	383.392311086677
ENSMUSG00000031802.9	0
ENSMUSG00000031803.8	0
ENSMUSG00000031805.17	46.6258632333007
ENSMUSG00000031807.10	1738.80511031486
ENSMUSG00000031808.7	584.517767366595
ENSMUSG00000031809.10	0
ENSMUSG00000031812.16	6924.83118787715
ENSMUSG00000031813.8	1455.9425055112
ENSMUSG00000031816.15	1330.05984720353
ENSMUSG00000031818.12	75697.0477911831
ENSMUSG00000031819.13	734.562437249604
ENSMUSG00000031820.9	6167.60879658095
ENSMUSG00000031821.11	56.309850503583
ENSMUSG00000031822.20	305.130354072994
ENSMUSG00000031823.14	594.065453645127
ENSMUSG00000031824.15	4590.94812009935
ENSMUSG00000031825.16	28.8240236054997
ENSMUSG00000031826.20	2515.54941168891
ENSMUSG00000031827.13	3910.27201620027
ENSMUSG00000031828.9	180.769791131629
ENSMUSG00000031831.6	9.49269146573991
ENSMUSG00000031832.15	115.23775996961
ENSMUSG00000031833.10	2627.9466677297
ENSMUSG00000031834.15	2752.66145094937
ENSMUSG00000031835.16	1301.19206495584
ENSMUSG00000031837.14	6306.63768086119
ENSMUSG00000031838.8	244.604192973225
ENSMUSG00000031839.7	13737.4491744303
ENSMUSG00000031840.12	50368.9499574187
ENSMUSG00000031841.19	2827.37618011478
ENSMUSG00000031842.15	31.1049038150523
ENSMUSG00000031843.2	706.621233326187
ENSMUSG00000031844.8	37.2703778952763
ENSMUSG00000031845.15	0.98325856265274
ENSMUSG00000031847.8	198.094218355076
ENSMUSG00000031848.15	5493.68809693041
ENSMUSG00000031849.9	140.813968461866
ENSMUSG00000031851.14	1687.12955595395
ENSMUSG00000031853.5	18.7154027211206
ENSMUSG00000031858.16	704.665203293446
ENSMUSG00000031860.17	926.631227906409
ENSMUSG00000031861.16	2.26009329393424
ENSMUSG00000031862.11	272.406130804317
ENSMUSG00000031864.16	549.849187197971
ENSMUSG00000031865.16	6701.38442324802
ENSMUSG00000031870.16	44.7133421500671
ENSMUSG00000031871.9	0
ENSMUSG00000031872.14	173.367245879429
ENSMUSG00000031875.7	50.6919836824055
ENSMUSG00000031876.18	0
ENSMUSG00000031877.9	0
ENSMUSG00000031878.18	1190.3847270556
ENSMUSG00000031879.14	1952.38202268496
ENSMUSG00000031880.7	8.77938190186137
ENSMUSG00000031881.6	0
ENSMUSG00000031883.13	417.814600637966
ENSMUSG00000031884.10	0
ENSMUSG00000031885.14	65.352845452461
ENSMUSG00000031886.14	0
ENSMUSG00000031887.13	88.6907463371215
ENSMUSG00000031889.9	511.28153098323
ENSMUSG00000031891.6	0
ENSMUSG00000031893.7	0
ENSMUSG00000031896.7	62.9216190379026
ENSMUSG00000031897.9	4831.05016678085
ENSMUSG00000031898.9	0
ENSMUSG00000031901.12	255.905658213617
ENSMUSG00000031902.10	50.0794251149477
ENSMUSG00000031903.7	650.640259293882
ENSMUSG00000031904.5	196.572559950956
ENSMUSG00000031906.9	1401.78650406617
ENSMUSG00000031907.9	386.755733910807
ENSMUSG00000031910.14	19.6253764821637
ENSMUSG00000031913.9	4521.54376121957
ENSMUSG00000031916.17	735.100743456317
ENSMUSG00000031917.12	1334.03451770854
ENSMUSG00000031918.16	596.782016369871
ENSMUSG00000031919.6	0
ENSMUSG00000031921.17	1211.48272854183
ENSMUSG00000031922.12	300.071580374148
ENSMUSG00000031924.4	1520.25310250534
ENSMUSG00000031925.17	12.7694085067054
ENSMUSG00000031927.9	0
ENSMUSG00000031928.15	172.995671959854
ENSMUSG00000031930.11	514.768645318765
ENSMUSG00000031931.4	113.328703372313
ENSMUSG00000031932.14	1221.40829348011
ENSMUSG00000031933.17	0
ENSMUSG00000031934.14	1458.10852708791
ENSMUSG00000031935.9	619.00510186105
ENSMUSG00000031936.9	0
ENSMUSG00000031937.7	608.261606125929
ENSMUSG00000031938.15	227.34840002522
ENSMUSG00000031939.16	249.278814483736
ENSMUSG00000031948.14	4299.96766293817
ENSMUSG00000031949.17	65.4049375878471
ENSMUSG00000031950.7	16089.3214761924
ENSMUSG00000031951.8	238.953366718275
ENSMUSG00000031952.5	2.32957028217234
ENSMUSG00000031953.2	21.7632764207735
ENSMUSG00000031954.6	9933.85873034224
ENSMUSG00000031955.10	1457.0620650656
ENSMUSG00000031957.6	0
ENSMUSG00000031958.16	296.049842798931
ENSMUSG00000031959.15	165.513599589042
ENSMUSG00000031960.14	3574.3462836008
ENSMUSG00000031962.6	25.0877471868083
ENSMUSG00000031963.8	163.372578491931
ENSMUSG00000031965.15	0
ENSMUSG00000031966.7	0
ENSMUSG00000031967.15	388.57820957128
ENSMUSG00000031969.16	531.352796168884
ENSMUSG00000031970.16	907.852590514052
ENSMUSG00000031971.15	889.648027804833
ENSMUSG00000031972.5	194.048229378305
ENSMUSG00000031974.8	348.687369421513
ENSMUSG00000031976.14	69.6959999301379
ENSMUSG00000031979.17	444.313798122215
ENSMUSG00000031980.10	178.012497288443
ENSMUSG00000031981.7	0
ENSMUSG00000031982.5	92.610265971422
ENSMUSG00000031983.7	259.557538506434
ENSMUSG00000031984.8	618.286205423454
ENSMUSG00000031985.9	1050.13278560506
ENSMUSG00000031986.6	42.8339989817019
ENSMUSG00000031987.6	825.706039629698
ENSMUSG00000031988.10	1510.65319924508
ENSMUSG00000031990.15	233.659881900133
ENSMUSG00000031991.10	0
ENSMUSG00000031993.7	968.073408677642
ENSMUSG00000031994.13	187.25137614486
ENSMUSG00000031995.9	52.0906996531613
ENSMUSG00000031996.17	16632.8029070276
ENSMUSG00000031997.9	94.9931144292109
ENSMUSG00000031998.5	0
ENSMUSG00000032000.17	11.9522892110748
ENSMUSG00000032002.10	1423.9584649811
ENSMUSG00000032006.15	3.5066839993385
ENSMUSG00000032009.8	612.388027357278
ENSMUSG00000032010.15	1583.42625570685
ENSMUSG00000032011.5	71148.3682097798
ENSMUSG00000032012.9	595.677251106764
ENSMUSG00000032013.6	0
ENSMUSG00000032014.6	320.120903815538
ENSMUSG00000032015.16	0
ENSMUSG00000032017.14	234.303901745284
ENSMUSG00000032018.14	430.262155280021
ENSMUSG00000032020.15	593.128606709388
ENSMUSG00000032021.14	25.5165319417117
ENSMUSG00000032023.7	1.62780900474847
ENSMUSG00000032024.10	451.657353478741
ENSMUSG00000032026.7	3384.36798248497
ENSMUSG00000032028.15	0
ENSMUSG00000032030.16	403.632399735664
ENSMUSG00000032033.11	275.422574437862
ENSMUSG00000032034.6	52.0086443961631
ENSMUSG00000032035.16	32.9933295546562
ENSMUSG00000032036.15	1303.86833352433
ENSMUSG00000032038.7	380.987645730964
ENSMUSG00000032040.15	1458.54917224512
ENSMUSG00000032041.15	21.5368051599219
ENSMUSG00000032042.11	1455.67405466851
ENSMUSG00000032044.4	559.39056873633
ENSMUSG00000032046.15	11874.4836922804
ENSMUSG00000032047.5	3198.35608080413
ENSMUSG00000032048.3	0
ENSMUSG00000032050.18	1511.71985516288
ENSMUSG00000032051.9	735.830345467572
ENSMUSG00000032053.8	0
ENSMUSG00000032056.10	0
ENSMUSG00000032057.9	0
ENSMUSG00000032058.14	186.7927219031
ENSMUSG00000032059.13	816.746566882314
ENSMUSG00000032060.10	1267.66317581395
ENSMUSG00000032062.3	79.6904800481257
ENSMUSG00000032064.17	429.454305825139
ENSMUSG00000032065.6	41.0894898605912
ENSMUSG00000032066.9	10.4170849790588
ENSMUSG00000032067.6	907.408824198343
ENSMUSG00000032068.14	0
ENSMUSG00000032076.20	1892.44838231507
ENSMUSG00000032077.5	401.328110837352
ENSMUSG00000032078.17	1240.03162202544
ENSMUSG00000032079.12	0
ENSMUSG00000032080.6	0
ENSMUSG00000032081.10	43.0300389471662
ENSMUSG00000032083.8	97.5814599627229
ENSMUSG00000032085.5	0
ENSMUSG00000032086.12	1641.72234905747
ENSMUSG00000032087.11	546.081043750981
ENSMUSG00000032089.16	89.7061528323372
ENSMUSG00000032091.15	21.0170074231216
ENSMUSG00000032092.5	98.2014468874137
ENSMUSG00000032093.7	0
ENSMUSG00000032094.8	0
ENSMUSG00000032096.16	1236.92126273259
ENSMUSG00000032097.10	934.49498675034
ENSMUSG00000032098.13	0
ENSMUSG00000032099.3	0
ENSMUSG00000032101.6	506.184803997008
ENSMUSG00000032103.10	187.38511778664
ENSMUSG00000032105.5	81.1041151565176
ENSMUSG00000032108.3	0
ENSMUSG00000032109.15	50.5262501659885
ENSMUSG00000032110.4	0
ENSMUSG00000032112.10	5024.28368015557
ENSMUSG00000032113.16	107.1055190714
ENSMUSG00000032114.9	927.936277910541
ENSMUSG00000032115.14	1983.37222392509
ENSMUSG00000032116.18	206.65593066306
ENSMUSG00000032118.16	9757.80585241882
ENSMUSG00000032119.5	173.899434615479
ENSMUSG00000032120.11	7392.54399916748
ENSMUSG00000032121.9	379.540863919289
ENSMUSG00000032122.15	46.0434238453801
ENSMUSG00000032123.5	460.49325956106
ENSMUSG00000032125.21	0
ENSMUSG00000032126.16	962.506635221131
ENSMUSG00000032127.9	740.977947337365
ENSMUSG00000032128.15	22.7075205021605
ENSMUSG00000032131.16	871.585228114742
ENSMUSG00000032135.15	110.573469493738
ENSMUSG00000032171.7	1733.27909918838
ENSMUSG00000032172.8	3154.18894139178
ENSMUSG00000032174.5	4421.37629659222
ENSMUSG00000032175.11	87.6941916392534
ENSMUSG00000032177.17	1174.69709777338
ENSMUSG00000032178.14	1186.01173430265
ENSMUSG00000032179.7	10.3961732171004
ENSMUSG00000032180.11	701.481091025213
ENSMUSG00000032181.7	5678.34373039611
ENSMUSG00000032182.15	914.221907455994
ENSMUSG00000032184.5	3144.16324968878
ENSMUSG00000032185.15	1167.54861482319
ENSMUSG00000032186.15	1398.44155850037
ENSMUSG00000032187.16	1656.57650417351
ENSMUSG00000032191.6	0
ENSMUSG00000032192.9	8457.22581543349
ENSMUSG00000032193.9	175.514883832563
ENSMUSG00000032194.9	40.4351701923865
ENSMUSG00000032198.9	44.1139236598996
ENSMUSG00000032199.13	4889.95682115748
ENSMUSG00000032202.11	97.2897877007799
ENSMUSG00000032204.13	0
ENSMUSG00000032207.10	0
ENSMUSG00000032212.10	1052.82281848254
ENSMUSG00000032215.15	2585.20558563658
ENSMUSG00000032216.15	2371.78704084883
ENSMUSG00000032217.13	200.458589554538
ENSMUSG00000032218.7	16.9953322710748
ENSMUSG00000032220.10	64.0948625185272
ENSMUSG00000032221.14	120.129177149619
ENSMUSG00000032224.15	917.889612022413
ENSMUSG00000032226.5	0
ENSMUSG00000032228.16	377.201992584783
ENSMUSG00000032231.14	128.867047643413
ENSMUSG00000032232.14	63.1433773494173
ENSMUSG00000032235.15	24.1630415576392
ENSMUSG00000032238.17	132.582911685506
ENSMUSG00000032239.10	1725.80620302356
ENSMUSG00000032243.8	27.1303269447895
ENSMUSG00000032244.9	476.070555890256
ENSMUSG00000032245.12	300.105538578641
ENSMUSG00000032246.14	0
ENSMUSG00000032249.14	18905.9290040345
ENSMUSG00000032251.12	695.124289928861
ENSMUSG00000032252.14	383.363471582125
ENSMUSG00000032253.13	31.029933587852
ENSMUSG00000032254.10	53.3670662106676
ENSMUSG00000032257.6	0
ENSMUSG00000032258.15	29.8601233815788
ENSMUSG00000032259.8	3615.26320460785
ENSMUSG00000032261.16	406.713513773356
ENSMUSG00000032262.13	1115.41290806444
ENSMUSG00000032263.14	1578.52759743912
ENSMUSG00000032264.9	280.356938758848
ENSMUSG00000032265.14	35.3306403099117
ENSMUSG00000032267.8	176.365337100987
ENSMUSG00000032268.13	1.55530449276414
ENSMUSG00000032269.8	434.665079942997
ENSMUSG00000032271.13	64.9833627090816
ENSMUSG00000032274.9	0
ENSMUSG00000032278.11	0
ENSMUSG00000032279.11	5324.19708021687
ENSMUSG00000032280.16	282.881082061989
ENSMUSG00000032281.11	484.836860137997
ENSMUSG00000032285.15	1151.33241734878
ENSMUSG00000032288.9	1931.35833598265
ENSMUSG00000032289.15	40.8874884823895
ENSMUSG00000032290.7	416.164194445668
ENSMUSG00000032291.8	741.501802580216
ENSMUSG00000032292.8	42.3345824099149
ENSMUSG00000032293.8	135.47294839975
ENSMUSG00000032294.17	52768.945498205
ENSMUSG00000032295.15	1014.24810844959
ENSMUSG00000032297.11	2053.36788628294
ENSMUSG00000032298.13	99.6515995502703
ENSMUSG00000032299.10	3387.09406474314
ENSMUSG00000032300.7	258.416567804713
ENSMUSG00000032301.13	7792.24233467023
ENSMUSG00000032303.8	74.7274634920982
ENSMUSG00000032305.15	557.428296386587
ENSMUSG00000032306.14	2382.47576025226
ENSMUSG00000032307.16	690.471391681519
ENSMUSG00000032308.9	387.537365634279
ENSMUSG00000032309.15	1268.88289334466
ENSMUSG00000032310.4	0
ENSMUSG00000032311.17	0
ENSMUSG00000032312.7	1353.57062905757
ENSMUSG00000032313.11	212.117958040269
ENSMUSG00000032314.14	1715.2564688082
ENSMUSG00000032315.6	0
ENSMUSG00000032316.8	1293.63146423713
ENSMUSG00000032318.12	0
ENSMUSG00000032320.7	2449.941786068
ENSMUSG00000032322.14	13.7711131161006
ENSMUSG00000032323.13	215.90098941331
ENSMUSG00000032324.11	13049.4683111749
ENSMUSG00000032327.14	1.84529132911644
ENSMUSG00000032328.12	2262.89565730618
ENSMUSG00000032329.4	1323.23153269239
ENSMUSG00000032330.7	35824.3902311701
ENSMUSG00000032332.17	87.0758589285682
ENSMUSG00000032333.6	2330.23746101357
ENSMUSG00000032334.10	3.53218386429381
ENSMUSG00000032336.17	31509.0448387773
ENSMUSG00000032338.9	75.7170892180935
ENSMUSG00000032340.8	502.625341207413
ENSMUSG00000032342.13	449.972052734399
ENSMUSG00000032343.15	11.4097694403854
ENSMUSG00000032344.17	3.26554329353095
ENSMUSG00000032346.7	0
ENSMUSG00000032348.6	2549.36919280312
ENSMUSG00000032349.13	595.943080176316
ENSMUSG00000032350.9	523.250612027041
ENSMUSG00000032352.16	200.171474184007
ENSMUSG00000032353.9	1781.2246194476
ENSMUSG00000032355.16	618.446945086269
ENSMUSG00000032356.12	3755.4666120437
ENSMUSG00000032357.12	0
ENSMUSG00000032358.12	0
ENSMUSG00000032359.14	283.289454440294
ENSMUSG00000032360.16	18.2140822426478
ENSMUSG00000032363.15	1.30117976759134
ENSMUSG00000032366.15	10980.037101761
ENSMUSG00000032368.14	548.571478542309
ENSMUSG00000032369.13	0
ENSMUSG00000032370.8	211.805374016368
ENSMUSG00000032372.14	0
ENSMUSG00000032373.15	379.772734784348
ENSMUSG00000032374.14	2.72620710451278
ENSMUSG00000032375.15	156.360396533485
ENSMUSG00000032376.12	727.206053931639
ENSMUSG00000032377.8	14.034070719832
ENSMUSG00000032380.9	30.021393641339
ENSMUSG00000032381.5	714.210455068347
ENSMUSG00000032382.14	3042.88899104529
ENSMUSG00000032383.7	6080.16036496208
ENSMUSG00000032384.16	139.039028045368
ENSMUSG00000032386.15	294.005671250114
ENSMUSG00000032387.15	0
ENSMUSG00000032388.7	1141.60788622957
ENSMUSG00000032392.11	27.1276739600635
ENSMUSG00000032393.15	474.978400107495
ENSMUSG00000032394.6	29.4912024467295
ENSMUSG00000032396.17	316.489810438339
ENSMUSG00000032397.7	496.275469082934
ENSMUSG00000032398.7	1671.45775094534
ENSMUSG00000032399.8	26099.4797975638
ENSMUSG00000032400.18	261.84678342077
ENSMUSG00000032401.15	0
ENSMUSG00000032402.12	739.244268636253
ENSMUSG00000032403.8	543.291352282553
ENSMUSG00000032405.10	297.288505761742
ENSMUSG00000032407.14	338.479277215699
ENSMUSG00000032409.15	18.0022492151671
ENSMUSG00000032410.13	34.5311867713983
ENSMUSG00000032411.15	167.7078364386
ENSMUSG00000032412.8	1994.89760107637
ENSMUSG00000032413.12	35.2334786457674
ENSMUSG00000032415.14	95.8037729267438
ENSMUSG00000032417.10	1715.50984445533
ENSMUSG00000032418.15	290.555636277573
ENSMUSG00000032419.8	0
ENSMUSG00000032420.8	242.113945451408
ENSMUSG00000032422.18	1250.94475272511
ENSMUSG00000032423.12	506.902295913278
ENSMUSG00000032425.15	392.712558545222
ENSMUSG00000032431.6	137.372235770939
ENSMUSG00000032434.9	169.508027027373
ENSMUSG00000032435.9	2254.3291384141
ENSMUSG00000032436.17	46.4456787530228
ENSMUSG00000032437.10	802.148658879229
ENSMUSG00000032440.13	55.1989989813987
ENSMUSG00000032443.17	12.4464310249947
ENSMUSG00000032446.14	0
ENSMUSG00000032449.13	200.354904669126
ENSMUSG00000032451.6	0
ENSMUSG00000032452.12	1028.52438106912
ENSMUSG00000032454.9	0
ENSMUSG00000032456.13	3.60028754279136
ENSMUSG00000032458.6	1410.80159585805
ENSMUSG00000032459.9	1050.82150043995
ENSMUSG00000032462.14	226.185862118255
ENSMUSG00000032463.10	1737.99928961301
ENSMUSG00000032468.11	1270.87603395198
ENSMUSG00000032469.12	485.657256650054
ENSMUSG00000032470.17	1860.75919762858
ENSMUSG00000032473.13	0
ENSMUSG00000032475.15	1244.65433867008
ENSMUSG00000032477.14	114.140547910076
ENSMUSG00000032478.14	234.629064037945
ENSMUSG00000032479.15	7578.26803639975
ENSMUSG00000032480.17	2403.47394708961
ENSMUSG00000032481.17	866.149605738453
ENSMUSG00000032482.9	5030.33195473407
ENSMUSG00000032484.8	0
ENSMUSG00000032485.14	1138.59035019055
ENSMUSG00000032487.8	1.85097183758874
ENSMUSG00000032489.17	85.8984018839669
ENSMUSG00000032491.14	47.7642745850512
ENSMUSG00000032492.14	103.87721119879
ENSMUSG00000032493.8	0
ENSMUSG00000032494.12	0
ENSMUSG00000032495.8	0
ENSMUSG00000032496.7	0
ENSMUSG00000032497.19	1514.59675179984
ENSMUSG00000032498.9	78.7125586665102
ENSMUSG00000032500.10	1974.41125302163
ENSMUSG00000032501.9	100.962923082991
ENSMUSG00000032502.8	199.541187436262
ENSMUSG00000032503.18	19509.0462542955
ENSMUSG00000032504.15	463.720475028196
ENSMUSG00000032507.15	885.505657453543
ENSMUSG00000032508.8	108.732516574939
ENSMUSG00000032511.17	78.1219730549013
ENSMUSG00000032512.7	728.844162759441
ENSMUSG00000032513.8	510.838794649825
ENSMUSG00000032514.11	1.22708346477137
ENSMUSG00000032515.8	34.5142700923214
ENSMUSG00000032517.16	2192.52842102876
ENSMUSG00000032518.6	21594.8881093585
ENSMUSG00000032519.11	734.377009223044
ENSMUSG00000032523.11	387.436989176878
ENSMUSG00000032525.15	111.53057274815
ENSMUSG00000032526.11	5768.11258730274
ENSMUSG00000032527.13	850.033722298279
ENSMUSG00000032528.5	99.6395206668704
ENSMUSG00000032530.14	0
ENSMUSG00000032531.15	300.380637488943
ENSMUSG00000032532.7	11718.2403391907
ENSMUSG00000032534.18	1440.78709617662
ENSMUSG00000032536.12	1381.99888976511
ENSMUSG00000032537.15	586.499921495991
ENSMUSG00000032540.16	151.351717428584
ENSMUSG00000032547.12	235.186690215781
ENSMUSG00000032548.14	20.0540051791421
ENSMUSG00000032549.7	8020.42452097748
ENSMUSG00000032551.7	498.569895120383
ENSMUSG00000032553.14	1195.58838493207
ENSMUSG00000032554.15	3958.07543011293
ENSMUSG00000032555.10	367.736267928494
ENSMUSG00000032556.11	0
ENSMUSG00000032557.13	1312.36097459468
ENSMUSG00000032558.19	164.838836332654
ENSMUSG00000032560.14	631.979570481288
ENSMUSG00000032561.15	0
ENSMUSG00000032562.13	2890.22910245407
ENSMUSG00000032563.16	2457.00908768558
ENSMUSG00000032564.16	318.757363301091
ENSMUSG00000032565.9	683.35427637426
ENSMUSG00000032566.4	0
ENSMUSG00000032567.16	124.872432935572
ENSMUSG00000032570.17	1008.85802377583
ENSMUSG00000032571.14	585.004543246451
ENSMUSG00000032572.9	0
ENSMUSG00000032575.16	5289.46064606243
ENSMUSG00000032577.16	20.2092828145799
ENSMUSG00000032578.7	274.543500145981
ENSMUSG00000032579.14	931.802737850321
ENSMUSG00000032580.12	1229.53550931313
ENSMUSG00000032582.14	1085.28267962616
ENSMUSG00000032583.7	766.547757454693
ENSMUSG00000032584.12	2.44277470101313
ENSMUSG00000032586.9	146.931407912756
ENSMUSG00000032589.14	332.559937694885
ENSMUSG00000032590.14	954.070424696483
ENSMUSG00000032591.15	0
ENSMUSG00000032593.5	12.5621947938066
ENSMUSG00000032594.11	2670.20896410872
ENSMUSG00000032595.10	54.7224605014259
ENSMUSG00000032596.14	2.1633373803951
ENSMUSG00000032598.8	1949.54311054697
ENSMUSG00000032599.12	4885.53095597952
ENSMUSG00000032601.13	400.336862108936
ENSMUSG00000032602.6	272.261090568763
ENSMUSG00000032604.16	2184.37929466306
ENSMUSG00000032606.7	2866.70633535138
ENSMUSG00000032607.12	232.367940761706
ENSMUSG00000032609.12	874.767530111044
ENSMUSG00000032611.9	50.1130087804213
ENSMUSG00000032612.14	1420.94492402496
ENSMUSG00000032615.14	2157.85078950048
ENSMUSG00000032621.8	331.913171230253
ENSMUSG00000032623.9	0
ENSMUSG00000032624.16	163.647864671743
ENSMUSG00000032625.14	227.455018799623
ENSMUSG00000032633.12	478.363358925284
ENSMUSG00000032637.15	710.414970272886
ENSMUSG00000032640.10	162.127485942608
ENSMUSG00000032641.18	566.439642788262
ENSMUSG00000032643.12	0
ENSMUSG00000032648.14	1299.50351820665
ENSMUSG00000032649.14	10.0258165493406
ENSMUSG00000032652.13	727.924076444854
ENSMUSG00000032656.14	96.1070871098965
ENSMUSG00000032657.15	685.992934982812
ENSMUSG00000032661.9	0
ENSMUSG00000032666.16	518.172268664392
ENSMUSG00000032667.17	167.941049401814
ENSMUSG00000032671.5	0
ENSMUSG00000032673.5	413.125965125784
ENSMUSG00000032679.12	294.644572395322
ENSMUSG00000032680.11	91.018350289438
ENSMUSG00000032688.9	0.401661887527477
ENSMUSG00000032690.16	0
ENSMUSG00000032691.14	23.9734623902726
ENSMUSG00000032698.15	1941.95363911213
ENSMUSG00000032702.16	37.5219432704781
ENSMUSG00000032705.9	543.808653092552
ENSMUSG00000032712.16	25.8633862859571
ENSMUSG00000032714.6	211.013941855203
ENSMUSG00000032715.9	49.5867814571085
ENSMUSG00000032717.14	20.1079700096289
ENSMUSG00000032718.4	202.338119992413
ENSMUSG00000032719.4	3.04865398927822
ENSMUSG00000032724.5	84.5792754549933
ENSMUSG00000032725.10	0
ENSMUSG00000032726.12	17.8118585465901
ENSMUSG00000032727.14	31.8021706242344
ENSMUSG00000032733.6	32.4356409536506
ENSMUSG00000032735.15	315.616884828706
ENSMUSG00000032737.13	198.93084489134
ENSMUSG00000032739.16	0
ENSMUSG00000032740.17	229.447129424639
ENSMUSG00000032741.9	165.939637724465
ENSMUSG00000032743.15	462.59329984705
ENSMUSG00000032744.4	8.35281316949381
ENSMUSG00000032745.18	1701.92543904077
ENSMUSG00000032750.13	50.0799557118929
ENSMUSG00000032754.14	55.4882679512957
ENSMUSG00000032757.6	427.135347481871
ENSMUSG00000032758.4	0
ENSMUSG00000032763.11	1198.00865608029
ENSMUSG00000032766.9	35.8794336091887
ENSMUSG00000032769.5	0
ENSMUSG00000032773.9	2043.28960305919
ENSMUSG00000032776.9	8.75478717287142
ENSMUSG00000032777.9	542.19676199616
ENSMUSG00000032782.19	399.484067971636
ENSMUSG00000032783.9	0
ENSMUSG00000032786.16	1941.0396702682
ENSMUSG00000032788.15	2600.57947606625
ENSMUSG00000032796.8	0
ENSMUSG00000032802.8	3273.48676676301
ENSMUSG00000032803.15	1242.87886765663
ENSMUSG00000032806.13	5.03645741556231
ENSMUSG00000032807.5	14.5553666127128
ENSMUSG00000032808.2	0
ENSMUSG00000032812.18	200.586650687845
ENSMUSG00000032815.16	52.1988790068151
ENSMUSG00000032816.15	127.848644836036
ENSMUSG00000032818.16	0
ENSMUSG00000032826.19	2273.89833404324
ENSMUSG00000032827.15	474.372364761304
ENSMUSG00000032834.11	266.705303590176
ENSMUSG00000032839.13	353.418483900897
ENSMUSG00000032840.7	507.881403335124
ENSMUSG00000032841.15	31.1218204941292
ENSMUSG00000032842.13	75.0421386921955
ENSMUSG00000032845.16	27.307078150716
ENSMUSG00000032846.10	217.973251388638
ENSMUSG00000032849.14	12.2189609934227
ENSMUSG00000032850.16	1773.47912129928
ENSMUSG00000032852.3	14.2306100706565
ENSMUSG00000032854.12	59.8005853829801
ENSMUSG00000032855.6	244.499634163433
ENSMUSG00000032860.5	9.52549484158818
ENSMUSG00000032864.4	0
ENSMUSG00000032867.8	364.568323261297
ENSMUSG00000032869.15	1251.56174333764
ENSMUSG00000032870.8	5921.31693078292
ENSMUSG00000032872.16	848.967253649983
ENSMUSG00000032875.8	1441.77007383501
ENSMUSG00000032878.16	483.90269739857
ENSMUSG00000032883.15	1935.30797479649
ENSMUSG00000032889.7	33.6756148030322
ENSMUSG00000032890.17	1505.65525692542
ENSMUSG00000032892.14	1461.16595153257
ENSMUSG00000032894.13	0
ENSMUSG00000032897.17	1300.42388542551
ENSMUSG00000032898.9	1771.13076164293
ENSMUSG00000032899.14	30.4902852829837
ENSMUSG00000032900.15	0
ENSMUSG00000032902.1	172.473065180402
ENSMUSG00000032905.5	800.383706169935
ENSMUSG00000032908.9	583.745717599722
ENSMUSG00000032911.6	38.2345973910714
ENSMUSG00000032913.13	133.218161075268
ENSMUSG00000032915.6	0
ENSMUSG00000032921.13	0
ENSMUSG00000032925.16	8.42469344977789
ENSMUSG00000032932.15	444.073031955428
ENSMUSG00000032936.13	11635.6155956124
ENSMUSG00000032937.5	0
ENSMUSG00000032939.14	502.92600240584
ENSMUSG00000032940.16	103.754268765425
ENSMUSG00000032942.14	0
ENSMUSG00000032946.16	8983.03296838892
ENSMUSG00000032948.10	0
ENSMUSG00000032952.11	63.1955943311434
ENSMUSG00000032959.12	49006.9474874584
ENSMUSG00000032965.11	2852.78765386134
ENSMUSG00000032966.14	28543.7033715648
ENSMUSG00000032968.4	448.250328070348
ENSMUSG00000032977.9	1282.63209592808
ENSMUSG00000032978.14	0
ENSMUSG00000032985.15	0
ENSMUSG00000032987.9	0
ENSMUSG00000032988.4	0
ENSMUSG00000032997.16	2046.45171115999
ENSMUSG00000032998.16	727.297784779991
ENSMUSG00000032999.10	0
ENSMUSG00000033004.16	531.740537689495
ENSMUSG00000033006.10	134.092491206227
ENSMUSG00000033007.15	3263.91464181341
ENSMUSG00000033009.15	783.531884766748
ENSMUSG00000033014.12	316.589656298794
ENSMUSG00000033015.16	0
ENSMUSG00000033016.16	1.147056960799
ENSMUSG00000033020.7	7979.11498944255
ENSMUSG00000033021.16	1272.96112388875
ENSMUSG00000033022.8	2291.15019433154
ENSMUSG00000033024.16	0
ENSMUSG00000033027.15	0
ENSMUSG00000033029.12	358.618490021926
ENSMUSG00000033031.13	0
ENSMUSG00000033032.15	43.4532056167673
ENSMUSG00000033033.10	73.9943345717366
ENSMUSG00000033036.9	0
ENSMUSG00000033039.10	200.035610154447
ENSMUSG00000033044.12	0
ENSMUSG00000033047.5	2168.82047559219
ENSMUSG00000033053.4	0
ENSMUSG00000033054.7	39.7002934232642
ENSMUSG00000033055.12	631.528812770536
ENSMUSG00000033059.7	1271.87090322426
ENSMUSG00000033060.16	369.167568794003
ENSMUSG00000033061.15	24367.1886386758
ENSMUSG00000033063.8	62.1412357778319
ENSMUSG00000033065.14	9888.85015780954
ENSMUSG00000033066.16	3586.05271915673
ENSMUSG00000033068.16	2201.38236740722
ENSMUSG00000033075.17	242.750505727741
ENSMUSG00000033080.9	0
ENSMUSG00000033082.10	1.60131036907275
ENSMUSG00000033083.16	109.681348759322
ENSMUSG00000033088.19	322.756285207664
ENSMUSG00000033096.7	2271.3964758118
ENSMUSG00000033099.10	1185.16683669636
ENSMUSG00000033102.15	99.2003424541577
ENSMUSG00000033105.12	146.603155673178
ENSMUSG00000033106.6	1103.00708331154
ENSMUSG00000033107.6	0
ENSMUSG00000033111.16	829.137441285986
ENSMUSG00000033114.11	0
ENSMUSG00000033122.14	0
ENSMUSG00000033124.16	2359.51389654383
ENSMUSG00000033126.5	81.6918293023053
ENSMUSG00000033128.9	2304.97520985496
ENSMUSG00000033147.16	61.2431224190936
ENSMUSG00000033149.17	7.9555209038681
ENSMUSG00000033152.13	10614.7618360991
ENSMUSG00000033156.9	0
ENSMUSG00000033157.17	621.072338771191
ENSMUSG00000033159.14	289.155359727567
ENSMUSG00000033161.10	8218.38580919199
ENSMUSG00000033166.11	162.790919393636
ENSMUSG00000033170.14	201.309510996737
ENSMUSG00000033174.17	1788.13517648524
ENSMUSG00000033177.13	0
ENSMUSG00000033182.12	4.40473493490677
ENSMUSG00000033184.14	939.844371517238
ENSMUSG00000033186.9	1227.44761033371
ENSMUSG00000033187.8	0
ENSMUSG00000033191.14	16.155303672045
ENSMUSG00000033192.5	162.342471340175
ENSMUSG00000033196.17	2.99291009844567
ENSMUSG00000033200.16	0
ENSMUSG00000033207.7	16.3276540444847
ENSMUSG00000033208.7	1369.90742809646
ENSMUSG00000033209.17	37.9822829378293
ENSMUSG00000033210.16	0
ENSMUSG00000033213.16	31.6550392124848
ENSMUSG00000033214.10	463.808991083291
ENSMUSG00000033216.9	410.448104766456
ENSMUSG00000033219.8	0
ENSMUSG00000033220.7	272.185464898277
ENSMUSG00000033222.16	27.2128191639779
ENSMUSG00000033227.7	11.9449857001819
ENSMUSG00000033228.8	347.316525396174
ENSMUSG00000033233.17	377.419818236586
ENSMUSG00000033237.19	35.984054842151
ENSMUSG00000033249.10	1141.97402933335
ENSMUSG00000033253.18	120.81118149373
ENSMUSG00000033255.8	0
ENSMUSG00000033256.14	3262.83774849572
ENSMUSG00000033257.14	61.4829210267456
ENSMUSG00000033268.8	7.16973803959025
ENSMUSG00000033272.12	1215.96802057765
ENSMUSG00000033276.18	3.86258970323746
ENSMUSG00000033278.10	584.004524062647
ENSMUSG00000033282.14	145.75597962118
ENSMUSG00000033285.15	181.043672790114
ENSMUSG00000033287.16	9392.820448747
ENSMUSG00000033294.11	599.64961195449
ENSMUSG00000033295.14	524.846741273002
ENSMUSG00000033306.15	8.64180123512571
ENSMUSG00000033307.7	48300.5581562088
ENSMUSG00000033308.16	9.9062449671572
ENSMUSG00000033313.11	38.6382256084546
ENSMUSG00000033316.14	1556.26811923982
ENSMUSG00000033318.7	401.048361400884
ENSMUSG00000033319.5	103.331445423259
ENSMUSG00000033323.14	304.412113078683
ENSMUSG00000033326.15	316.476763995804
ENSMUSG00000033327.18	6.50842697634274
ENSMUSG00000033335.17	366.291202753994
ENSMUSG00000033342.15	329.419771338349
ENSMUSG00000033343.1	0
ENSMUSG00000033350.7	921.902142180051
ENSMUSG00000033352.11	2606.35976797583
ENSMUSG00000033355.6	114.599077305497
ENSMUSG00000033356.3	62.4509483359122
ENSMUSG00000033361.13	160.16761688491
ENSMUSG00000033364.13	88.5652445537857
ENSMUSG00000033365.14	2568.91126556489
ENSMUSG00000033368.8	0
ENSMUSG00000033373.16	831.595509663655
ENSMUSG00000033377.14	116.342618867472
ENSMUSG00000033379.13	20388.7510514049
ENSMUSG00000033382.15	181.186403368377
ENSMUSG00000033383.6	0
ENSMUSG00000033386.10	4.30994535122342
ENSMUSG00000033389.16	1605.14405684827
ENSMUSG00000033392.16	1128.87462073831
ENSMUSG00000033396.13	18.8097865541988
ENSMUSG00000033400.14	162.754963647701
ENSMUSG00000033405.4	156.937124201348
ENSMUSG00000033409.14	0
ENSMUSG00000033411.16	111.053690940743
ENSMUSG00000033416.15	204.454764841629
ENSMUSG00000033417.16	287.719626816986
ENSMUSG00000033419.16	3986.5113376588
ENSMUSG00000033420.12	21.5984480403218
ENSMUSG00000033423.16	8167.19350380183
ENSMUSG00000033427.14	126.245524195033
ENSMUSG00000033429.10	2105.60390707592
ENSMUSG00000033430.10	1828.79007623612
ENSMUSG00000033434.15	841.241169107542
ENSMUSG00000033436.13	1337.82463411138
ENSMUSG00000033439.12	389.230843813894
ENSMUSG00000033444.14	386.09554646462
ENSMUSG00000033446.7	0
ENSMUSG00000033450.8	243.137654228237
ENSMUSG00000033453.8	88.2306875740354
ENSMUSG00000033454.6	32.4602668942256
ENSMUSG00000033458.17	39.5855908483428
ENSMUSG00000033460.14	1138.56157310917
ENSMUSG00000033467.12	205.539086516553
ENSMUSG00000033470.12	0
ENSMUSG00000033475.15	14869.5140249075
ENSMUSG00000033478.5	102.96246206524
ENSMUSG00000033486.14	24.0920039901505
ENSMUSG00000033487.14	176.033183413283
ENSMUSG00000033488.11	159.227149405309
ENSMUSG00000033491.13	11.5759087074076
ENSMUSG00000033498.14	0
ENSMUSG00000033499.14	580.990390086393
ENSMUSG00000033501.5	0
ENSMUSG00000033502.15	18.8914360605918
ENSMUSG00000033508.7	21.2872061145759
ENSMUSG00000033510.14	513.195082048769
ENSMUSG00000033520.2	0
ENSMUSG00000033526.16	845.207100368757
ENSMUSG00000033530.8	2710.89872720006
ENSMUSG00000033533.14	0
ENSMUSG00000033538.13	0
ENSMUSG00000033540.18	169.97139421847
ENSMUSG00000033542.13	14.2180318018964
ENSMUSG00000033543.17	2201.3638589373
ENSMUSG00000033544.6	0
ENSMUSG00000033545.14	1724.21896907933
ENSMUSG00000033554.17	568.177628688105
ENSMUSG00000033557.17	1036.23145775628
ENSMUSG00000033565.18	1371.9020044367
ENSMUSG00000033569.17	1477.03239198533
ENSMUSG00000033576.12	0
ENSMUSG00000033577.18	216.212356185395
ENSMUSG00000033578.7	3795.387571373
ENSMUSG00000033579.16	229.382958405853
ENSMUSG00000033581.17	23.3003533478903
ENSMUSG00000033585.5	12289.1770407823
ENSMUSG00000033589.4	29.1252778240415
ENSMUSG00000033590.8	24.2818952733673
ENSMUSG00000033594.11	915.394277012238
ENSMUSG00000033595.7	2216.25381374135
ENSMUSG00000033596.5	259.934043856441
ENSMUSG00000033597.9	1644.18753367652
ENSMUSG00000033610.16	159.506337033247
ENSMUSG00000033615.9	46501.0649903027
ENSMUSG00000033618.7	169.295632191362
ENSMUSG00000033623.13	118.885645179546
ENSMUSG00000033624.10	80.2490113619267
ENSMUSG00000033628.15	887.127380199214
ENSMUSG00000033629.6	3609.36555713862
ENSMUSG00000033632.16	78.3958235018021
ENSMUSG00000033633.15	40.9622402284947
ENSMUSG00000033634.7	21.1015283953358
ENSMUSG00000033644.5	0
ENSMUSG00000033653.18	580.47792707207
ENSMUSG00000033658.16	138.787899632356
ENSMUSG00000033669.8	51.9634812326499
ENSMUSG00000033671.18	85.7158453232281
ENSMUSG00000033676.13	1466.8376583379
ENSMUSG00000033684.14	689.824937332737
ENSMUSG00000033685.13	247.937527829404
ENSMUSG00000033688.10	0
ENSMUSG00000033697.16	465.931097959885
ENSMUSG00000033701.13	6559.49165756178
ENSMUSG00000033703.9	107.828379380293
ENSMUSG00000033705.17	33.3050396541773
ENSMUSG00000033706.13	1075.15330303775
ENSMUSG00000033707.9	1724.795259785
ENSMUSG00000033712.6	1283.92203952507
ENSMUSG00000033713.12	158.506286637858
ENSMUSG00000033715.15	0
ENSMUSG00000033717.6	162.095837395405
ENSMUSG00000033720.12	1225.72797684586
ENSMUSG00000033721.16	56.7283978586023
ENSMUSG00000033722.9	182.186328917427
ENSMUSG00000033726.8	34.1326772539571
ENSMUSG00000033728.14	731.711851978816
ENSMUSG00000033730.4	587.137574177799
ENSMUSG00000033731.9	0
ENSMUSG00000033732.10	543.316820935923
ENSMUSG00000033735.9	2234.69205758756
ENSMUSG00000033737.14	0
ENSMUSG00000033739.8	1051.8191163317
ENSMUSG00000033740.17	50.7319345112217
ENSMUSG00000033751.5	1254.40461934693
ENSMUSG00000033752.7	0
ENSMUSG00000033760.17	1013.52680871994
ENSMUSG00000033762.8	26.3314352148064
ENSMUSG00000033763.14	1691.11752259419
ENSMUSG00000033765.5	0
ENSMUSG00000033767.14	732.978979907159
ENSMUSG00000033768.17	9971.12283470893
ENSMUSG00000033769.16	562.899343911865
ENSMUSG00000033770.13	0
ENSMUSG00000033773.14	306.805323782696
ENSMUSG00000033774.4	19.7519706709749
ENSMUSG00000033777.4	24.4232525418895
ENSMUSG00000033781.7	1340.61885125964
ENSMUSG00000033788.15	65.5372122851306
ENSMUSG00000033790.11	308.399237006121
ENSMUSG00000033792.12	23.9999610259483
ENSMUSG00000033793.12	6407.86662028324
ENSMUSG00000033794.6	0
ENSMUSG00000033799.10	52.2539050311923
ENSMUSG00000033805.12	2037.66399576493
ENSMUSG00000033808.16	578.41331193507
ENSMUSG00000033809.15	455.060071688402
ENSMUSG00000033813.15	1289.38107059012
ENSMUSG00000033819.16	1182.68008487206
ENSMUSG00000033825.10	0
ENSMUSG00000033826.10	15.240679384835
ENSMUSG00000033831.5	0
ENSMUSG00000033834.7	0
ENSMUSG00000033837.5	0
ENSMUSG00000033845.13	4670.053570198
ENSMUSG00000033847.15	0
ENSMUSG00000033849.3	74.5975608752756
ENSMUSG00000033850.5	0
ENSMUSG00000033852.16	0
ENSMUSG00000033854.10	45.9229783388164
ENSMUSG00000033855.15	0.688964527568694
ENSMUSG00000033857.12	267.54517613128
ENSMUSG00000033860.13	0
ENSMUSG00000033862.7	2593.36560484545
ENSMUSG00000033863.2	1342.48324407878
ENSMUSG00000033871.14	12.9849869243876
ENSMUSG00000033872.6	0
ENSMUSG00000033880.11	596.840662938109
ENSMUSG00000033882.15	0.826045808944145
ENSMUSG00000033883.11	67.6350989717542
ENSMUSG00000033885.15	485.735597728436
ENSMUSG00000033898.17	0
ENSMUSG00000033900.13	645.686762271283
ENSMUSG00000033902.12	185.434674627616
ENSMUSG00000033904.16	239.449880612655
ENSMUSG00000033906.5	52.9990816233688
ENSMUSG00000033909.17	295.309191886581
ENSMUSG00000033910.13	1250.50111125574
ENSMUSG00000033916.5	12460.3253614485
ENSMUSG00000033917.15	10420.6260270133
ENSMUSG00000033918.16	1781.52609214723
ENSMUSG00000033931.9	466.319089173177
ENSMUSG00000033933.13	477.973463805306
ENSMUSG00000033938.5	19502.6529980678
ENSMUSG00000033940.8	7568.41703593807
ENSMUSG00000033943.15	105.10260923797
ENSMUSG00000033948.3	123.972353246978
ENSMUSG00000033949.12	44.1085240556924
ENSMUSG00000033952.14	0
ENSMUSG00000033953.10	12665.8198778216
ENSMUSG00000033955.13	253.81173539829
ENSMUSG00000033960.6	296.322819321451
ENSMUSG00000033961.16	62.7527331513992
ENSMUSG00000033963.16	0
ENSMUSG00000033964.12	35.0626576409933
ENSMUSG00000033965.10	276.06110104405
ENSMUSG00000033966.8	129.990695915453
ENSMUSG00000033967.4	12.3350680896697
ENSMUSG00000033970.15	580.917729516483
ENSMUSG00000033972.9	27.0680286211043
ENSMUSG00000033981.14	2002.01674513665
ENSMUSG00000033983.14	369.127181002996
ENSMUSG00000033985.17	28.4299149215452
ENSMUSG00000033987.16	0
ENSMUSG00000033991.9	248.521964758765
ENSMUSG00000033998.9	3250.84666328447
ENSMUSG00000034000.15	0
ENSMUSG00000034006.17	582.788832826405
ENSMUSG00000034007.10	295.458164781846
ENSMUSG00000034009.14	17.685607685214
ENSMUSG00000034021.15	426.195878772991
ENSMUSG00000034022.8	1512.09352025865
ENSMUSG00000034023.16	60.6254451516937
ENSMUSG00000034024.8	5152.12311757403
ENSMUSG00000034028.16	0
ENSMUSG00000034031.5	0
ENSMUSG00000034032.15	170.826810128912
ENSMUSG00000034035.18	31.5575654324904
ENSMUSG00000034037.14	33.1201422245625
ENSMUSG00000034039.8	0
ENSMUSG00000034040.16	512.781809451616
ENSMUSG00000034041.5	99.3480044628525
ENSMUSG00000034042.16	571.404313558295
ENSMUSG00000034055.16	62.3351533555153
ENSMUSG00000034057.8	0
ENSMUSG00000034059.14	3315.9269691766
ENSMUSG00000034063.8	8.07353190680084
ENSMUSG00000034064.14	939.622238666704
ENSMUSG00000034066.13	74.7862036950919
ENSMUSG00000034071.15	4.53850778827088
ENSMUSG00000034075.10	562.832956870543
ENSMUSG00000034083.16	1049.75743508369
ENSMUSG00000034087.14	0
ENSMUSG00000034088.15	2229.84636537959
ENSMUSG00000034098.14	357.425583242743
ENSMUSG00000034101.14	374.36420406385
ENSMUSG00000034105.9	170.827153456347
ENSMUSG00000034107.10	6.64073288521126
ENSMUSG00000034108.6	1403.05057325918
ENSMUSG00000034109.15	138.902009187163
ENSMUSG00000034110.8	157.280389213317
ENSMUSG00000034111.6	205.015012792606
ENSMUSG00000034112.9	12.402516324882
ENSMUSG00000034115.10	1.4034289200927
ENSMUSG00000034116.17	103.861324502018
ENSMUSG00000034117.3	0
ENSMUSG00000034118.15	1258.81353663423
ENSMUSG00000034120.18	4052.30969727573
ENSMUSG00000034121.12	12.7938471777703
ENSMUSG00000034122.17	0
ENSMUSG00000034126.5	106.763564946002
ENSMUSG00000034127.15	0
ENSMUSG00000034135.15	2447.81515351158
ENSMUSG00000034139.4	0
ENSMUSG00000034145.14	294.953847991212
ENSMUSG00000034151.13	0
ENSMUSG00000034152.6	1615.4533058011
ENSMUSG00000034154.15	110.18188894817
ENSMUSG00000034156.16	1070.4737500968
ENSMUSG00000034157.12	1348.20985206214
ENSMUSG00000034158.9	116.512690794206
ENSMUSG00000034159.12	0
ENSMUSG00000034160.13	395.028582999499
ENSMUSG00000034161.8	127.583221517089
ENSMUSG00000034163.10	427.955275820153
ENSMUSG00000034164.17	71.9356184243038
ENSMUSG00000034165.16	481.817139288026
ENSMUSG00000034168.7	687.006468782927
ENSMUSG00000034171.13	583.132628435319
ENSMUSG00000034173.13	147.46262908967
ENSMUSG00000034175.13	837.036906183172
ENSMUSG00000034177.15	33.8763365062484
ENSMUSG00000034185.9	18.3429548771649
ENSMUSG00000034187.18	16755.713254883
ENSMUSG00000034189.5	1045.8018660687
ENSMUSG00000034190.9	3179.46164843138
ENSMUSG00000034192.5	2543.03623735772
ENSMUSG00000034194.18	1211.74506191386
ENSMUSG00000034201.13	703.848146420985
ENSMUSG00000034203.8	1068.06515208138
ENSMUSG00000034205.16	0.548543606596892
ENSMUSG00000034206.15	2.4624692111561
ENSMUSG00000034209.4	301.340518574421
ENSMUSG00000034210.14	279.383074883284
ENSMUSG00000034211.14	3580.00023101425
ENSMUSG00000034212.14	0
ENSMUSG00000034216.12	464.113147979239
ENSMUSG00000034218.16	10.4044442871287
ENSMUSG00000034219.15	0
ENSMUSG00000034220.7	1516.88056589838
ENSMUSG00000034224.14	17.282541276361
ENSMUSG00000034226.7	593.138719262932
ENSMUSG00000034227.7	21.7632139976035
ENSMUSG00000034235.17	152.558513363097
ENSMUSG00000034239.14	0
ENSMUSG00000034243.17	413.541235264377
ENSMUSG00000034245.10	5796.27514378707
ENSMUSG00000034247.9	145.160743483404
ENSMUSG00000034248.7	75.0897987825097
ENSMUSG00000034252.14	1748.78170619464
ENSMUSG00000034254.17	5035.86414575439
ENSMUSG00000034255.17	398.174429864506
ENSMUSG00000034258.4	0
ENSMUSG00000034259.8	1143.63751317977
ENSMUSG00000034263.13	370.923969529003
ENSMUSG00000034265.8	787.876755881601
ENSMUSG00000034266.6	26.7131216879258
ENSMUSG00000034269.12	430.391870627334
ENSMUSG00000034271.16	1010.60534193959
ENSMUSG00000034274.11	830.06255266576
ENSMUSG00000034275.18	30.2669039690483
ENSMUSG00000034278.3	1445.04941264912
ENSMUSG00000034282.3	110.679588882781
ENSMUSG00000034285.15	4193.36920727689
ENSMUSG00000034290.9	343.693703089003
ENSMUSG00000034292.13	360.80454943621
ENSMUSG00000034295.10	868.574621047594
ENSMUSG00000034297.14	57.9028585910424
ENSMUSG00000034300.17	395.553187320391
ENSMUSG00000034303.8	71.7543415385505
ENSMUSG00000034308.13	206.102767741881
ENSMUSG00000034310.8	133.421535763211
ENSMUSG00000034311.3	4.94859680375177
ENSMUSG00000034312.15	3248.79206706626
ENSMUSG00000034317.14	21.603785221359
ENSMUSG00000034320.14	49.4449872263961
ENSMUSG00000034321.14	745.99867411408
ENSMUSG00000034324.16	136.953657204334
ENSMUSG00000034327.17	268.79323378118
ENSMUSG00000034329.16	0
ENSMUSG00000034330.10	42.6134891335877
ENSMUSG00000034333.15	35.6897920186519
ENSMUSG00000034334.8	376.941001310907
ENSMUSG00000034336.3	5272.06290282579
ENSMUSG00000034339.8	0
ENSMUSG00000034341.17	20059.3348381873
ENSMUSG00000034342.9	111.881671867957
ENSMUSG00000034343.14	1620.19556281634
ENSMUSG00000034345.14	4366.84154256306
ENSMUSG00000034349.14	89.9364943297304
ENSMUSG00000034353.14	2060.06979387477
ENSMUSG00000034354.17	552.027287658077
ENSMUSG00000034359.16	0
ENSMUSG00000034361.10	1120.74596917238
ENSMUSG00000034362.7	0
ENSMUSG00000034371.9	496.482495526323
ENSMUSG00000034377.10	297.088533136566
ENSMUSG00000034379.9	74.0301654713311
ENSMUSG00000034382.14	24.7744452964516
ENSMUSG00000034384.11	0.729945338690272
ENSMUSG00000034387.13	0
ENSMUSG00000034390.16	1298.38970158389
ENSMUSG00000034391.12	32.7634562310382
ENSMUSG00000034394.14	0
ENSMUSG00000034401.16	46.853863861818
ENSMUSG00000034402.3	46.0204521188108
ENSMUSG00000034403.16	10580.2572728097
ENSMUSG00000034412.13	756.218470664274
ENSMUSG00000034413.14	85.0609014233232
ENSMUSG00000034416.18	0
ENSMUSG00000034422.14	8.35880579381624
ENSMUSG00000034424.5	2304.83925219064
ENSMUSG00000034427.17	0
ENSMUSG00000034429.15	352.697933249296
ENSMUSG00000034430.16	272.693527079113
ENSMUSG00000034432.11	4165.44011344846
ENSMUSG00000034435.6	0
ENSMUSG00000034437.8	163.280691585654
ENSMUSG00000034438.16	0
ENSMUSG00000034442.11	979.752939847292
ENSMUSG00000034445.8	321.794718696595
ENSMUSG00000034449.7	42.2423521762025
ENSMUSG00000034450.8	0
ENSMUSG00000034452.7	0
ENSMUSG00000034453.8	106.735193615226
ENSMUSG00000034456.15	0
ENSMUSG00000034457.10	0
ENSMUSG00000034459.8	10.1086208843791
ENSMUSG00000034460.9	0.255466823328339
ENSMUSG00000034462.9	178.264125086815
ENSMUSG00000034463.4	75.167234724926
ENSMUSG00000034467.7	143.575787984878
ENSMUSG00000034471.12	79.7317729750975
ENSMUSG00000034472.13	9888.24418488652
ENSMUSG00000034473.14	334.164587703554
ENSMUSG00000034480.18	22.6596419307511
ENSMUSG00000034482.2	0
ENSMUSG00000034484.8	1701.11587294872
ENSMUSG00000034485.10	10.452135589028
ENSMUSG00000034486.8	18.5430835602659
ENSMUSG00000034487.4	77.3956170484875
ENSMUSG00000034488.14	647.858776472312
ENSMUSG00000034493.1	0
ENSMUSG00000034501.7	472.745523315691
ENSMUSG00000034509.9	558.642895217353
ENSMUSG00000034518.14	235.865635824561
ENSMUSG00000034520.14	43.398023534465
ENSMUSG00000034522.10	60.5028772573491
ENSMUSG00000034525.7	510.019709024339
ENSMUSG00000034528.15	0
ENSMUSG00000034532.9	324.0942322224
ENSMUSG00000034533.10	5.74702035995974
ENSMUSG00000034538.8	23.9888497016838
ENSMUSG00000034543.15	252.371320749957
ENSMUSG00000034544.17	967.480419773988
ENSMUSG00000034551.12	3.46560955346188
ENSMUSG00000034552.8	0
ENSMUSG00000034555.14	0
ENSMUSG00000034557.14	1172.85205613695
ENSMUSG00000034560.6	104.592861631544
ENSMUSG00000034563.16	2008.41184284781
ENSMUSG00000034566.10	66884.3362549386
ENSMUSG00000034570.12	2089.75054427728
ENSMUSG00000034573.14	7.61934092169712
ENSMUSG00000034574.10	273.953507554488
ENSMUSG00000034575.13	371.337054856645
ENSMUSG00000034579.17	15.0642715063437
ENSMUSG00000034583.9	0
ENSMUSG00000034584.3	1.09967777474983
ENSMUSG00000034586.14	1402.9168316174
ENSMUSG00000034587.8	350.21130627134
ENSMUSG00000034591.5	184.300820167277
ENSMUSG00000034593.16	713.427325188795
ENSMUSG00000034595.17	63.9366822056832
ENSMUSG00000034601.17	38.7583902107532
ENSMUSG00000034602.15	540.879133723267
ENSMUSG00000034607.6	0
ENSMUSG00000034610.14	202.921526939469
ENSMUSG00000034612.7	650.789700362922
ENSMUSG00000034613.12	478.988620607842
ENSMUSG00000034614.14	1156.80577453135
ENSMUSG00000034616.17	174.946333599973
ENSMUSG00000034617.7	514.178403034591
ENSMUSG00000034620.17	909.549314698509
ENSMUSG00000034621.14	269.121829348193
ENSMUSG00000034623.14	0
ENSMUSG00000034634.7	0
ENSMUSG00000034636.9	446.145762104531
ENSMUSG00000034639.7	397.637340909609
ENSMUSG00000034640.9	93.4421483467635
ENSMUSG00000034641.2	0
ENSMUSG00000034645.14	0
ENSMUSG00000034647.15	470.811122911364
ENSMUSG00000034648.9	480.156308426334
ENSMUSG00000034652.12	6.75359397661691
ENSMUSG00000034653.11	39.2295602981038
ENSMUSG00000034656.18	1100.86415830775
ENSMUSG00000034659.14	1306.01050945009
ENSMUSG00000034660.8	0
ENSMUSG00000034663.13	34.3360831534844
ENSMUSG00000034664.13	122.533967351671
ENSMUSG00000034667.8	732.7972972708
ENSMUSG00000034673.14	1450.05559482722
ENSMUSG00000034674.18	206.277302925272
ENSMUSG00000034675.17	1605.94947179952
ENSMUSG00000034677.9	0
ENSMUSG00000034681.17	4290.37453259186
ENSMUSG00000034683.12	0
ENSMUSG00000034684.12	349.511105573166
ENSMUSG00000034685.4	1514.14477683727
ENSMUSG00000034686.8	1613.06777314701
ENSMUSG00000034687.8	49.9302649501724
ENSMUSG00000034689.2	0
ENSMUSG00000034690.13	0
ENSMUSG00000034701.9	23.7237697101715
ENSMUSG00000034706.16	0
ENSMUSG00000034707.7	2368.21072380333
ENSMUSG00000034708.12	2508.02414248445
ENSMUSG00000034709.8	2732.41961445162
ENSMUSG00000034714.9	156.234364153204
ENSMUSG00000034723.11	2096.41409283114
ENSMUSG00000034724.18	53.6120147298467
ENSMUSG00000034729.16	1895.43626734833
ENSMUSG00000034730.17	6626.81386039378
ENSMUSG00000034731.11	105.561138633391
ENSMUSG00000034732.4	0
ENSMUSG00000034738.8	0
ENSMUSG00000034739.17	0
ENSMUSG00000034744.13	2690.06543116632
ENSMUSG00000034748.16	199.699305325936
ENSMUSG00000034751.17	42.9081889192769
ENSMUSG00000034755.18	27.5405095950255
ENSMUSG00000034757.15	2450.55116105378
ENSMUSG00000034758.12	275.802669120145
ENSMUSG00000034761.15	134.37245912379
ENSMUSG00000034762.9	30.6741527302931
ENSMUSG00000034764.15	0
ENSMUSG00000034765.6	68.0778040935733
ENSMUSG00000034768.4	257.179902383342
ENSMUSG00000034771.15	498.223228045647
ENSMUSG00000034773.16	158.085554471888
ENSMUSG00000034774.6	24.6554043112134
ENSMUSG00000034777.2	0
ENSMUSG00000034780.6	272.279099653315
ENSMUSG00000034781.5	1386.64691900519
ENSMUSG00000034783.7	0
ENSMUSG00000034785.14	0
ENSMUSG00000034786.17	252.242916289215
ENSMUSG00000034789.8	7475.59297060931
ENSMUSG00000034792.8	154.970076479097
ENSMUSG00000034793.15	3372.16877842486
ENSMUSG00000034795.14	112.187701459006
ENSMUSG00000034796.14	632.107506768255
ENSMUSG00000034799.16	380.393501998664
ENSMUSG00000034800.15	46.7111957067252
ENSMUSG00000034801.13	254.336214872842
ENSMUSG00000034807.9	506.455970247597
ENSMUSG00000034810.7	0
ENSMUSG00000034813.18	326.002851857507
ENSMUSG00000034818.17	2543.81268795808
ENSMUSG00000034820.4	752.327665688186
ENSMUSG00000034825.14	2687.60405436064
ENSMUSG00000034826.14	336.460699166592
ENSMUSG00000034829.8	0
ENSMUSG00000034832.15	45.8574964334599
ENSMUSG00000034833.10	1.26129136194521
ENSMUSG00000034837.12	0
ENSMUSG00000034839.5	1525.8555820151
ENSMUSG00000034842.16	176.146356620538
ENSMUSG00000034845.6	1574.91073654469
ENSMUSG00000034848.17	75.2250385803694
ENSMUSG00000034850.15	1871.68353328727
ENSMUSG00000034853.16	153.576510419869
ENSMUSG00000034854.8	620.086021473207
ENSMUSG00000034855.13	0
ENSMUSG00000034858.16	281.835431540896
ENSMUSG00000034863.9	694.251426742398
ENSMUSG00000034867.16	189.389244871885
ENSMUSG00000034868.9	27325.4365553278
ENSMUSG00000034871.2	0
ENSMUSG00000034872.6	0
ENSMUSG00000034875.5	2584.9064850174
ENSMUSG00000034880.7	3378.94830922862
ENSMUSG00000034881.8	0
ENSMUSG00000034883.9	0
ENSMUSG00000034889.8	980.530826180562
ENSMUSG00000034891.13	56156.7856758878
ENSMUSG00000034892.8	52458.4948485623
ENSMUSG00000034893.9	146.147778647844
ENSMUSG00000034898.17	839.778906349701
ENSMUSG00000034902.17	2755.6777073134
ENSMUSG00000034903.18	8.7868726822644
ENSMUSG00000034906.15	9.71001773218282
ENSMUSG00000034908.16	734.097946441446
ENSMUSG00000034910.5	324.294735444521
ENSMUSG00000034911.8	29.336580254577
ENSMUSG00000034912.18	180.854031199578
ENSMUSG00000034913.10	0
ENSMUSG00000034917.8	14.9829965389708
ENSMUSG00000034918.8	0
ENSMUSG00000034919.2	62.5639030620729
ENSMUSG00000034923.9	0
ENSMUSG00000034926.3	1387.49971314249
ENSMUSG00000034928.16	1446.00461199684
ENSMUSG00000034930.16	2602.20815899537
ENSMUSG00000034931.15	501.980946823242
ENSMUSG00000034932.4	6436.80622038804
ENSMUSG00000034936.2	982.457111572786
ENSMUSG00000034940.15	544.192774069303
ENSMUSG00000034947.13	39.5975760969877
ENSMUSG00000034949.18	1275.84660371158
ENSMUSG00000034951.10	9287.28437301637
ENSMUSG00000034957.10	137.456038876698
ENSMUSG00000034958.11	4415.05201796745
ENSMUSG00000034959.8	25.3213034774578
ENSMUSG00000034968.3	0
ENSMUSG00000034973.16	376.239458514578
ENSMUSG00000034974.13	2637.38717342529
ENSMUSG00000034981.9	1139.40522225206
ENSMUSG00000034987.4	145.12460046796
ENSMUSG00000034990.15	0
ENSMUSG00000034993.7	2073.55060803867
ENSMUSG00000034994.10	14232.0429321012
ENSMUSG00000034997.5	112.02359094501
ENSMUSG00000034998.18	61.3963713015056
ENSMUSG00000035000.8	6.23335927762647
ENSMUSG00000035004.3	0
ENSMUSG00000035007.5	1185.09121102587
ENSMUSG00000035011.15	1127.54893987648
ENSMUSG00000035020.11	5.85292126790758
ENSMUSG00000035021.13	3.96352796916829
ENSMUSG00000035024.16	80.8797662834469
ENSMUSG00000035027.18	3611.33897202421
ENSMUSG00000035031.15	0
ENSMUSG00000035032.12	26.7773551298818
ENSMUSG00000035033.15	54.4695218164836
ENSMUSG00000035041.8	0
ENSMUSG00000035042.2	15.3364989508238
ENSMUSG00000035045.17	97.4874818802499
ENSMUSG00000035047.9	1507.07731916177
ENSMUSG00000035048.13	6156.66404854567
ENSMUSG00000035049.4	424.941610017674
ENSMUSG00000035051.15	196.814075195784
ENSMUSG00000035057.7	0
ENSMUSG00000035062.13	535.288452192636
ENSMUSG00000035064.17	408.412953365708
ENSMUSG00000035067.9	45.1602920474479
ENSMUSG00000035069.3	219.329207487926
ENSMUSG00000035078.6	422.965729416865
ENSMUSG00000035085.5	125.615674409478
ENSMUSG00000035086.13	4697.98903118978
ENSMUSG00000035093.16	298.301914715517
ENSMUSG00000035095.11	3.12122092443257
ENSMUSG00000035104.14	54.1995416061244
ENSMUSG00000035105.5	453.816851834179
ENSMUSG00000035107.13	199.335940053219
ENSMUSG00000035109.14	60.9602830357092
ENSMUSG00000035112.17	83.0607382093741
ENSMUSG00000035121.6	60.0609836367404
ENSMUSG00000035125.10	103.446990710976
ENSMUSG00000035126.19	86.6084966545892
ENSMUSG00000035129.6	4.47736429323115
ENSMUSG00000035131.14	404.434381412564
ENSMUSG00000035133.9	157.717569884589
ENSMUSG00000035139.14	243.869628319953
ENSMUSG00000035142.18	97.2704677296571
ENSMUSG00000035148.4	0
ENSMUSG00000035150.15	1693.40879626155
ENSMUSG00000035151.12	85.9474352840218
ENSMUSG00000035152.14	3304.89592110876
ENSMUSG00000035158.15	40.4357007893317
ENSMUSG00000035161.7	159.69838191583
ENSMUSG00000035164.8	52.4195761244394
ENSMUSG00000035165.14	39.3163285044389
ENSMUSG00000035168.16	136.716511581408
ENSMUSG00000035171.9	1320.11390110023
ENSMUSG00000035172.15	286.584149354227
ENSMUSG00000035173.14	253.240469757804
ENSMUSG00000035177.8	0
ENSMUSG00000035179.4	45.1297983288906
ENSMUSG00000035181.6	60.3391100707879
ENSMUSG00000035183.14	0
ENSMUSG00000035184.15	419.732302844312
ENSMUSG00000035186.6	0
ENSMUSG00000035187.10	4.7800854562686
ENSMUSG00000035189.17	181.264463542494
ENSMUSG00000035191.15	0
ENSMUSG00000035198.9	1791.85637770837
ENSMUSG00000035199.6	8970.00803063572
ENSMUSG00000035200.7	23.5878120458566
ENSMUSG00000035201.15	0
ENSMUSG00000035202.8	45065.974226872
ENSMUSG00000035203.16	8244.30409665598
ENSMUSG00000035206.10	566.869738429736
ENSMUSG00000035208.16	0
ENSMUSG00000035211.9	41.576047259353
ENSMUSG00000035212.14	830.767591159611
ENSMUSG00000035215.9	7484.30506033388
ENSMUSG00000035226.5	796.199012909367
ENSMUSG00000035227.7	5897.03135254252
ENSMUSG00000035228.15	2504.49089742626
ENSMUSG00000035232.8	505.58388735076
ENSMUSG00000035234.18	73.2769987133914
ENSMUSG00000035235.13	240.378831017386
ENSMUSG00000035236.17	17.8921035316576
ENSMUSG00000035237.7	53.5975949775709
ENSMUSG00000035238.4	8.88621915735958
ENSMUSG00000035239.6	54.7492400413667
ENSMUSG00000035242.15	32034.7660662392
ENSMUSG00000035245.12	255.0841380845
ENSMUSG00000035246.16	628.261178300809
ENSMUSG00000035247.16	175.269716832289
ENSMUSG00000035248.9	355.191239506444
ENSMUSG00000035258.15	43.0662443857808
ENSMUSG00000035262.5	5.15936863734203
ENSMUSG00000035266.16	359.435234778536
ENSMUSG00000035268.14	1875.88639169031
ENSMUSG00000035270.15	0
ENSMUSG00000035273.14	29.9506681897004
ENSMUSG00000035274.13	638.718338955024
ENSMUSG00000035275.14	72.9979047202085
ENSMUSG00000035277.15	1102.82302859473
ENSMUSG00000035278.9	3009.55433159694
ENSMUSG00000035279.8	0
ENSMUSG00000035283.5	187.318637110563
ENSMUSG00000035284.10	141.949570770965
ENSMUSG00000035285.6	5253.8988839655
ENSMUSG00000035293.13	6.72437993304509
ENSMUSG00000035295.10	0
ENSMUSG00000035296.14	10.8463691193225
ENSMUSG00000035297.14	3995.50373862837
ENSMUSG00000035298.8	75.3546915045119
ENSMUSG00000035299.16	11.2259956278311
ENSMUSG00000035305.5	0
ENSMUSG00000035310.15	37.8343712364545
ENSMUSG00000035311.16	325.110294160901
ENSMUSG00000035314.10	792.560959348711
ENSMUSG00000035325.16	1754.50431909512
ENSMUSG00000035329.7	919.835342232099
ENSMUSG00000035337.3	7.65782480601768
ENSMUSG00000035342.14	681.35049261645
ENSMUSG00000035351.16	189.341459935231
ENSMUSG00000035352.3	78.5776621960856
ENSMUSG00000035354.9	308.441154164793
ENSMUSG00000035355.15	108.288157239114
ENSMUSG00000035356.17	22.4033636062124
ENSMUSG00000035357.17	79.7082082284129
ENSMUSG00000035365.15	9.69247682140572
ENSMUSG00000035367.9	198.396284074829
ENSMUSG00000035370.9	0
ENSMUSG00000035371.8	0
ENSMUSG00000035372.2	480.333246901771
ENSMUSG00000035373.2	0
ENSMUSG00000035376.10	203.769233588412
ENSMUSG00000035378.17	107.278774579806
ENSMUSG00000035382.9	329.879455562415
ENSMUSG00000035383.7	212.190025590063
ENSMUSG00000035385.5	16.0658824809838
ENSMUSG00000035387.5	0
ENSMUSG00000035390.16	4271.99777556813
ENSMUSG00000035392.17	338.500813209358
ENSMUSG00000035394.11	0
ENSMUSG00000035395.11	0
ENSMUSG00000035397.8	1973.63630057735
ENSMUSG00000035399.12	1178.0505641019
ENSMUSG00000035401.9	540.144256954145
ENSMUSG00000035403.10	29.6075280240716
ENSMUSG00000035407.8	102.946075983108
ENSMUSG00000035413.8	19.0258331456562
ENSMUSG00000035420.7	0
ENSMUSG00000035427.18	0
ENSMUSG00000035429.13	6.17574269169316
ENSMUSG00000035431.4	226.500474895182
ENSMUSG00000035435.17	0
ENSMUSG00000035437.15	716.935320074704
ENSMUSG00000035439.13	653.760731140274
ENSMUSG00000035441.14	48.4354172975777
ENSMUSG00000035443.10	4496.87531046583
ENSMUSG00000035448.9	0
ENSMUSG00000035451.7	0
ENSMUSG00000035454.1	0
ENSMUSG00000035455.12	0
ENSMUSG00000035456.9	166.5328763208
ENSMUSG00000035458.15	737.95048601431
ENSMUSG00000035459.18	0
ENSMUSG00000035469.17	433.997308081652
ENSMUSG00000035472.14	0
ENSMUSG00000035473.10	21.168758149453
ENSMUSG00000035476.9	75.5645894137218
ENSMUSG00000035478.14	4718.08779378183
ENSMUSG00000035486.14	409.137561523361
ENSMUSG00000035491.5	0
ENSMUSG00000035493.10	17.2956189304813
ENSMUSG00000035495.15	108.058159069156
ENSMUSG00000035498.10	15.6341950486742
ENSMUSG00000035504.16	312.541482511072
ENSMUSG00000035505.14	725.479210567645
ENSMUSG00000035506.16	58.3693469406411
ENSMUSG00000035509.17	213.638586462084
ENSMUSG00000035513.19	293.707038804713
ENSMUSG00000035517.17	834.663452412471
ENSMUSG00000035521.13	3376.73990231947
ENSMUSG00000035522.3	0
ENSMUSG00000035523.8	0
ENSMUSG00000035528.4	0
ENSMUSG00000035529.10	403.576250094226
ENSMUSG00000035530.13	35160.1672830989
ENSMUSG00000035539.14	0
ENSMUSG00000035540.12	0
ENSMUSG00000035545.13	463.483360616855
ENSMUSG00000035547.14	289.452494016887
ENSMUSG00000035551.6	120.141661783624
ENSMUSG00000035557.9	24.5798098523128
ENSMUSG00000035559.9	1222.64754946304
ENSMUSG00000035560.5	0
ENSMUSG00000035561.5	394.857200186195
ENSMUSG00000035566.7	183.507858638446
ENSMUSG00000035569.17	1993.17191254102
ENSMUSG00000035572.16	54.9281448466591
ENSMUSG00000035575.11	683.339201178699
ENSMUSG00000035576.13	14.9659862251389
ENSMUSG00000035578.16	145.371047143219
ENSMUSG00000035580.10	77.6294542434021
ENSMUSG00000035582.13	0
ENSMUSG00000035585.16	5145.10525510711
ENSMUSG00000035592.2	0
ENSMUSG00000035594.10	7.91441524640648
ENSMUSG00000035595.6	378.1830351249
ENSMUSG00000035596.14	5535.21445534643
ENSMUSG00000035597.19	62.949896733924
ENSMUSG00000035601.9	870.228803841678
ENSMUSG00000035606.8	60.3505959340725
ENSMUSG00000035614.11	273.569012038717
ENSMUSG00000035615.12	49.2353390098663
ENSMUSG00000035620.15	1814.42123005544
ENSMUSG00000035621.13	442.702749738619
ENSMUSG00000035623.14	125.226341098031
ENSMUSG00000035626.4	0
ENSMUSG00000035629.19	1053.64824005978
ENSMUSG00000035632.16	1559.82505389103
ENSMUSG00000035637.14	2646.03303216647
ENSMUSG00000035638.14	0
ENSMUSG00000035640.18	7395.56016189676
ENSMUSG00000035642.16	2073.05300173881
ENSMUSG00000035649.17	180.701999568981
ENSMUSG00000035651.7	0
ENSMUSG00000035653.16	896.470037575798
ENSMUSG00000035666.14	208.713648039772
ENSMUSG00000035671.6	161.661528189954
ENSMUSG00000035673.10	82.4215873714855
ENSMUSG00000035674.13	36032.5008401759
ENSMUSG00000035678.8	49.1404245798429
ENSMUSG00000035681.7	1125.2587586146
ENSMUSG00000035683.13	30.5272710112237
ENSMUSG00000035686.8	657.001991820665
ENSMUSG00000035692.7	43.5681578843688
ENSMUSG00000035694.15	0
ENSMUSG00000035696.15	142.003972563642
ENSMUSG00000035697.14	94.7059990586797
ENSMUSG00000035699.8	0
ENSMUSG00000035704.17	226.063013319645
ENSMUSG00000035711.5	15.6962748912643
ENSMUSG00000035713.15	295.397583095337
ENSMUSG00000035722.15	107.407522367983
ENSMUSG00000035725.13	51.390280473893
ENSMUSG00000035726.8	502.781211862966
ENSMUSG00000035735.10	504.324593530255
ENSMUSG00000035745.9	44.463524623626
ENSMUSG00000035754.8	2136.31735519174
ENSMUSG00000035757.16	416.16818952855
ENSMUSG00000035759.4	38.4713684749771
ENSMUSG00000035762.11	82.7860138380929
ENSMUSG00000035764.5	759.856399378591
ENSMUSG00000035765.10	1959.95314170781
ENSMUSG00000035769.9	98.7944357910685
ENSMUSG00000035770.8	2260.97533332669
ENSMUSG00000035772.11	914.808778888986
ENSMUSG00000035773.6	81.5641114964337
ENSMUSG00000035775.2	0
ENSMUSG00000035776.14	3167.86826123636
ENSMUSG00000035778.17	0
ENSMUSG00000035780.2	0
ENSMUSG00000035781.14	9350.91440139931
ENSMUSG00000035783.9	7.52324045144324
ENSMUSG00000035785.6	0
ENSMUSG00000035790.15	3269.08924170424
ENSMUSG00000035798.14	772.248584668834
ENSMUSG00000035799.6	9.54431542735079
ENSMUSG00000035804.5	0
ENSMUSG00000035805.13	660.105765469076
ENSMUSG00000035811.10	0
ENSMUSG00000035818.14	0
ENSMUSG00000035824.7	989.141665523355
ENSMUSG00000035828.11	724.166544936769
ENSMUSG00000035829.13	187.091697675936
ENSMUSG00000035831.2	101.056807530709
ENSMUSG00000035834.11	381.523142895026
ENSMUSG00000035835.14	2349.75453329574
ENSMUSG00000035836.2	0
ENSMUSG00000035840.7	28.7386287089051
ENSMUSG00000035842.10	76.4752810412202
ENSMUSG00000035845.17	426.747262633824
ENSMUSG00000035847.15	1395.02722958108
ENSMUSG00000035849.14	899.672065293828
ENSMUSG00000035851.14	1327.04714896018
ENSMUSG00000035852.11	0
ENSMUSG00000035860.9	6.78861337500108
ENSMUSG00000035861.6	0
ENSMUSG00000035863.14	2308.16509626642
ENSMUSG00000035864.14	15853.1962848268
ENSMUSG00000035868.9	127.788094361112
ENSMUSG00000035873.8	36.4940833528423
ENSMUSG00000035875.15	0
ENSMUSG00000035877.17	335.820705615909
ENSMUSG00000035878.13	13.8254524856076
ENSMUSG00000035885.5	60065.8897857885
ENSMUSG00000035890.9	2305.1464990335
ENSMUSG00000035891.16	1702.77177237998
ENSMUSG00000035896.5	0
ENSMUSG00000035898.13	47.3783745479551
ENSMUSG00000035900.18	327.190046916632
ENSMUSG00000035901.14	1623.48826018883
ENSMUSG00000035910.15	55.2843314548232
ENSMUSG00000035914.11	56.4650657158508
ENSMUSG00000035916.8	0
ENSMUSG00000035919.16	238.518183588443
ENSMUSG00000035923.4	0
ENSMUSG00000035929.11	22.0544492973563
ENSMUSG00000035930.9	0
ENSMUSG00000035932.6	0
ENSMUSG00000035933.5	397.133898043355
ENSMUSG00000035934.16	856.226849842824
ENSMUSG00000035936.6	713.032873177405
ENSMUSG00000035941.15	112.294070540729
ENSMUSG00000035944.17	69.8156027239063
ENSMUSG00000035946.7	39.3375211706625
ENSMUSG00000035948.13	0
ENSMUSG00000035949.15	2088.16203065807
ENSMUSG00000035951.2	0
ENSMUSG00000035953.14	3332.55946677191
ENSMUSG00000035954.10	230.902494422193
ENSMUSG00000035958.3	259.150008840924
ENSMUSG00000035960.14	3938.42617676823
ENSMUSG00000035963.8	0
ENSMUSG00000035964.8	14775.5762053792
ENSMUSG00000035967.15	145.825643878928
ENSMUSG00000035969.15	832.674712638637
ENSMUSG00000035983.4	11.5399841730581
ENSMUSG00000035984.14	1163.13283098719
ENSMUSG00000035992.15	74.2897834354661
ENSMUSG00000036002.12	411.177706777711
ENSMUSG00000036006.20	577.592322402898
ENSMUSG00000036009.16	96.2305913517914
ENSMUSG00000036013.12	0
ENSMUSG00000036019.8	136.360449819584
ENSMUSG00000036022.15	46.663629251166
ENSMUSG00000036023.6	767.8145420556
ENSMUSG00000036026.15	2076.16445343714
ENSMUSG00000036027.13	0
ENSMUSG00000036030.9	0
ENSMUSG00000036036.15	0.98325856265274
ENSMUSG00000036040.14	374.143132407205
ENSMUSG00000036045.6	0
ENSMUSG00000036046.14	400.644764395086
ENSMUSG00000036052.14	1933.74686494891
ENSMUSG00000036053.17	48.4562666363661
ENSMUSG00000036054.15	761.332239175913
ENSMUSG00000036057.11	286.700974316929
ENSMUSG00000036061.10	360.414467046722
ENSMUSG00000036062.13	2160.33669861198
ENSMUSG00000036067.12	440.336599478811
ENSMUSG00000036073.17	1699.9784291561
ENSMUSG00000036078.16	1620.16032493686
ENSMUSG00000036083.15	0
ENSMUSG00000036086.16	52.94043505513
ENSMUSG00000036087.18	114.396014733405
ENSMUSG00000036091.8	5.61430870048606
ENSMUSG00000036093.7	520.921884457664
ENSMUSG00000036095.11	1038.36754742296
ENSMUSG00000036097.8	124.245860366444
ENSMUSG00000036098.15	69.0502634478117
ENSMUSG00000036099.16	583.217929697159
ENSMUSG00000036103.9	2.40947193980466
ENSMUSG00000036104.12	1162.74930303055
ENSMUSG00000036106.15	188.073520505678
ENSMUSG00000036109.17	0
ENSMUSG00000036110.14	0
ENSMUSG00000036111.8	1027.30531898169
ENSMUSG00000036112.15	4052.11690331511
ENSMUSG00000036114.3	1716.87294800759
ENSMUSG00000036117.2	0
ENSMUSG00000036120.10	593.85227851949
ENSMUSG00000036123.8	0.675918085033417
ENSMUSG00000036131.12	0
ENSMUSG00000036136.9	0
ENSMUSG00000036138.16	1657.60448893749
ENSMUSG00000036139.6	0
ENSMUSG00000036144.6	0
ENSMUSG00000036151.15	39.3961053157312
ENSMUSG00000036155.13	502.862049868149
ENSMUSG00000036158.12	317.526503234533
ENSMUSG00000036160.13	678.097527591679
ENSMUSG00000036162.3	0
ENSMUSG00000036167.16	530.371566359257
ENSMUSG00000036168.15	0
ENSMUSG00000036169.6	44.3075291217329
ENSMUSG00000036172.17	0
ENSMUSG00000036180.15	316.80120842201
ENSMUSG00000036181.2	318.660295271702
ENSMUSG00000036185.9	0
ENSMUSG00000036186.5	3422.99809308132
ENSMUSG00000036188.4	1803.4372490578
ENSMUSG00000036192.15	36.0501921907927
ENSMUSG00000036196.16	35.9107076173713
ENSMUSG00000036197.16	39.8076612757077
ENSMUSG00000036198.12	310.323587280075
ENSMUSG00000036199.9	14458.1454592875
ENSMUSG00000036202.16	100.712013151074
ENSMUSG00000036206.12	109.588900044515
ENSMUSG00000036208.13	18.3067182269653
ENSMUSG00000036211.4	0
ENSMUSG00000036214.14	790.439289434307
ENSMUSG00000036216.5	0
ENSMUSG00000036218.16	52.8494844964033
ENSMUSG00000036223.16	0
ENSMUSG00000036225.15	3285.83818972322
ENSMUSG00000036231.5	0
ENSMUSG00000036241.3	3814.37950873734
ENSMUSG00000036242.15	624.018088164683
ENSMUSG00000036244.5	0
ENSMUSG00000036246.14	67.1313752012354
ENSMUSG00000036249.16	693.850139393891
ENSMUSG00000036251.16	1.33516918367009
ENSMUSG00000036256.13	43.2488009465197
ENSMUSG00000036257.15	1113.5299755638
ENSMUSG00000036264.9	157.012125640133
ENSMUSG00000036270.16	352.964573820058
ENSMUSG00000036273.15	180.594569293368
ENSMUSG00000036275.13	2763.36543281786
ENSMUSG00000036278.7	916.419952118923
ENSMUSG00000036281.13	420.299167651311
ENSMUSG00000036282.15	238.511941271441
ENSMUSG00000036285.10	548.64800934876
ENSMUSG00000036291.6	104.6933317237
ENSMUSG00000036292.14	0
ENSMUSG00000036295.5	841.432152796235
ENSMUSG00000036298.10	765.677765734051
ENSMUSG00000036299.5	8832.87512529865
ENSMUSG00000036304.14	93.1843718661442
ENSMUSG00000036305.7	55.7261626522619
ENSMUSG00000036306.13	662.455716916261
ENSMUSG00000036309.14	20608.1513588835
ENSMUSG00000036315.13	1957.28252243621
ENSMUSG00000036322.11	0
ENSMUSG00000036323.14	1792.95508792399
ENSMUSG00000036327.18	474.332819683093
ENSMUSG00000036330.12	0
ENSMUSG00000036333.11	2028.40835628736
ENSMUSG00000036334.12	33.568871182289
ENSMUSG00000036339.18	58.9539087163426
ENSMUSG00000036352.16	2861.15944367452
ENSMUSG00000036353.13	256.188466385416
ENSMUSG00000036356.15	79.2834497679761
ENSMUSG00000036357.5	127.087924874524
ENSMUSG00000036362.2	178.293432765142
ENSMUSG00000036368.8	29.2898253002281
ENSMUSG00000036371.6	12466.8448061143
ENSMUSG00000036372.14	4363.41525960671
ENSMUSG00000036376.3	326.286065779912
ENSMUSG00000036377.19	374.365109199815
ENSMUSG00000036381.13	0
ENSMUSG00000036390.8	356.060950322821
ENSMUSG00000036391.16	44.1858351517687
ENSMUSG00000036395.15	0
ENSMUSG00000036398.13	11272.8443729929
ENSMUSG00000036401.5	0
ENSMUSG00000036402.13	201.639011699715
ENSMUSG00000036403.15	39.8571940611227
ENSMUSG00000036411.10	138.490234746091
ENSMUSG00000036412.5	0
ENSMUSG00000036422.10	1067.16110852149
ENSMUSG00000036427.5	39020.2973573794
ENSMUSG00000036430.8	1329.92822794953
ENSMUSG00000036432.8	442.193595152308
ENSMUSG00000036435.13	1745.0659357873
ENSMUSG00000036437.6	154.655744606435
ENSMUSG00000036438.14	158803.092799785
ENSMUSG00000036442.8	1815.69868901842
ENSMUSG00000036446.5	0
ENSMUSG00000036449.6	0
ENSMUSG00000036450.4	259.451980925921
ENSMUSG00000036452.18	458.23126236044
ENSMUSG00000036459.15	135.95395013638
ENSMUSG00000036461.16	19.3571441205652
ENSMUSG00000036463.8	0
ENSMUSG00000036466.17	208.743673584554
ENSMUSG00000036469.16	166.598358226156
ENSMUSG00000036473.16	340.109832839929
ENSMUSG00000036478.8	542.345360352405
ENSMUSG00000036480.9	33.422957022355
ENSMUSG00000036492.12	6.20289677065415
ENSMUSG00000036499.9	54.4947719887588
ENSMUSG00000036500.4	0
ENSMUSG00000036501.7	1261.07244388793
ENSMUSG00000036502.14	456.169487477676
ENSMUSG00000036503.13	1485.46966370387
ENSMUSG00000036504.6	4915.69342598512
ENSMUSG00000036510.17	775.939167327067
ENSMUSG00000036513.15	697.204167530933
ENSMUSG00000036521.5	0
ENSMUSG00000036523.16	15.4231735224039
ENSMUSG00000036526.8	0
ENSMUSG00000036528.16	9.54837293340243
ENSMUSG00000036529.17	1532.59091721449
ENSMUSG00000036533.9	834.673596177601
ENSMUSG00000036534.6	494.466258346093
ENSMUSG00000036537.6	743.964771176733
ENSMUSG00000036545.9	58.2352307598419
ENSMUSG00000036550.16	233.947434232855
ENSMUSG00000036551.6	0
ENSMUSG00000036552.19	81.8570634333622
ENSMUSG00000036553.16	10.7174340616353
ENSMUSG00000036555.14	154.788643535419
ENSMUSG00000036557.8	0
ENSMUSG00000036560.14	86.8013218267972
ENSMUSG00000036561.9	1645.46018605541
ENSMUSG00000036564.17	74320.5387383174
ENSMUSG00000036565.7	2381.14964242824
ENSMUSG00000036568.7	203.379400891604
ENSMUSG00000036570.14	1602.86036759606
ENSMUSG00000036572.16	1313.75784908192
ENSMUSG00000036574.5	0
ENSMUSG00000036578.7	3807.85766077944
ENSMUSG00000036580.15	351.408582672424
ENSMUSG00000036585.16	1011.00563051738
ENSMUSG00000036586.6	0
ENSMUSG00000036587.13	18.1687005980395
ENSMUSG00000036591.16	622.926837517886
ENSMUSG00000036594.15	6.75983629361944
ENSMUSG00000036596.6	0
ENSMUSG00000036598.4	155.876180003599
ENSMUSG00000036599.10	688.144068633468
ENSMUSG00000036602.14	16.066257020004
ENSMUSG00000036606.17	525.536236397516
ENSMUSG00000036611.5	489.378270603674
ENSMUSG00000036613.8	1149.1896796145
ENSMUSG00000036615.7	3080.5660246817
ENSMUSG00000036617.17	1705.13935837269
ENSMUSG00000036620.14	1235.75416793422
ENSMUSG00000036622.15	2340.2949573217
ENSMUSG00000036632.9	733.509951391394
ENSMUSG00000036634.15	974.929251806761
ENSMUSG00000036636.10	649.292948803642
ENSMUSG00000036639.12	640.058127453276
ENSMUSG00000036641.9	203.325186368437
ENSMUSG00000036644.15	1350.58574033647
ENSMUSG00000036646.13	1276.66771809009
ENSMUSG00000036647.5	0
ENSMUSG00000036655.8	0
ENSMUSG00000036658.4	0
ENSMUSG00000036661.14	3.17580998661965
ENSMUSG00000036667.14	2080.18909368976
ENSMUSG00000036672.5	603.548688000608
ENSMUSG00000036676.14	142.658791617207
ENSMUSG00000036678.8	587.355555887527
ENSMUSG00000036686.16	1846.91748390719
ENSMUSG00000036687.13	0
ENSMUSG00000036693.12	1433.05111756173
ENSMUSG00000036698.11	185.938117493869
ENSMUSG00000036699.12	7184.8264376518
ENSMUSG00000036707.16	2337.29099832216
ENSMUSG00000036712.15	1067.07565120173
ENSMUSG00000036718.17	10.1496016955006
ENSMUSG00000036721.14	201.454301539611
ENSMUSG00000036731.7	0
ENSMUSG00000036733.16	3095.40298221439
ENSMUSG00000036737.12	259.742092608614
ENSMUSG00000036743.4	1.01749767141159
ENSMUSG00000036744.13	0
ENSMUSG00000036745.15	778.940910304071
ENSMUSG00000036748.16	15708.5245020342
ENSMUSG00000036749.15	0
ENSMUSG00000036751.7	56921.5001896852
ENSMUSG00000036752.4	9064.17715922059
ENSMUSG00000036760.7	148.971459532351
ENSMUSG00000036764.12	1475.62818277561
ENSMUSG00000036766.12	5361.86596762959
ENSMUSG00000036768.6	0
ENSMUSG00000036769.14	43.9904818411747
ENSMUSG00000036770.11	0
ENSMUSG00000036775.13	376.925457941571
ENSMUSG00000036777.8	30.7594539921326
ENSMUSG00000036779.12	175.497280498616
ENSMUSG00000036781.13	1514.92391163394
ENSMUSG00000036782.13	1806.6476726922
ENSMUSG00000036790.5	112.492857125675
ENSMUSG00000036792.12	1154.91235493815
ENSMUSG00000036800.8	33.2352817616741
ENSMUSG00000036805.13	0
ENSMUSG00000036810.16	405.165762484164
ENSMUSG00000036813.11	0
ENSMUSG00000036814.13	50.3033058142433
ENSMUSG00000036815.17	1425.5599314081
ENSMUSG00000036816.4	36.0325264336756
ENSMUSG00000036817.14	1011.50423558796
ENSMUSG00000036819.14	235.521215983946
ENSMUSG00000036820.12	740.482557060044
ENSMUSG00000036822.6	323.217249106715
ENSMUSG00000036825.12	849.343165979875
ENSMUSG00000036826.14	32.94086288025
ENSMUSG00000036832.5	0
ENSMUSG00000036833.16	95.0039448492102
ENSMUSG00000036834.16	140.530286365686
ENSMUSG00000036835.7	6841.67194590548
ENSMUSG00000036840.5	188.811705702812
ENSMUSG00000036845.12	2961.75722242445
ENSMUSG00000036850.4	8396.40373729622
ENSMUSG00000036853.5	0
ENSMUSG00000036854.14	362.453644741937
ENSMUSG00000036855.3	0
ENSMUSG00000036856.4	62.596519168411
ENSMUSG00000036858.8	0
ENSMUSG00000036860.14	2035.89826276601
ENSMUSG00000036862.15	48.1647816439332
ENSMUSG00000036863.12	3.04206834484055
ENSMUSG00000036864.16	54.6474902742256
ENSMUSG00000036867.7	0
ENSMUSG00000036872.16	70.2497246598469
ENSMUSG00000036873.13	1521.2919489009
ENSMUSG00000036875.15	180.326399354939
ENSMUSG00000036879.15	485.333717359813
ENSMUSG00000036880.10	484.392095051567
ENSMUSG00000036882.7	1529.1957522084
ENSMUSG00000036885.14	37.2218438805817
ENSMUSG00000036887.5	2093.6179717762
ENSMUSG00000036890.13	729.442270363038
ENSMUSG00000036892.12	0
ENSMUSG00000036893.17	291.422912590319
ENSMUSG00000036894.3	351.153552811286
ENSMUSG00000036896.5	1615.93861473647
ENSMUSG00000036898.16	73.8581272147415
ENSMUSG00000036899.10	0
ENSMUSG00000036902.11	564.468568771544
ENSMUSG00000036904.6	5.20837082581185
ENSMUSG00000036905.8	2140.50067514257
ENSMUSG00000036907.9	139.633078142913
ENSMUSG00000036908.17	119.129813409099
ENSMUSG00000036912.18	0
ENSMUSG00000036913.15	40.0637523307363
ENSMUSG00000036915.17	19.3451588719204
ENSMUSG00000036916.13	22.7072083863103
ENSMUSG00000036918.16	230.145675908807
ENSMUSG00000036921.2	0
ENSMUSG00000036923.12	37.1146320860633
ENSMUSG00000036924.3	0
ENSMUSG00000036925.8	0
ENSMUSG00000036928.14	0
ENSMUSG00000036931.15	0
ENSMUSG00000036932.14	1330.26999480542
ENSMUSG00000036934.9	613.385830518547
ENSMUSG00000036938.17	0
ENSMUSG00000036940.15	1736.85535381071
ENSMUSG00000036941.2	327.414364578118
ENSMUSG00000036943.9	193.353834034944
ENSMUSG00000036944.6	0
ENSMUSG00000036948.17	1419.28044140782
ENSMUSG00000036949.16	67.8146904319169
ENSMUSG00000036951.2	0
ENSMUSG00000036955.16	3514.53003000214
ENSMUSG00000036957.8	398.038597046531
ENSMUSG00000036958.5	0
ENSMUSG00000036959.15	168.323328895049
ENSMUSG00000036960.10	0
ENSMUSG00000036961.5	25.1114679914179
ENSMUSG00000036962.12	0
ENSMUSG00000036964.14	131.670128881812
ENSMUSG00000036966.15	5014.65265894505
ENSMUSG00000036968.15	372.605400036803
ENSMUSG00000036972.14	47.3986308666283
ENSMUSG00000036975.5	256.325953417397
ENSMUSG00000036977.8	130.89801669177
ENSMUSG00000036980.13	664.02238242597
ENSMUSG00000036983.7	245.542662911385
ENSMUSG00000036985.12	611.79906474809
ENSMUSG00000036986.16	206.301429480486
ENSMUSG00000036989.16	2820.01536475175
ENSMUSG00000036990.13	86.9777921284586
ENSMUSG00000036992.10	685.184117968795
ENSMUSG00000036995.7	18.3638666391234
ENSMUSG00000037001.10	66.0678404419302
ENSMUSG00000037003.16	249.097756079078
ENSMUSG00000037005.16	1.04633717596326
ENSMUSG00000037007.17	15.9224028246808
ENSMUSG00000037010.7	46.5692766296728
ENSMUSG00000037012.18	3854.91767716027
ENSMUSG00000037013.17	180.689608569731
ENSMUSG00000037014.4	60.0491856576056
ENSMUSG00000037016.11	40.3962493458758
ENSMUSG00000037017.15	616.10139447257
ENSMUSG00000037020.16	2.56487442158252
ENSMUSG00000037022.3	644.262265531307
ENSMUSG00000037025.11	2.46290617334627
ENSMUSG00000037028.7	0
ENSMUSG00000037029.8	725.883494228314
ENSMUSG00000037031.10	92.3176573619286
ENSMUSG00000037032.16	10897.3767769757
ENSMUSG00000037033.9	0
ENSMUSG00000037034.16	0
ENSMUSG00000037035.5	125.676630635008
ENSMUSG00000037049.9	2871.86810728077
ENSMUSG00000037053.6	0
ENSMUSG00000037058.16	10021.5145629435
ENSMUSG00000037060.3	292.491191510546
ENSMUSG00000037062.13	440.13634594937
ENSMUSG00000037064.6	0
ENSMUSG00000037070.10	2906.5879056604
ENSMUSG00000037071.3	451.581727808255
ENSMUSG00000037072.15	7937.4737411821
ENSMUSG00000037075.7	117.984972470836
ENSMUSG00000037085.8	118.805088078628
ENSMUSG00000037086.3	0
ENSMUSG00000037089.11	855.690603600722
ENSMUSG00000037095.8	0
ENSMUSG00000037096.6	106.773271748941
ENSMUSG00000037098.18	1040.34689250971
ENSMUSG00000037101.16	0
ENSMUSG00000037103.8	313.470807454823
ENSMUSG00000037104.9	878.803094418421
ENSMUSG00000037106.8	8.4464791361167
ENSMUSG00000037108.13	905.796683409271
ENSMUSG00000037110.20	176.963663185679
ENSMUSG00000037111.9	640.41381467608
ENSMUSG00000037112.16	104.588710490737
ENSMUSG00000037119.4	219.74510185822
ENSMUSG00000037124.6	0
ENSMUSG00000037126.16	6229.24137715783
ENSMUSG00000037129.7	0
ENSMUSG00000037130.4	0
ENSMUSG00000037134.17	265.797171312648
ENSMUSG00000037138.18	217.053945363676
ENSMUSG00000037139.15	0
ENSMUSG00000037140.6	0
ENSMUSG00000037143.17	11.5657961538635
ENSMUSG00000037145.14	0
ENSMUSG00000037148.8	309.32281901823
ENSMUSG00000037149.10	3225.45616372304
ENSMUSG00000037151.8	614.59312583842
ENSMUSG00000037152.11	29661.0430331952
ENSMUSG00000037157.8	0
ENSMUSG00000037159.11	0
ENSMUSG00000037161.14	0
ENSMUSG00000037166.5	103.651801131828
ENSMUSG00000037167.5	0
ENSMUSG00000037169.15	52.0698815259579
ENSMUSG00000037171.6	0
ENSMUSG00000037172.14	433.108995160608
ENSMUSG00000037174.18	338.226026414906
ENSMUSG00000037185.9	0
ENSMUSG00000037188.7	59.4384061504935
ENSMUSG00000037190.12	1060.45426949922
ENSMUSG00000037196.6	839.879532499781
ENSMUSG00000037197.11	3497.60111598397
ENSMUSG00000037202.6	24.4976297489746
ENSMUSG00000037204.7	2003.39380026741
ENSMUSG00000037206.15	70.3873677497525
ENSMUSG00000037210.16	301.005493420895
ENSMUSG00000037211.12	84.1312955753071
ENSMUSG00000037214.12	484.928372505254
ENSMUSG00000037216.5	119.442865606776
ENSMUSG00000037217.15	7557.14185085225
ENSMUSG00000037221.13	1801.15677459885
ENSMUSG00000037224.15	330.046874504423
ENSMUSG00000037225.13	18.3695159360107
ENSMUSG00000037234.17	43.440065539477
ENSMUSG00000037235.13	765.163710928893
ENSMUSG00000037236.16	5870.71084138247
ENSMUSG00000037239.8	437.212382242218
ENSMUSG00000037242.8	287.158473730044
ENSMUSG00000037243.17	104.840213442769
ENSMUSG00000037246.6	0
ENSMUSG00000037247.3	0
ENSMUSG00000037251.5	509.076057963067
ENSMUSG00000037253.8	156.453750384257
ENSMUSG00000037254.18	0
ENSMUSG00000037257.8	498.336245194978
ENSMUSG00000037259.15	1553.7907933142
ENSMUSG00000037260.8	2026.12838121377
ENSMUSG00000037262.7	460.620415558401
ENSMUSG00000037263.13	0
ENSMUSG00000037266.18	3321.85108406992
ENSMUSG00000037270.18	238.109967268063
ENSMUSG00000037275.14	58.4714088236324
ENSMUSG00000037278.9	376.830293818867
ENSMUSG00000037279.13	88.7949930310636
ENSMUSG00000037280.12	74.1594438564534
ENSMUSG00000037286.15	288.728010705574
ENSMUSG00000037287.15	289.37256114767
ENSMUSG00000037295.7	9.48610582130224
ENSMUSG00000037296.7	499.814363438006
ENSMUSG00000037300.19	510.62805402782
ENSMUSG00000037306.13	676.755242166626
ENSMUSG00000037307.11	0
ENSMUSG00000037313.16	323.383263527397
ENSMUSG00000037315.15	38.9346732429045
ENSMUSG00000037316.9	513.578890909669
ENSMUSG00000037318.10	66.4406940364911
ENSMUSG00000037321.17	48.0860348149464
ENSMUSG00000037325.10	246.550890742048
ENSMUSG00000037326.10	306.862846733875
ENSMUSG00000037331.15	1137.54803930905
ENSMUSG00000037334.2	0
ENSMUSG00000037335.13	0
ENSMUSG00000037336.14	0
ENSMUSG00000037337.11	0
ENSMUSG00000037339.17	543.097653185965
ENSMUSG00000037341.14	123.674563514373
ENSMUSG00000037343.8	131.725279752529
ENSMUSG00000037344.14	229.734213583585
ENSMUSG00000037346.5	0
ENSMUSG00000037347.7	18.4229501695523
ENSMUSG00000037348.15	1725.02482099277
ENSMUSG00000037349.9	657.888650527704
ENSMUSG00000037351.9	6436.30034301816
ENSMUSG00000037353.9	887.987353001067
ENSMUSG00000037355.14	12.9862353877881
ENSMUSG00000037358.6	0
ENSMUSG00000037361.8	4587.46980743079
ENSMUSG00000037362.8	409.821188869893
ENSMUSG00000037363.9	492.002072497761
ENSMUSG00000037364.12	2920.68627224536
ENSMUSG00000037366.14	94.7498201240375
ENSMUSG00000037369.17	107.185701633298
ENSMUSG00000037370.13	30.1366892363757
ENSMUSG00000037373.12	7175.7110318257
ENSMUSG00000037375.16	0
ENSMUSG00000037376.14	451.457068737715
ENSMUSG00000037379.7	0
ENSMUSG00000037386.16	1218.06291095212
ENSMUSG00000037390.12	0
ENSMUSG00000037393.2	7.55710502118194
ENSMUSG00000037395.15	210.826922037807
ENSMUSG00000037400.17	492.508730157271
ENSMUSG00000037405.8	3.84361305954979
ENSMUSG00000037406.7	0
ENSMUSG00000037408.10	152.547901424192
ENSMUSG00000037410.13	146.558741587705
ENSMUSG00000037411.10	33.5752383456316
ENSMUSG00000037415.7	158.654385608743
ENSMUSG00000037416.13	38.4242701931931
ENSMUSG00000037418.6	51.4579784017854
ENSMUSG00000037419.9	1916.3946594148
ENSMUSG00000037424.6	0
ENSMUSG00000037426.18	418.128027374663
ENSMUSG00000037428.14	13990.7527228015
ENSMUSG00000037432.15	0
ENSMUSG00000037434.7	291.206522671427
ENSMUSG00000037437.18	20.4425582009643
ENSMUSG00000037438.6	20.7516777389293
ENSMUSG00000037440.8	0
ENSMUSG00000037443.13	123.757898446357
ENSMUSG00000037446.14	0
ENSMUSG00000037447.16	423.804509552494
ENSMUSG00000037451.8	0
ENSMUSG00000037455.16	270.132366836147
ENSMUSG00000037458.15	852.267348168122
ENSMUSG00000037461.10	156.997487406762
ENSMUSG00000037463.14	208.607903189749
ENSMUSG00000037465.10	156.423849685815
ENSMUSG00000037466.13	5.3733864757736
ENSMUSG00000037469.11	0
ENSMUSG00000037470.14	294.526842296655
ENSMUSG00000037474.13	9.40704687646526
ENSMUSG00000037475.15	69.6363233795937
ENSMUSG00000037477.8	0
ENSMUSG00000037482.2	0
ENSMUSG00000037486.18	67.4326606313623
ENSMUSG00000037487.7	581.453476373225
ENSMUSG00000037490.5	6.34097682275
ENSMUSG00000037492.16	635.313311088072
ENSMUSG00000037493.6	1891.4328821851
ENSMUSG00000037499.9	8576.94515326031
ENSMUSG00000037503.12	3861.99493527346
ENSMUSG00000037509.21	2986.67252560406
ENSMUSG00000037514.17	840.230475561663
ENSMUSG00000037519.17	289.468817675849
ENSMUSG00000037523.13	35.0030123020341
ENSMUSG00000037525.5	236.226753863157
ENSMUSG00000037526.7	272.026504295808
ENSMUSG00000037529.13	0
ENSMUSG00000037531.8	1751.03952104287
ENSMUSG00000037533.20	71.8848059639033
ENSMUSG00000037535.5	0
ENSMUSG00000037536.14	594.009865812219
ENSMUSG00000037537.6	0
ENSMUSG00000037541.22	203.195096482105
ENSMUSG00000037542.13	0
ENSMUSG00000037544.14	0
ENSMUSG00000037548.15	19.7586187385826
ENSMUSG00000037552.17	0
ENSMUSG00000037553.14	1153.28164325599
ENSMUSG00000037563.15	21612.5841729247
ENSMUSG00000037568.12	50.9506340874051
ENSMUSG00000037570.16	3470.09266068675
ENSMUSG00000037572.17	5.93441471637554
ENSMUSG00000037573.5	292.518345589507
ENSMUSG00000037577.13	0
ENSMUSG00000037578.4	22.5370428248215
ENSMUSG00000037579.7	1380.14270559282
ENSMUSG00000037580.10	8.44963150620298
ENSMUSG00000037583.2	0
ENSMUSG00000037593.12	39.880228210862
ENSMUSG00000037594.11	387.087731540587
ENSMUSG00000037600.16	0
ENSMUSG00000037601.11	7015.11550411026
ENSMUSG00000037603.7	0
ENSMUSG00000037605.16	656.093953177893
ENSMUSG00000037606.18	456.15544226442
ENSMUSG00000037608.16	2002.92203715994
ENSMUSG00000037610.15	455.514293885091
ENSMUSG00000037613.16	0
ENSMUSG00000037617.12	79.0956496609551
ENSMUSG00000037621.8	11.465731812313
ENSMUSG00000037622.14	432.982244913872
ENSMUSG00000037624.15	1512.39009273944
ENSMUSG00000037625.7	636.434119105875
ENSMUSG00000037627.16	0
ENSMUSG00000037628.10	15.4179923992918
ENSMUSG00000037636.6	0
ENSMUSG00000037638.5	6.85471951205782
ENSMUSG00000037640.15	111.484566871842
ENSMUSG00000037643.14	406.993419267749
ENSMUSG00000037646.10	51.8122611032637
ENSMUSG00000037649.10	689.054541779871
ENSMUSG00000037652.15	83.2683576728781
ENSMUSG00000037653.7	329.03908363595
ENSMUSG00000037656.9	812.394142563888
ENSMUSG00000037660.5	0
ENSMUSG00000037661.14	0
ENSMUSG00000037664.13	47.0674759496444
ENSMUSG00000037669.15	641.301534577009
ENSMUSG00000037674.15	79.2257707588728
ENSMUSG00000037679.9	5897.30226910043
ENSMUSG00000037681.13	22.4268347181419
ENSMUSG00000037683.14	0
ENSMUSG00000037685.15	466.768941747964
ENSMUSG00000037686.6	4.9264365783928
ENSMUSG00000037689.6	0
ENSMUSG00000037692.14	2511.90907968255
ENSMUSG00000037697.19	278.60840334327
ENSMUSG00000037703.14	5506.42323511677
ENSMUSG00000037705.13	0
ENSMUSG00000037706.17	12683.0692411831
ENSMUSG00000037708.16	19.1837325542351
ENSMUSG00000037709.13	160.013275597022
ENSMUSG00000037710.8	9376.58655430389
ENSMUSG00000037712.16	296.571762923512
ENSMUSG00000037716.15	0
ENSMUSG00000037720.16	1087.71690235288
ENSMUSG00000037722.8	517.021559948146
ENSMUSG00000037725.8	20.0829695300338
ENSMUSG00000037727.6	349.699030526527
ENSMUSG00000037730.13	172.052239379677
ENSMUSG00000037731.5	37.3763100148092
ENSMUSG00000037735.7	193.108448553575
ENSMUSG00000037736.20	213.387114721638
ENSMUSG00000037737.6	39.1225357730955
ENSMUSG00000037738.11	0
ENSMUSG00000037740.8	3613.91249205485
ENSMUSG00000037742.14	73031.5527439704
ENSMUSG00000037747.9	8077.13834302588
ENSMUSG00000037750.16	620.542834231452
ENSMUSG00000037752.4	126.75845538313
ENSMUSG00000037754.13	530.348781902198
ENSMUSG00000037759.6	38.2426811915896
ENSMUSG00000037761.16	124.235279639125
ENSMUSG00000037762.6	35.3698108491025
ENSMUSG00000037771.11	15555.7809351836
ENSMUSG00000037772.13	4743.02647443862
ENSMUSG00000037773.14	444.367700529532
ENSMUSG00000037780.3	0
ENSMUSG00000037784.14	145.887005855063
ENSMUSG00000037787.14	2295.24303189741
ENSMUSG00000037788.14	1846.13354252642
ENSMUSG00000037790.3	0
ENSMUSG00000037791.15	845.641503208962
ENSMUSG00000037795.14	6.82762785626686
ENSMUSG00000037797.14	0
ENSMUSG00000037798.7	0
ENSMUSG00000037801.13	0
ENSMUSG00000037805.15	12196.1580278936
ENSMUSG00000037808.13	29.9565983908528
ENSMUSG00000037813.13	15.655980735013
ENSMUSG00000037815.7	1001.37020847338
ENSMUSG00000037816.10	306.71462291665
ENSMUSG00000037818.16	82.9730336554886
ENSMUSG00000037820.15	111.168736843099
ENSMUSG00000037822.12	4244.31831199663
ENSMUSG00000037824.6	266.639072606779
ENSMUSG00000037826.5	314.427224054365
ENSMUSG00000037827.5	57.5497931413796
ENSMUSG00000037833.14	0
ENSMUSG00000037843.6	7540.8351709929
ENSMUSG00000037845.14	6.31291760782365
ENSMUSG00000037846.18	26.2428255249555
ENSMUSG00000037847.14	145.647831479111
ENSMUSG00000037849.8	0
ENSMUSG00000037851.13	322.595420698509
ENSMUSG00000037852.8	30591.1041333903
ENSMUSG00000037855.15	2236.53572591426
ENSMUSG00000037857.16	106.048164205928
ENSMUSG00000037860.15	0
ENSMUSG00000037868.15	15.1094346698569
ENSMUSG00000037872.5	1887.69520124509
ENSMUSG00000037876.17	100.89828389043
ENSMUSG00000037884.6	0
ENSMUSG00000037885.18	95.2175881486217
ENSMUSG00000037887.11	1463.82467919029
ENSMUSG00000037890.13	219.26466193012
ENSMUSG00000037892.13	186.969941282802
ENSMUSG00000037894.13	15685.4834857462
ENSMUSG00000037896.17	111.320331511505
ENSMUSG00000037902.18	5649.93847262673
ENSMUSG00000037904.14	631.709652694099
ENSMUSG00000037905.13	960.451851733409
ENSMUSG00000037907.16	669.488685790326
ENSMUSG00000037910.2	0
ENSMUSG00000037913.12	0
ENSMUSG00000037916.14	11158.9410331289
ENSMUSG00000037921.15	0
ENSMUSG00000037922.13	3.312641575315
ENSMUSG00000037924.6	0
ENSMUSG00000037926.15	69.4767385454242
ENSMUSG00000037933.16	365.365311084595
ENSMUSG00000037935.16	1264.9597531665
ENSMUSG00000037936.15	837.919507384159
ENSMUSG00000037938.4	632.308259683056
ENSMUSG00000037940.17	39.3913923663943
ENSMUSG00000037942.5	0
ENSMUSG00000037944.8	0
ENSMUSG00000037946.11	131.054574002193
ENSMUSG00000037949.8	295.166305250393
ENSMUSG00000037953.7	0
ENSMUSG00000037957.14	510.509044254167
ENSMUSG00000037958.13	669.761256562241
ENSMUSG00000037960.11	424.629962341323
ENSMUSG00000037962.7	0
ENSMUSG00000037965.14	122.549947683198
ENSMUSG00000037966.15	688.70684472283
ENSMUSG00000037971.10	2613.53958735738
ENSMUSG00000037972.7	4320.86307002609
ENSMUSG00000037973.6	0
ENSMUSG00000037974.16	0
ENSMUSG00000037977.6	235.89004328404
ENSMUSG00000037979.13	4407.70459237438
ENSMUSG00000037982.16	0
ENSMUSG00000037984.9	100.168120070644
ENSMUSG00000037989.15	668.441474689983
ENSMUSG00000037990.18	291.094691562326
ENSMUSG00000037991.9	0
ENSMUSG00000037992.16	208.305525354147
ENSMUSG00000037993.8	373.775678416852
ENSMUSG00000037994.14	7.17098650299075
ENSMUSG00000037995.15	34.6277242038423
ENSMUSG00000037996.17	1507.33949647587
ENSMUSG00000037997.12	243.118583949794
ENSMUSG00000037999.13	200.686340490375
ENSMUSG00000038000.10	1993.07858990183
ENSMUSG00000038002.9	119.967126600233
ENSMUSG00000038005.15	2781.15044940134
ENSMUSG00000038007.14	59.6102883491581
ENSMUSG00000038009.7	0
ENSMUSG00000038010.9	19.4338309849412
ENSMUSG00000038011.15	4.9014673103827
ENSMUSG00000038013.14	632.597278960273
ENSMUSG00000038014.7	666.217274718813
ENSMUSG00000038015.6	0
ENSMUSG00000038020.5	1770.60712488117
ENSMUSG00000038022.11	370.340781063042
ENSMUSG00000038023.12	357.441906901705
ENSMUSG00000038024.17	33.0846234408181
ENSMUSG00000038025.8	331.421183015699
ENSMUSG00000038026.12	1954.20306261252
ENSMUSG00000038028.9	680.257244428212
ENSMUSG00000038034.15	11645.1716465957
ENSMUSG00000038037.5	5.41158945582905
ENSMUSG00000038039.13	602.792712200017
ENSMUSG00000038042.11	244.611496484118
ENSMUSG00000038044.8	0
ENSMUSG00000038045.14	0
ENSMUSG00000038046.4	875.190447087965
ENSMUSG00000038047.18	12.2259211768805
ENSMUSG00000038048.8	10.9410026450808
ENSMUSG00000038055.12	3123.97004084048
ENSMUSG00000038056.15	77.9169441529533
ENSMUSG00000038057.4	58.3572056340712
ENSMUSG00000038058.14	7.72620938878035
ENSMUSG00000038059.7	53.0693389012322
ENSMUSG00000038060.15	0
ENSMUSG00000038064.7	0
ENSMUSG00000038065.13	754.411632007894
ENSMUSG00000038067.2	0
ENSMUSG00000038068.15	233.171108478836
ENSMUSG00000038069.6	138.843924427454
ENSMUSG00000038070.15	116.832859233265
ENSMUSG00000038071.3	0
ENSMUSG00000038072.14	928.673121009519
ENSMUSG00000038074.16	200.440674104741
ENSMUSG00000038077.7	1571.67618635508
ENSMUSG00000038079.14	670.076555994039
ENSMUSG00000038080.17	23.3807231792978
ENSMUSG00000038084.16	721.06626698588
ENSMUSG00000038085.13	201.213254468558
ENSMUSG00000038086.4	0
ENSMUSG00000038092.6	0
ENSMUSG00000038094.15	50.8293458680461
ENSMUSG00000038095.15	276.792887866256
ENSMUSG00000038102.15	337.732134293667
ENSMUSG00000038112.15	297.380611149114
ENSMUSG00000038115.16	501.678100813865
ENSMUSG00000038116.16	796.41602705996
ENSMUSG00000038119.15	17.6504946520748
ENSMUSG00000038121.6	161.709344338193
ENSMUSG00000038122.9	24.5191969542183
ENSMUSG00000038126.17	55.9822537072905
ENSMUSG00000038127.15	117.91911602646
ENSMUSG00000038128.7	2124.98062086029
ENSMUSG00000038132.6	258.856557518636
ENSMUSG00000038135.4	0
ENSMUSG00000038141.11	1066.55170232412
ENSMUSG00000038143.16	199.678580833487
ENSMUSG00000038145.17	1243.13414721045
ENSMUSG00000038146.8	123.789016396614
ENSMUSG00000038147.13	16.6831852093636
ENSMUSG00000038148.13	0
ENSMUSG00000038150.7	2401.0295181746
ENSMUSG00000038151.13	11.1918189422422
ENSMUSG00000038152.4	768.661593261258
ENSMUSG00000038155.11	0
ENSMUSG00000038156.16	608.587798400896
ENSMUSG00000038160.7	617.108748378853
ENSMUSG00000038165.8	0
ENSMUSG00000038167.6	0
ENSMUSG00000038168.5	54.2304722868719
ENSMUSG00000038170.15	1127.88262293185
ENSMUSG00000038172.14	261.551084864361
ENSMUSG00000038173.15	50.1661308981128
ENSMUSG00000038174.14	133.450094363497
ENSMUSG00000038175.10	107.762429301161
ENSMUSG00000038178.16	581.610595492179
ENSMUSG00000038179.13	0
ENSMUSG00000038180.11	98.6257995972453
ENSMUSG00000038181.16	671.818661823104
ENSMUSG00000038187.14	866.925713011377
ENSMUSG00000038188.17	0
ENSMUSG00000038192.5	0
ENSMUSG00000038193.4	0
ENSMUSG00000038195.6	84.2680335292474
ENSMUSG00000038199.12	0
ENSMUSG00000038201.10	0
ENSMUSG00000038203.18	0
ENSMUSG00000038204.13	0
ENSMUSG00000038205.12	281.40102870069
ENSMUSG00000038206.13	295.185313105666
ENSMUSG00000038208.13	502.404331973939
ENSMUSG00000038209.12	0
ENSMUSG00000038210.10	0
ENSMUSG00000038212.16	368.843436483647
ENSMUSG00000038213.7	171.498826765818
ENSMUSG00000038214.15	26.4571866908223
ENSMUSG00000038215.15	222.131851764135
ENSMUSG00000038216.7	78.7101865860492
ENSMUSG00000038217.13	0
ENSMUSG00000038218.3	0
ENSMUSG00000038224.12	0
ENSMUSG00000038225.15	99.1253098037874
ENSMUSG00000038227.15	0
ENSMUSG00000038233.10	61.3584492257152
ENSMUSG00000038235.4	389.603947101135
ENSMUSG00000038236.8	0
ENSMUSG00000038239.11	0
ENSMUSG00000038240.13	498.666838303432
ENSMUSG00000038241.16	153.044571376498
ENSMUSG00000038242.12	4.24028109347524
ENSMUSG00000038244.14	3567.8546172456
ENSMUSG00000038246.7	0
ENSMUSG00000038248.8	629.519816678028
ENSMUSG00000038250.9	84.6338957287654
ENSMUSG00000038252.13	478.565984535186
ENSMUSG00000038253.6	188.533173518159
ENSMUSG00000038255.6	208.454810365262
ENSMUSG00000038256.15	327.016666561887
ENSMUSG00000038257.10	23.3648364825264
ENSMUSG00000038259.4	16.7433611452679
ENSMUSG00000038260.10	416.407956924617
ENSMUSG00000038264.8	2246.97621958207
ENSMUSG00000038267.15	658.224455970855
ENSMUSG00000038268.4	249.129061298846
ENSMUSG00000038271.17	525.415010601327
ENSMUSG00000038274.13	35682.6770881556
ENSMUSG00000038276.12	0
ENSMUSG00000038279.10	629.330955377117
ENSMUSG00000038280.12	869.129313336438
ENSMUSG00000038286.11	1403.38828260902
ENSMUSG00000038290.15	329.150977168221
ENSMUSG00000038291.16	1897.82682506762
ENSMUSG00000038292.14	65.7905255090931
ENSMUSG00000038295.14	532.477848962249
ENSMUSG00000038296.14	1109.42362338161
ENSMUSG00000038298.14	0
ENSMUSG00000038299.16	176.688096101602
ENSMUSG00000038300.6	0
ENSMUSG00000038301.15	1475.88592804464
ENSMUSG00000038302.14	557.561663489345
ENSMUSG00000038304.14	0
ENSMUSG00000038305.15	1480.9209497273
ENSMUSG00000038311.13	0
ENSMUSG00000038312.10	415.496297737983
ENSMUSG00000038319.14	1624.9173450318
ENSMUSG00000038323.3	193.684708047663
ENSMUSG00000038324.13	2870.39657468218
ENSMUSG00000038327.8	0
ENSMUSG00000038330.10	0
ENSMUSG00000038331.15	37.877692916452
ENSMUSG00000038332.13	557.459320702089
ENSMUSG00000038335.13	541.432265432861
ENSMUSG00000038342.15	83.1290291573817
ENSMUSG00000038344.14	181.804580021137
ENSMUSG00000038346.18	446.535875705604
ENSMUSG00000038347.15	150.171732245596
ENSMUSG00000038349.10	132.199009189851
ENSMUSG00000038351.14	762.7200623035
ENSMUSG00000038352.15	219.285636115249
ENSMUSG00000038354.13	414.960987843432
ENSMUSG00000038357.10	0
ENSMUSG00000038365.8	1019.52970165384
ENSMUSG00000038366.15	1952.63015478581
ENSMUSG00000038368.16	244.5919580319
ENSMUSG00000038369.14	659.590118873082
ENSMUSG00000038370.6	27589.1858721246
ENSMUSG00000038371.15	121.586664534953
ENSMUSG00000038372.14	476.967701689859
ENSMUSG00000038374.10	2020.88480372007
ENSMUSG00000038375.15	1183.70276366659
ENSMUSG00000038379.15	0
ENSMUSG00000038383.16	883.085448728494
ENSMUSG00000038384.16	100.87493762484
ENSMUSG00000038387.9	187.619485578499
ENSMUSG00000038388.14	1529.17921006834
ENSMUSG00000038390.11	4896.21436941349
ENSMUSG00000038393.14	52.1169173845719
ENSMUSG00000038398.8	1600.84743884384
ENSMUSG00000038400.15	844.895390269235
ENSMUSG00000038402.2	0
ENSMUSG00000038403.10	17.6184091426819
ENSMUSG00000038406.17	1803.74415257323
ENSMUSG00000038408.14	0
ENSMUSG00000038412.8	6315.05497716532
ENSMUSG00000038415.10	0
ENSMUSG00000038416.15	1679.03770284675
ENSMUSG00000038417.4	417.757046475203
ENSMUSG00000038418.7	2451.08746971905
ENSMUSG00000038421.13	0
ENSMUSG00000038422.2	645.883145564183
ENSMUSG00000038425.18	258.775344974433
ENSMUSG00000038429.10	4214.9324798609
ENSMUSG00000038437.11	297.278174727103
ENSMUSG00000038446.8	330.157644419633
ENSMUSG00000038451.13	297.954280081646
ENSMUSG00000038453.17	863.738105045623
ENSMUSG00000038456.9	239.707657093275
ENSMUSG00000038457.17	1.85949260029719
ENSMUSG00000038459.10	509.586648282289
ENSMUSG00000038462.3	8403.26919359353
ENSMUSG00000038463.8	144.392876068924
ENSMUSG00000038467.15	10064.5828985055
ENSMUSG00000038473.14	469.995376925474
ENSMUSG00000038481.13	418.110985849246
ENSMUSG00000038482.11	1089.32083449509
ENSMUSG00000038485.6	418.538553352334
ENSMUSG00000038486.9	15984.7403813284
ENSMUSG00000038489.8	2420.02417094682
ENSMUSG00000038491.9	0
ENSMUSG00000038495.14	142.227915686108
ENSMUSG00000038496.16	30.187095946171
ENSMUSG00000038497.7	901.847231864943
ENSMUSG00000038498.4	0
ENSMUSG00000038500.15	685.019570492609
ENSMUSG00000038502.17	12627.0641718072
ENSMUSG00000038503.15	1442.979616389
ENSMUSG00000038506.13	944.511408612591
ENSMUSG00000038507.6	14.9431081333247
ENSMUSG00000038508.7	0
ENSMUSG00000038510.12	1747.72260348041
ENSMUSG00000038515.10	85.0811889535814
ENSMUSG00000038517.15	293.547485182129
ENSMUSG00000038518.15	144.172272586054
ENSMUSG00000038520.15	2837.44797132885
ENSMUSG00000038521.17	0
ENSMUSG00000038522.7	10.652420330054
ENSMUSG00000038523.10	76.1152866196846
ENSMUSG00000038524.13	31.5954562966957
ENSMUSG00000038525.16	539.609633714464
ENSMUSG00000038526.14	55.1469068460126
ENSMUSG00000038527.9	12.7555193513748
ENSMUSG00000038528.15	0
ENSMUSG00000038530.11	5393.71779588558
ENSMUSG00000038533.15	517.956721458295
ENSMUSG00000038534.19	202.916595509037
ENSMUSG00000038535.17	564.306892761179
ENSMUSG00000038537.1	39.6858736709884
ENSMUSG00000038538.17	61.7517464084593
ENSMUSG00000038539.15	650.010440719912
ENSMUSG00000038540.14	0
ENSMUSG00000038541.8	0
ENSMUSG00000038542.14	675.067538130238
ENSMUSG00000038543.13	37.7132078634354
ENSMUSG00000038544.14	711.344045523957
ENSMUSG00000038545.13	390.963149205264
ENSMUSG00000038546.9	1330.28538211683
ENSMUSG00000038550.10	2004.38985557991
ENSMUSG00000038552.14	3188.80789514024
ENSMUSG00000038555.7	6955.56948041465
ENSMUSG00000038560.7	0
ENSMUSG00000038563.14	149.401617596995
ENSMUSG00000038564.11	453.321024594669
ENSMUSG00000038567.5	0
ENSMUSG00000038569.13	33.8682839173151
ENSMUSG00000038570.15	1176.53649011293
ENSMUSG00000038572.7	0
ENSMUSG00000038576.15	2661.83436525289
ENSMUSG00000038578.15	195.402281570908
ENSMUSG00000038580.13	0
ENSMUSG00000038582.15	640.743159321133
ENSMUSG00000038583.13	33.9201575716061
ENSMUSG00000038587.10	140.00708656612
ENSMUSG00000038591.3	0
ENSMUSG00000038593.18	203.687740139944
ENSMUSG00000038594.9	10.1074660557336
ENSMUSG00000038598.9	0
ENSMUSG00000038599.14	0
ENSMUSG00000038600.12	0
ENSMUSG00000038602.7	1399.99118248466
ENSMUSG00000038604.9	843.33708946431
ENSMUSG00000038605.11	795.217751888155
ENSMUSG00000038607.12	1386.98225627457
ENSMUSG00000038608.15	127.903577225659
ENSMUSG00000038611.17	748.956190275122
ENSMUSG00000038612.16	881.829837875021
ENSMUSG00000038615.17	6839.60970284894
ENSMUSG00000038618.12	164.022747019329
ENSMUSG00000038619.12	13573.030446032
ENSMUSG00000038622.8	1331.65116986539
ENSMUSG00000038623.9	659.739528730538
ENSMUSG00000038624.13	0
ENSMUSG00000038628.8	784.334709156443
ENSMUSG00000038630.8	63.5224420493956
ENSMUSG00000038633.5	2216.07353562632
ENSMUSG00000038637.15	80.9580761502435
ENSMUSG00000038641.12	0
ENSMUSG00000038642.10	2504.36180631065
ENSMUSG00000038644.14	47.8616859418756
ENSMUSG00000038646.13	3355.90410935893
ENSMUSG00000038648.5	34.120223831537
ENSMUSG00000038650.15	1953.6087628223
ENSMUSG00000038651.15	13.9818225265208
ENSMUSG00000038656.5	0
ENSMUSG00000038658.15	146.685897585046
ENSMUSG00000038663.7	0
ENSMUSG00000038664.16	205.551321457878
ENSMUSG00000038665.15	72.1731073746649
ENSMUSG00000038668.14	58.6333657382629
ENSMUSG00000038670.11	0
ENSMUSG00000038671.15	1252.85018877854
ENSMUSG00000038676.6	74.9138278662085
ENSMUSG00000038677.14	196.421121340475
ENSMUSG00000038679.16	24.562986807991
ENSMUSG00000038683.16	1013.50380578179
ENSMUSG00000038685.18	312.197062670457
ENSMUSG00000038690.15	34535.4810485338
ENSMUSG00000038691.5	0
ENSMUSG00000038692.8	28.8185927897075
ENSMUSG00000038695.13	1534.19513026097
ENSMUSG00000038696.14	1220.36885406443
ENSMUSG00000038697.15	268.060198495574
ENSMUSG00000038700.4	474.235533172609
ENSMUSG00000038702.6	32.4402602682325
ENSMUSG00000038704.12	98.2537887154799
ENSMUSG00000038705.13	172.369442718161
ENSMUSG00000038708.10	4194.20446050341
ENSMUSG00000038709.15	0
ENSMUSG00000038712.16	320.233234309998
ENSMUSG00000038717.8	39702.0608104772
ENSMUSG00000038718.15	896.491698415797
ENSMUSG00000038721.8	95.4697153323536
ENSMUSG00000038722.17	4954.61140103004
ENSMUSG00000038725.13	0
ENSMUSG00000038729.24	322.558684662949
ENSMUSG00000038732.15	0
ENSMUSG00000038733.14	521.304163950899
ENSMUSG00000038736.10	206.658521224616
ENSMUSG00000038738.15	353.061204887258
ENSMUSG00000038740.9	1095.83010418423
ENSMUSG00000038742.7	360.916599026405
ENSMUSG00000038745.15	5.19669769301713
ENSMUSG00000038750.12	0
ENSMUSG00000038751.5	0
ENSMUSG00000038754.5	0
ENSMUSG00000038756.13	0
ENSMUSG00000038759.15	55.6629591926113
ENSMUSG00000038760.14	43.3985229198252
ENSMUSG00000038762.15	2486.29117251272
ENSMUSG00000038763.12	0
ENSMUSG00000038764.14	182.62731740207
ENSMUSG00000038765.14	0.673077830797268
ENSMUSG00000038766.16	19.8886462017452
ENSMUSG00000038768.8	0
ENSMUSG00000038770.17	0
ENSMUSG00000038773.11	256.967133008311
ENSMUSG00000038774.9	237.388449057327
ENSMUSG00000038775.14	73.6712634552709
ENSMUSG00000038776.13	1062.86283630306
ENSMUSG00000038777.19	355.833854830269
ENSMUSG00000038780.14	432.408794462435
ENSMUSG00000038781.7	0
ENSMUSG00000038782.7	6.76467408929639
ENSMUSG00000038784.13	499.447720948863
ENSMUSG00000038791.14	0
ENSMUSG00000038793.8	64.9452221521961
ENSMUSG00000038797.13	306.227410074603
ENSMUSG00000038801.6	0
ENSMUSG00000038803.7	4184.12780028209
ENSMUSG00000038805.10	1390.65751404456
ENSMUSG00000038806.7	466.962328728702
ENSMUSG00000038807.19	750.006834649817
ENSMUSG00000038811.13	281.594571739353
ENSMUSG00000038812.16	4206.05443813881
ENSMUSG00000038816.14	41.6252055057479
ENSMUSG00000038822.15	599.766124801343
ENSMUSG00000038827.11	195.154399162737
ENSMUSG00000038828.13	1188.73525721085
ENSMUSG00000038831.16	150.99659201431
ENSMUSG00000038836.15	212.309878076512
ENSMUSG00000038838.15	208.123374544013
ENSMUSG00000038840.7	0
ENSMUSG00000038843.18	21.8712997165022
ENSMUSG00000038844.10	135.995680025542
ENSMUSG00000038845.11	6333.69625237203
ENSMUSG00000038848.14	990.421122027777
ENSMUSG00000038855.10	105.762640626232
ENSMUSG00000038859.7	0.512650283832373
ENSMUSG00000038860.15	1047.83149301891
ENSMUSG00000038861.14	1413.33435355865
ENSMUSG00000038866.15	58.7161388617164
ENSMUSG00000038871.5	1517.41921543253
ENSMUSG00000038872.10	35.5731231138748
ENSMUSG00000038876.12	1413.56251024509
ENSMUSG00000038879.8	178.262096333789
ENSMUSG00000038880.13	4216.79799629711
ENSMUSG00000038883.3	0
ENSMUSG00000038884.14	3721.11891818059
ENSMUSG00000038886.10	1769.02238786374
ENSMUSG00000038888.8	329.217613902222
ENSMUSG00000038891.3	0
ENSMUSG00000038893.12	166.963159231784
ENSMUSG00000038894.7	383.939575018288
ENSMUSG00000038895.16	452.639082673728
ENSMUSG00000038900.17	11782.5080826786
ENSMUSG00000038902.14	282.494495370022
ENSMUSG00000038903.13	0
ENSMUSG00000038909.16	2171.05407025045
ENSMUSG00000038910.7	930.764453263291
ENSMUSG00000038914.15	179.554880185012
ENSMUSG00000038916.7	595.608211080716
ENSMUSG00000038917.4	0
ENSMUSG00000038925.14	0
ENSMUSG00000038930.11	198.775348774807
ENSMUSG00000038932.13	108.659200561744
ENSMUSG00000038936.13	1566.35614047809
ENSMUSG00000038943.16	80.4872493903281
ENSMUSG00000038949.8	907.495748462603
ENSMUSG00000038954.14	940.940491171297
ENSMUSG00000038957.13	481.090752070027
ENSMUSG00000038963.15	20.0204215136685
ENSMUSG00000038965.17	5450.91152726513
ENSMUSG00000038967.13	3066.7351413803
ENSMUSG00000038968.3	0
ENSMUSG00000038970.7	728.724996927863
ENSMUSG00000038973.2	0
ENSMUSG00000038975.14	2595.42413372337
ENSMUSG00000038976.12	6038.50884809017
ENSMUSG00000038980.1	0
ENSMUSG00000038982.10	385.188881131589
ENSMUSG00000038984.4	714.476003233634
ENSMUSG00000038987.8	0
ENSMUSG00000038990.14	815.296133315192
ENSMUSG00000038991.17	2440.03235751917
ENSMUSG00000038994.6	0
ENSMUSG00000038997.4	0
ENSMUSG00000039000.8	420.299791883011
ENSMUSG00000039001.12	30304.8242033552
ENSMUSG00000039004.6	91.4960435980563
ENSMUSG00000039005.13	9.3220889420609
ENSMUSG00000039007.10	64.1165233585259
ENSMUSG00000039013.16	14.7459445507999
ENSMUSG00000039016.5	21193.8097224128
ENSMUSG00000039018.15	1234.8347682745
ENSMUSG00000039021.15	9.76086140416839
ENSMUSG00000039031.16	88.3281613540298
ENSMUSG00000039032.2	0
ENSMUSG00000039033.11	844.976634025023
ENSMUSG00000039037.5	661.745497299299
ENSMUSG00000039041.15	6080.69954509318
ENSMUSG00000039043.5	602.859286510849
ENSMUSG00000039046.15	104.189108567821
ENSMUSG00000039047.17	1268.60429873684
ENSMUSG00000039048.15	1290.01038977872
ENSMUSG00000039050.8	1619.03620849104
ENSMUSG00000039055.4	0
ENSMUSG00000039057.11	167.946136890171
ENSMUSG00000039058.11	1556.3635330552
ENSMUSG00000039059.11	3275.47241658992
ENSMUSG00000039062.15	41.5706788667308
ENSMUSG00000039063.5	0
ENSMUSG00000039065.11	152.561884214278
ENSMUSG00000039067.5	4568.15782647374
ENSMUSG00000039068.16	189.310185927048
ENSMUSG00000039069.19	474.684324553506
ENSMUSG00000039070.5	0
ENSMUSG00000039079.1	62.8506751051689
ENSMUSG00000039081.10	209.494156146183
ENSMUSG00000039084.8	27.682803211098
ENSMUSG00000039086.9	535.168256378752
ENSMUSG00000039087.17	16.6763810838308
ENSMUSG00000039089.15	272.731792482338
ENSMUSG00000039092.9	0
ENSMUSG00000039095.8	43.1439300208772
ENSMUSG00000039096.10	190.859529007075
ENSMUSG00000039097.5	50.8411750587659
ENSMUSG00000039098.3	16.3636722135893
ENSMUSG00000039099.7	0
ENSMUSG00000039100.10	1799.72213409374
ENSMUSG00000039103.12	864.99181199241
ENSMUSG00000039105.6	8837.37280833373
ENSMUSG00000039106.6	155.688692012428
ENSMUSG00000039108.14	3469.38372074478
ENSMUSG00000039109.16	15.0314057073254
ENSMUSG00000039110.15	40.3951257288153
ENSMUSG00000039114.16	427.793631021373
ENSMUSG00000039115.13	140.201004143803
ENSMUSG00000039116.7	3.01528880489972
ENSMUSG00000039117.16	133.290852856763
ENSMUSG00000039126.10	821.209636269609
ENSMUSG00000039128.13	6656.33908346817
ENSMUSG00000039130.18	832.893381003235
ENSMUSG00000039131.15	287.831177021821
ENSMUSG00000039133.8	106.308624882858
ENSMUSG00000039137.18	1268.93470457578
ENSMUSG00000039138.1	0
ENSMUSG00000039145.16	982.896040092818
ENSMUSG00000039146.5	15.2648059400498
ENSMUSG00000039148.5	5682.422803653
ENSMUSG00000039153.17	90.8198446087577
ENSMUSG00000039154.8	2533.83081732044
ENSMUSG00000039155.15	11.5668885593389
ENSMUSG00000039156.19	1687.33904811256
ENSMUSG00000039157.12	894.404205186982
ENSMUSG00000039158.11	12.7946898905656
ENSMUSG00000039159.16	1386.01407290747
ENSMUSG00000039163.10	1652.15098232299
ENSMUSG00000039164.2	57.3675174849059
ENSMUSG00000039166.16	383.114652826404
ENSMUSG00000039167.12	0.804728296380522
ENSMUSG00000039168.15	318.220992212649
ENSMUSG00000039174.14	0
ENSMUSG00000039176.17	1351.65601679814
ENSMUSG00000039178.9	805.706685935913
ENSMUSG00000039179.13	652.374655861448
ENSMUSG00000039182.6	987.469848183738
ENSMUSG00000039183.6	1646.95590763239
ENSMUSG00000039187.16	8.76031162341865
ENSMUSG00000039191.12	74.0951792029124
ENSMUSG00000039193.9	0
ENSMUSG00000039194.16	26.233992646397
ENSMUSG00000039195.4	7969.13318122808
ENSMUSG00000039196.2	0
ENSMUSG00000039197.10	1906.65062105495
ENSMUSG00000039198.8	0
ENSMUSG00000039199.6	945.12665137636
ENSMUSG00000039200.16	0
ENSMUSG00000039201.10	139.432075535432
ENSMUSG00000039202.12	342.99225392743
ENSMUSG00000039205.16	1006.65813762939
ENSMUSG00000039206.13	411.751438133413
ENSMUSG00000039208.15	551.510611079778
ENSMUSG00000039209.12	0
ENSMUSG00000039210.16	203.666734743231
ENSMUSG00000039215.5	0
ENSMUSG00000039217.13	443.834076060571
ENSMUSG00000039218.17	4761.49895739358
ENSMUSG00000039219.18	178.255448266181
ENSMUSG00000039220.16	793.637228434701
ENSMUSG00000039221.10	9817.91758609279
ENSMUSG00000039224.1	0
ENSMUSG00000039230.14	883.000522005674
ENSMUSG00000039231.18	492.92627874157
ENSMUSG00000039232.12	4.09961047982334
ENSMUSG00000039233.12	552.67754982023
ENSMUSG00000039234.11	301.267608311831
ENSMUSG00000039236.18	0
ENSMUSG00000039238.6	0
ENSMUSG00000039239.14	60.052525297202
ENSMUSG00000039242.10	227.477085390227
ENSMUSG00000039244.10	535.126744970685
ENSMUSG00000039246.8	360.188401536476
ENSMUSG00000039252.11	1878.38562814861
ENSMUSG00000039253.7	834.356455262287
ENSMUSG00000039254.16	237.129642594402
ENSMUSG00000039257.11	1752.88528054576
ENSMUSG00000039262.16	1662.72609155696
ENSMUSG00000039263.16	101.916343370371
ENSMUSG00000039264.9	0.866121484100357
ENSMUSG00000039269.5	0
ENSMUSG00000039270.9	359.958434578103
ENSMUSG00000039275.9	793.518218661048
ENSMUSG00000039278.10	22499.0559849923
ENSMUSG00000039285.12	1787.73482548429
ENSMUSG00000039286.12	61.2332595582296
ENSMUSG00000039294.14	488.257244104776
ENSMUSG00000039296.15	0
ENSMUSG00000039298.16	152.632453607992
ENSMUSG00000039304.11	5.59692384763402
ENSMUSG00000039307.16	417.720341651228
ENSMUSG00000039308.6	388.629739898135
ENSMUSG00000039313.14	22.4373218107062
ENSMUSG00000039315.15	0
ENSMUSG00000039316.14	222.491752550916
ENSMUSG00000039318.12	480.066918446858
ENSMUSG00000039321.1	0
ENSMUSG00000039323.18	267.769868331786
ENSMUSG00000039328.11	69.723497336534
ENSMUSG00000039329.8	0
ENSMUSG00000039330.5	0
ENSMUSG00000039335.11	0
ENSMUSG00000039337.3	0
ENSMUSG00000039339.4	0
ENSMUSG00000039342.5	0
ENSMUSG00000039345.16	1733.6707733687
ENSMUSG00000039347.7	20254.0339539594
ENSMUSG00000039349.5	572.386042753282
ENSMUSG00000039354.16	797.212796402162
ENSMUSG00000039356.15	937.625009341746
ENSMUSG00000039357.2	224.660926497708
ENSMUSG00000039358.3	25.9050225403639
ENSMUSG00000039361.11	2033.83939056065
ENSMUSG00000039364.13	0
ENSMUSG00000039367.11	946.048329481783
ENSMUSG00000039372.5	555.08848870453
ENSMUSG00000039375.16	172.96196344804
ENSMUSG00000039376.13	12.1070050379824
ENSMUSG00000039377.7	50.9598727165689
ENSMUSG00000039382.12	1519.30295943438
ENSMUSG00000039384.8	308.253915866302
ENSMUSG00000039385.5	109.716524215632
ENSMUSG00000039391.11	0
ENSMUSG00000039395.8	166.50984217106
ENSMUSG00000039396.11	0
ENSMUSG00000039405.7	222.150204176122
ENSMUSG00000039410.16	56.8007151010766
ENSMUSG00000039414.10	720.594098127809
ENSMUSG00000039419.17	3101.04544376456
ENSMUSG00000039427.14	1183.3105901009
ENSMUSG00000039428.11	843.878048655749
ENSMUSG00000039431.16	1076.95383695396
ENSMUSG00000039438.7	4.49989905761026
ENSMUSG00000039449.14	860.70343384643
ENSMUSG00000039450.11	313.482792703468
ENSMUSG00000039452.6	36.3642119476048
ENSMUSG00000039456.10	290.442275800807
ENSMUSG00000039457.4	7.63316765385771
ENSMUSG00000039458.15	87.9841784756057
ENSMUSG00000039461.12	994.374225327551
ENSMUSG00000039462.4	0
ENSMUSG00000039463.14	377.81211664861
ENSMUSG00000039470.15	527.517173275097
ENSMUSG00000039473.8	331.470996705379
ENSMUSG00000039474.13	3673.933056689
ENSMUSG00000039476.13	0
ENSMUSG00000039477.16	201.936052354281
ENSMUSG00000039478.15	1012.08324170152
ENSMUSG00000039480.14	19.8343692554082
ENSMUSG00000039481.5	250.701500951782
ENSMUSG00000039483.10	635.931706221927
ENSMUSG00000039485.8	8668.93774196434
ENSMUSG00000039488.15	55.9312227657949
ENSMUSG00000039492.7	0
ENSMUSG00000039496.8	39.3349618206915
ENSMUSG00000039497.8	29.3073662110052
ENSMUSG00000039501.14	383.622309256635
ENSMUSG00000039508.6	0
ENSMUSG00000039509.8	220.614188442896
ENSMUSG00000039512.12	88.6193030190276
ENSMUSG00000039515.11	6828.87298002777
ENSMUSG00000039518.7	3.13183286333686
ENSMUSG00000039519.6	118.951938586112
ENSMUSG00000039521.13	26.3371157232787
ENSMUSG00000039523.16	252.694173385328
ENSMUSG00000039529.9	0
ENSMUSG00000039530.17	7910.95731490293
ENSMUSG00000039531.8	147.064119572229
ENSMUSG00000039533.8	463.566820395178
ENSMUSG00000039536.16	1091.53211287007
ENSMUSG00000039539.13	115.062226015499
ENSMUSG00000039540.9	0
ENSMUSG00000039542.16	3821.57540208517
ENSMUSG00000039543.16	1.43620108435596
ENSMUSG00000039545.16	0
ENSMUSG00000039546.9	988.617248471973
ENSMUSG00000039552.14	0
ENSMUSG00000039555.15	0
ENSMUSG00000039556.16	882.63025897267
ENSMUSG00000039563.6	132.558597860782
ENSMUSG00000039568.6	4644.01552388232
ENSMUSG00000039577.17	63.609959333771
ENSMUSG00000039578.17	91.8155878054155
ENSMUSG00000039579.15	358.301473952952
ENSMUSG00000039585.15	84.8392055349785
ENSMUSG00000039599.16	727.995987936723
ENSMUSG00000039601.16	6376.79239745625
ENSMUSG00000039607.17	229.638955826127
ENSMUSG00000039608.6	0
ENSMUSG00000039611.2	1898.26949897785
ENSMUSG00000039615.9	13065.1684563027
ENSMUSG00000039616.10	3.36819819663748
ENSMUSG00000039617.8	3.70796751108492
ENSMUSG00000039620.17	226.384992030635
ENSMUSG00000039621.13	443.060840253468
ENSMUSG00000039623.13	112.615737135869
ENSMUSG00000039628.9	0
ENSMUSG00000039629.14	230.437753921355
ENSMUSG00000039630.10	2259.02513986035
ENSMUSG00000039632.13	308.408975020645
ENSMUSG00000039633.7	225.191024057562
ENSMUSG00000039634.12	88.4440499691817
ENSMUSG00000039637.15	1026.72387836449
ENSMUSG00000039639.7	0
ENSMUSG00000039640.7	6053.23406814852
ENSMUSG00000039646.5	69.8024314350309
ENSMUSG00000039648.14	377.646320709022
ENSMUSG00000039652.16	437.346155095582
ENSMUSG00000039653.9	0
ENSMUSG00000039656.17	2668.84283303272
ENSMUSG00000039660.16	1138.36331712117
ENSMUSG00000039661.14	5467.05890319459
ENSMUSG00000039662.16	1764.3236710096
ENSMUSG00000039670.2	537.059522372592
ENSMUSG00000039671.18	805.482680390277
ENSMUSG00000039672.12	0
ENSMUSG00000039676.4	0
ENSMUSG00000039678.12	621.985527325491
ENSMUSG00000039680.10	3265.08076905265
ENSMUSG00000039682.12	596.574147213687
ENSMUSG00000039683.16	44.6085336475947
ENSMUSG00000039684.9	5.57841537772154
ENSMUSG00000039686.14	1447.24002895481
ENSMUSG00000039691.10	0
ENSMUSG00000039693.11	482.239119917397
ENSMUSG00000039697.16	592.600194575124
ENSMUSG00000039699.14	0
ENSMUSG00000039701.11	58.9430158731732
ENSMUSG00000039703.15	506.078684607965
ENSMUSG00000039704.7	183.277860468488
ENSMUSG00000039706.11	704.855344269343
ENSMUSG00000039710.14	0
ENSMUSG00000039713.17	511.28184309908
ENSMUSG00000039714.9	1119.28520457061
ENSMUSG00000039715.8	1379.94463687433
ENSMUSG00000039716.12	1482.02771253184
ENSMUSG00000039717.16	3210.77629409771
ENSMUSG00000039720.7	11.2151339962467
ENSMUSG00000039725.6	572.85053356144
ENSMUSG00000039728.15	440.755615007606
ENSMUSG00000039735.16	496.300063811924
ENSMUSG00000039737.11	2904.72891244546
ENSMUSG00000039738.16	186.382195925429
ENSMUSG00000039740.6	2491.38939765502
ENSMUSG00000039741.15	137.496551514044
ENSMUSG00000039742.15	0
ENSMUSG00000039745.8	380.302520228352
ENSMUSG00000039747.11	886.51135714582
ENSMUSG00000039748.11	0
ENSMUSG00000039753.16	738.017029113557
ENSMUSG00000039754.10	181.955581669428
ENSMUSG00000039756.12	938.591819399097
ENSMUSG00000039759.10	1144.00696471156
ENSMUSG00000039760.8	0
ENSMUSG00000039763.10	212.244458594325
ENSMUSG00000039765.15	74.4842628216798
ENSMUSG00000039768.16	2394.92918267229
ENSMUSG00000039770.6	3991.18318133824
ENSMUSG00000039771.13	5966.28611429533
ENSMUSG00000039774.12	45.8103045169208
ENSMUSG00000039775.7	0
ENSMUSG00000039781.14	809.164274112027
ENSMUSG00000039782.15	139.718504251093
ENSMUSG00000039783.15	0
ENSMUSG00000039785.5	0
ENSMUSG00000039787.13	107.4385154719
ENSMUSG00000039789.7	209.467657510507
ENSMUSG00000039795.14	347.273703101536
ENSMUSG00000039798.2	13.6680836739739
ENSMUSG00000039801.7	47.566018597051
ENSMUSG00000039804.15	632.965513240252
ENSMUSG00000039809.10	2664.63363867792
ENSMUSG00000039810.11	586.661410236847
ENSMUSG00000039813.14	17.9705694563793
ENSMUSG00000039814.15	0
ENSMUSG00000039824.4	2491.73884256082
ENSMUSG00000039826.13	596.849995202028
ENSMUSG00000039828.7	1240.40538075597
ENSMUSG00000039830.9	87.7435059435733
ENSMUSG00000039831.16	34.8216105699408
ENSMUSG00000039834.17	162.305672881445
ENSMUSG00000039835.16	12.7435341027299
ENSMUSG00000039838.11	1695.59597929289
ENSMUSG00000039840.8	97.9438576763045
ENSMUSG00000039841.14	13.0469419206376
ENSMUSG00000039842.15	184.716496056475
ENSMUSG00000039844.20	715.948909141965
ENSMUSG00000039849.6	997.377684941731
ENSMUSG00000039850.16	228.178035166441
ENSMUSG00000039851.11	19.3653839790085
ENSMUSG00000039852.17	921.519737840476
ENSMUSG00000039853.18	0
ENSMUSG00000039860.19	1264.62201260508
ENSMUSG00000039865.8	23.7118468846967
ENSMUSG00000039873.4	279.952748732934
ENSMUSG00000039878.13	0
ENSMUSG00000039879.9	66.7152935614321
ENSMUSG00000039883.5	1.57690290959288
ENSMUSG00000039886.8	761.105393376041
ENSMUSG00000039887.11	415.626044296881
ENSMUSG00000039891.6	2.23715277894996
ENSMUSG00000039899.5	10.0551866508374
ENSMUSG00000039901.10	327.37085562861
ENSMUSG00000039903.18	89.6356146502087
ENSMUSG00000039904.9	71.3917877670438
ENSMUSG00000039908.14	80.8919075900168
ENSMUSG00000039910.10	1921.33723238264
ENSMUSG00000039911.13	37.2132294831182
ENSMUSG00000039913.12	90.6596667544729
ENSMUSG00000039914.6	1986.3123240217
ENSMUSG00000039917.10	1360.69866841958
ENSMUSG00000039929.14	75.8101309530161
ENSMUSG00000039934.12	1.32708538315182
ENSMUSG00000039936.18	143.562429426493
ENSMUSG00000039942.15	24.4743771181402
ENSMUSG00000039943.16	886.346809669633
ENSMUSG00000039952.15	827.850525212746
ENSMUSG00000039953.13	24514.7959646736
ENSMUSG00000039954.9	246.889224323585
ENSMUSG00000039956.9	0
ENSMUSG00000039958.17	114.814468453669
ENSMUSG00000039959.13	117.700229180766
ENSMUSG00000039960.5	251.993161185944
ENSMUSG00000039962.3	0
ENSMUSG00000039963.20	10.3720154503006
ENSMUSG00000039967.14	41.0326847758682
ENSMUSG00000039968.9	69.7385725320951
ENSMUSG00000039976.4	304.124685592302
ENSMUSG00000039977.16	9.75689753287178
ENSMUSG00000039981.6	0
ENSMUSG00000039982.8	185.080079810287
ENSMUSG00000039983.13	2527.59496111601
ENSMUSG00000039985.14	1.3796769038981
ENSMUSG00000039987.15	224.609801921457
ENSMUSG00000039988.14	465.884093312856
ENSMUSG00000039989.7	1686.84000607979
ENSMUSG00000039990.16	493.081743646518
ENSMUSG00000039994.15	192.947240716984
ENSMUSG00000039997.16	0
ENSMUSG00000040003.18	972.427674479584
ENSMUSG00000040006.13	413.988965451384
ENSMUSG00000040007.8	459.656008793096
ENSMUSG00000040009.6	1409.44676337582
ENSMUSG00000040010.10	574.879473856771
ENSMUSG00000040013.11	24.4249379674802
ENSMUSG00000040016.16	7.28815479312815
ENSMUSG00000040017.8	0
ENSMUSG00000040018.9	278.80522359836
ENSMUSG00000040021.13	106.963756052273
ENSMUSG00000040022.14	338.094875334683
ENSMUSG00000040025.17	571.83665643389
ENSMUSG00000040026.8	0
ENSMUSG00000040028.10	614.977558931021
ENSMUSG00000040029.15	335.462989640079
ENSMUSG00000040033.16	176.389370021447
ENSMUSG00000040034.15	113.682299418921
ENSMUSG00000040035.14	3608.62986886829
ENSMUSG00000040037.13	1174.13784859313
ENSMUSG00000040040.16	138.25205914086
ENSMUSG00000040043.17	253.939890166352
ENSMUSG00000040044.11	558.56224448168
ENSMUSG00000040046.14	5.77801346387728
ENSMUSG00000040048.14	23853.7340010861
ENSMUSG00000040054.17	143.033798811134
ENSMUSG00000040055.9	258.093683957757
ENSMUSG00000040061.17	6.38570302407309
ENSMUSG00000040065.8	0
ENSMUSG00000040078.9	531.09748540348
ENSMUSG00000040084.9	0
ENSMUSG00000040086.13	4.95028222934245
ENSMUSG00000040093.16	36.8935916410039
ENSMUSG00000040097.16	18188.6856568273
ENSMUSG00000040102.10	83.2824965208888
ENSMUSG00000040105.3	891.66704281613
ENSMUSG00000040111.17	1924.14973951972
ENSMUSG00000040112.9	4705.29457083576
ENSMUSG00000040113.14	0
ENSMUSG00000040118.15	259.754421184694
ENSMUSG00000040121.5	0
ENSMUSG00000040123.17	298.268643165893
ENSMUSG00000040124.5	123.893231878971
ENSMUSG00000040125.4	329.93963149832
ENSMUSG00000040127.13	0
ENSMUSG00000040128.9	2064.41488347072
ENSMUSG00000040132.6	0
ENSMUSG00000040133.2	353.919773167785
ENSMUSG00000040134.8	0
ENSMUSG00000040136.10	540.002587569772
ENSMUSG00000040138.7	91.5058440357502
ENSMUSG00000040139.14	84.9894581052293
ENSMUSG00000040140.15	0
ENSMUSG00000040146.9	67.4892784465752
ENSMUSG00000040147.14	164.299156816201
ENSMUSG00000040148.5	9.56322964786844
ENSMUSG00000040151.9	300.186563853334
ENSMUSG00000040152.8	13.1669504650112
ENSMUSG00000040154.11	0
ENSMUSG00000040158.12	340.08817199993
ENSMUSG00000040163.14	0
ENSMUSG00000040164.3	286.215228419377
ENSMUSG00000040165.14	0
ENSMUSG00000040167.16	121.698558067224
ENSMUSG00000040170.13	3.69236171857861
ENSMUSG00000040174.14	762.0776030376
ENSMUSG00000040177.10	525.467352429393
ENSMUSG00000040181.14	57.3251009408737
ENSMUSG00000040183.13	354.641447436447
ENSMUSG00000040187.15	66.2058268592711
ENSMUSG00000040188.10	312.06781549692
ENSMUSG00000040189.18	0
ENSMUSG00000040195.11	10.9450601511324
ENSMUSG00000040197.4	18.0733804174109
ENSMUSG00000040204.6	0
ENSMUSG00000040205.8	2.99884029959807
ENSMUSG00000040209.12	75.4087499697537
ENSMUSG00000040212.12	0
ENSMUSG00000040213.13	142.835480399964
ENSMUSG00000040217.7	0
ENSMUSG00000040219.4	22.8540901053798
ENSMUSG00000040220.10	939.104157567079
ENSMUSG00000040225.15	522.850385872424
ENSMUSG00000040229.11	6.30052660857364
ENSMUSG00000040231.16	0
ENSMUSG00000040234.16	304.0701277417
ENSMUSG00000040236.4	1260.61238512484
ENSMUSG00000040242.14	1416.70748318572
ENSMUSG00000040247.6	48.3029553307841
ENSMUSG00000040249.15	13965.5717778218
ENSMUSG00000040250.14	374.175217916598
ENSMUSG00000040253.15	0
ENSMUSG00000040254.11	18.00942787972
ENSMUSG00000040258.6	357.942603148477
ENSMUSG00000040260.8	82.1220810017044
ENSMUSG00000040263.16	1095.63422027669
ENSMUSG00000040264.10	1.18569690304463
ENSMUSG00000040265.16	650.074299622848
ENSMUSG00000040268.17	961.83833276284
ENSMUSG00000040269.5	2074.17359127552
ENSMUSG00000040270.16	14.1876005065091
ENSMUSG00000040272.14	65.3209160009931
ENSMUSG00000040274.11	3.09728163872789
ENSMUSG00000040276.15	7541.45518912917
ENSMUSG00000040280.10	43.0514500944848
ENSMUSG00000040282.13	221.20380649537
ENSMUSG00000040283.14	0
ENSMUSG00000040284.4	0
ENSMUSG00000040287.9	20.7941879177165
ENSMUSG00000040289.8	1167.70682634762
ENSMUSG00000040296.15	65.0197242056213
ENSMUSG00000040297.12	166.249475128885
ENSMUSG00000040298.6	0.483779567695695
ENSMUSG00000040302.17	334.684791190959
ENSMUSG00000040310.12	9.0647494236318
ENSMUSG00000040312.14	133.127616267147
ENSMUSG00000040314.2	0
ENSMUSG00000040321.3	137.756200689764
ENSMUSG00000040322.10	0
ENSMUSG00000040323.13	0
ENSMUSG00000040325.16	493.885223479497
ENSMUSG00000040327.16	374.322817502123
ENSMUSG00000040328.16	0
ENSMUSG00000040329.14	0
ENSMUSG00000040331.16	2523.72600424943
ENSMUSG00000040339.10	395.317508641961
ENSMUSG00000040340.13	0
ENSMUSG00000040345.10	5.77576622975637
ENSMUSG00000040350.16	39.3958868346361
ENSMUSG00000040351.11	194.249169562616
ENSMUSG00000040354.14	1343.52018656766
ENSMUSG00000040356.16	773.752327623157
ENSMUSG00000040359.14	235.458418274901
ENSMUSG00000040363.15	219.997104195611
ENSMUSG00000040364.8	2.72658164353294
ENSMUSG00000040365.14	634.161697235861
ENSMUSG00000040367.2	15.285155893478
ENSMUSG00000040370.13	651.845557072314
ENSMUSG00000040372.2	19.2198443580947
ENSMUSG00000040373.12	499.34353667809
ENSMUSG00000040374.13	586.127567286791
ENSMUSG00000040380.14	60.168913297714
ENSMUSG00000040383.16	245.523655056112
ENSMUSG00000040385.7	15953.2880925721
ENSMUSG00000040387.16	90.4531084848594
ENSMUSG00000040389.15	1044.66954097603
ENSMUSG00000040390.13	1617.55671693828
ENSMUSG00000040396.12	221.840803733892
ENSMUSG00000040405.13	0
ENSMUSG00000040407.18	496.486240916525
ENSMUSG00000040410.14	269.3731762423
ENSMUSG00000040412.17	384.607034763783
ENSMUSG00000040413.15	0
ENSMUSG00000040414.8	1177.55632865322
ENSMUSG00000040415.15	7102.40609874372
ENSMUSG00000040420.15	561.95996883774
ENSMUSG00000040423.11	85.5464288397796
ENSMUSG00000040424.15	0
ENSMUSG00000040428.19	30.3787038665636
ENSMUSG00000040429.6	29.568856870241
ENSMUSG00000040430.18	432.247680260599
ENSMUSG00000040432.5	0
ENSMUSG00000040433.16	107.052022414689
ENSMUSG00000040434.16	87.2641896325344
ENSMUSG00000040435.12	291.654970724888
ENSMUSG00000040441.12	21.4014093041371
ENSMUSG00000040446.4	1720.63678425584
ENSMUSG00000040447.15	582.219408669435
ENSMUSG00000040451.18	314.701948425646
ENSMUSG00000040452.9	13.6723596611206
ENSMUSG00000040455.17	171.379567299485
ENSMUSG00000040456.2	0
ENSMUSG00000040459.11	1408.35329670649
ENSMUSG00000040462.13	4895.14989830664
ENSMUSG00000040463.16	1057.40583399104
ENSMUSG00000040464.15	109.581908649472
ENSMUSG00000040466.16	1532.65324674976
ENSMUSG00000040467.1	0
ENSMUSG00000040471.17	0
ENSMUSG00000040472.15	1125.89304044522
ENSMUSG00000040473.15	78.0764977755379
ENSMUSG00000040478.14	0
ENSMUSG00000040479.12	4841.2902508613
ENSMUSG00000040481.17	311.059556454672
ENSMUSG00000040482.16	859.626446893984
ENSMUSG00000040483.15	153.067730372578
ENSMUSG00000040485.5	0
ENSMUSG00000040488.18	79.6893564310653
ENSMUSG00000040489.5	0
ENSMUSG00000040490.4	217.928899726335
ENSMUSG00000040495.4	1007.31732630485
ENSMUSG00000040498.7	0
ENSMUSG00000040502.5	615.951859768775
ENSMUSG00000040505.13	2.15366178904118
ENSMUSG00000040506.16	345.42884873461
ENSMUSG00000040511.14	71.9304685127767
ENSMUSG00000040514.6	0
ENSMUSG00000040520.7	222.037436719472
ENSMUSG00000040521.11	1943.06299247823
ENSMUSG00000040522.5	0
ENSMUSG00000040524.9	140.665619798301
ENSMUSG00000040525.13	0
ENSMUSG00000040528.15	0
ENSMUSG00000040532.14	1752.67279207499
ENSMUSG00000040533.7	0
ENSMUSG00000040536.15	998.933207915591
ENSMUSG00000040537.17	1233.61242897065
ENSMUSG00000040540.6	0
ENSMUSG00000040541.8	0
ENSMUSG00000040543.16	294.888178816346
ENSMUSG00000040548.16	1189.64903878527
ENSMUSG00000040549.16	875.752224406607
ENSMUSG00000040550.17	652.052021707173
ENSMUSG00000040552.8	7.6652843748357
ENSMUSG00000040554.10	0
ENSMUSG00000040557.14	174.879135057441
ENSMUSG00000040560.10	493.983664818627
ENSMUSG00000040562.12	89.5377039080241
ENSMUSG00000040563.13	2957.44581012873
ENSMUSG00000040564.14	0
ENSMUSG00000040565.8	31.2674537497981
ENSMUSG00000040569.13	0
ENSMUSG00000040570.14	503.540839419003
ENSMUSG00000040576.8	0
ENSMUSG00000040583.8	0
ENSMUSG00000040584.8	33.4716158833897
ENSMUSG00000040586.8	96.990967985869
ENSMUSG00000040591.18	6059.14885077792
ENSMUSG00000040592.11	0
ENSMUSG00000040594.19	29.8683320284371
ENSMUSG00000040596.15	258.221869937404
ENSMUSG00000040599.13	697.6930033754
ENSMUSG00000040600.9	0
ENSMUSG00000040601.13	0
ENSMUSG00000040605.7	60.920269783723
ENSMUSG00000040606.13	2500.62528019928
ENSMUSG00000040610.7	0
ENSMUSG00000040612.13	306.601855459999
ENSMUSG00000040613.14	37.7259421901206
ENSMUSG00000040614.14	0
ENSMUSG00000040616.3	10.9418765694611
ENSMUSG00000040618.7	460.487329359908
ENSMUSG00000040620.15	140.037424226752
ENSMUSG00000040621.14	384.520235345863
ENSMUSG00000040624.18	25.1996407190786
ENSMUSG00000040627.14	0
ENSMUSG00000040629.8	0
ENSMUSG00000040631.8	597.330279072202
ENSMUSG00000040632.16	1.77038352508614
ENSMUSG00000040640.11	1228.17842959678
ENSMUSG00000040648.14	150.586502998829
ENSMUSG00000040649.15	267.650952192888
ENSMUSG00000040650.8	17.7999045095303
ENSMUSG00000040651.9	63.8060305108203
ENSMUSG00000040652.16	9527.50346314167
ENSMUSG00000040653.6	176.44779810859
ENSMUSG00000040657.3	0
ENSMUSG00000040658.7	165.584325040681
ENSMUSG00000040659.3	4431.70764334724
ENSMUSG00000040660.6	0
ENSMUSG00000040661.6	109.684750822089
ENSMUSG00000040663.9	0
ENSMUSG00000040666.19	378.954148544222
ENSMUSG00000040667.11	1572.88959914561
ENSMUSG00000040669.14	458.003823540453
ENSMUSG00000040675.17	172.140256049413
ENSMUSG00000040680.9	36.7687140893684
ENSMUSG00000040681.16	2807.58272924733
ENSMUSG00000040687.16	2720.38077551531
ENSMUSG00000040688.16	831.158485050309
ENSMUSG00000040690.15	120.721011224628
ENSMUSG00000040693.7	15.7481485455553
ENSMUSG00000040694.4	0
ENSMUSG00000040697.10	544.877181705459
ENSMUSG00000040699.13	2082.58199227792
ENSMUSG00000040701.16	33.8716235569115
ENSMUSG00000040703.11	277.515467270883
ENSMUSG00000040705.2	12.9335502322868
ENSMUSG00000040706.4	125.400938704591
ENSMUSG00000040710.10	63.0236497093088
ENSMUSG00000040711.8	41.5967717518014
ENSMUSG00000040712.16	1818.39237365135
ENSMUSG00000040713.12	1627.50122730866
ENSMUSG00000040714.14	118.383232295597
ENSMUSG00000040715.12	296.55412837798
ENSMUSG00000040717.6	3.73777457477197
ENSMUSG00000040720.15	78.5812827399471
ENSMUSG00000040721.9	96.8614399080666
ENSMUSG00000040722.7	9563.51027122929
ENSMUSG00000040723.14	154.324277573601
ENSMUSG00000040724.5	1084.82873833374
ENSMUSG00000040725.13	1130.33835044065
ENSMUSG00000040726.10	0
ENSMUSG00000040728.15	0
ENSMUSG00000040729.8	193.25804568054
ENSMUSG00000040731.13	10357.3899512564
ENSMUSG00000040732.20	15.0671429721648
ENSMUSG00000040734.14	35.6794609840128
ENSMUSG00000040738.10	225.566749117944
ENSMUSG00000040740.7	49.009679250225
ENSMUSG00000040746.15	3956.29187529897
ENSMUSG00000040747.9	126.242153343851
ENSMUSG00000040749.11	238.336251259405
ENSMUSG00000040751.12	77.0601237211867
ENSMUSG00000040752.16	1119.51885449602
ENSMUSG00000040759.9	422.103665438816
ENSMUSG00000040760.11	256.927182179495
ENSMUSG00000040761.16	118.663137789991
ENSMUSG00000040767.10	2176.15663380307
ENSMUSG00000040770.5	21.9620630057189
ENSMUSG00000040771.14	1039.53542251096
ENSMUSG00000040774.15	913.265802972302
ENSMUSG00000040775.6	0
ENSMUSG00000040782.12	1260.833644051
ENSMUSG00000040785.19	9973.74026943968
ENSMUSG00000040794.5	17915.7776125244
ENSMUSG00000040795.12	1109.91941940954
ENSMUSG00000040797.16	702.033067906161
ENSMUSG00000040808.4	0
ENSMUSG00000040809.10	0
ENSMUSG00000040811.15	5720.62775003831
ENSMUSG00000040812.14	38.7149436844157
ENSMUSG00000040813.16	3754.64396829752
ENSMUSG00000040818.10	275.892714542907
ENSMUSG00000040820.16	115.362699944416
ENSMUSG00000040822.7	615.345012921375
ENSMUSG00000040824.3	4972.87333063251
ENSMUSG00000040828.10	13.8049776858393
ENSMUSG00000040829.14	0
ENSMUSG00000040836.15	81.1774935928823
ENSMUSG00000040838.10	0
ENSMUSG00000040840.7	0
ENSMUSG00000040841.5	0
ENSMUSG00000040842.17	737.817899201176
ENSMUSG00000040843.10	746.183696390035
ENSMUSG00000040848.11	80.5990180762583
ENSMUSG00000040850.17	145.600858043667
ENSMUSG00000040852.6	14.2412220095607
ENSMUSG00000040855.15	865.892515912704
ENSMUSG00000040856.17	1155.36426747754
ENSMUSG00000040857.15	638.488528054576
ENSMUSG00000040859.14	1290.43674003
ENSMUSG00000040860.16	266.157196945769
ENSMUSG00000040865.15	28.3349380683518
ENSMUSG00000040866.13	0
ENSMUSG00000040867.13	1722.45963445534
ENSMUSG00000040875.12	345.927360170432
ENSMUSG00000040877.16	391.628829890414
ENSMUSG00000040883.18	1600.72792968483
ENSMUSG00000040888.10	1186.4481346843
ENSMUSG00000040891.6	0
ENSMUSG00000040896.16	332.896773120341
ENSMUSG00000040899.14	0
ENSMUSG00000040901.8	0
ENSMUSG00000040904.10	192.345543781111
ENSMUSG00000040907.15	62877.4454689037
ENSMUSG00000040913.11	1051.13608200529
ENSMUSG00000040918.12	164.009450884114
ENSMUSG00000040919.13	36.5598149508789
ENSMUSG00000040928.15	549.351050301169
ENSMUSG00000040929.17	84.3604198208848
ENSMUSG00000040935.12	0
ENSMUSG00000040936.15	52.1830235216287
ENSMUSG00000040938.16	252.93459622468
ENSMUSG00000040940.18	281.697694816235
ENSMUSG00000040943.12	102.156891056064
ENSMUSG00000040945.13	1544.20609009584
ENSMUSG00000040950.13	47.9915261355282
ENSMUSG00000040952.16	17134.9445310905
ENSMUSG00000040957.15	327.053496232202
ENSMUSG00000040963.15	0
ENSMUSG00000040964.16	517.893330729134
ENSMUSG00000040966.10	0
ENSMUSG00000040969.14	0
ENSMUSG00000040972.8	963.462458800557
ENSMUSG00000040978.4	0
ENSMUSG00000040985.13	0
ENSMUSG00000040987.15	2.22117244742349
ENSMUSG00000040990.17	1161.82687584709
ENSMUSG00000040997.14	313.883830359295
ENSMUSG00000040998.18	191.827556316242
ENSMUSG00000041000.8	569.102053413009
ENSMUSG00000041009.8	0
ENSMUSG00000041012.4	0
ENSMUSG00000041014.17	302.680182226333
ENSMUSG00000041020.14	4004.41049500867
ENSMUSG00000041025.15	195.23436324354
ENSMUSG00000041028.16	11281.2347024876
ENSMUSG00000041035.9	3418.71873508341
ENSMUSG00000041037.8	862.260860726975
ENSMUSG00000041040.12	512.027737557711
ENSMUSG00000041044.9	0
ENSMUSG00000041046.7	1042.66229273228
ENSMUSG00000041052.8	0
ENSMUSG00000041057.10	687.945375683277
ENSMUSG00000041058.15	193.75249961031
ENSMUSG00000041062.7	0
ENSMUSG00000041064.14	20.108157279139
ENSMUSG00000041068.6	0
ENSMUSG00000041073.10	1551.38722036396
ENSMUSG00000041075.8	19.6331169552468
ENSMUSG00000041078.7	1772.80691739286
ENSMUSG00000041079.12	470.29578843122
ENSMUSG00000041084.8	2224.66705253943
ENSMUSG00000041096.13	2732.00234677159
ENSMUSG00000041112.17	2346.34473005628
ENSMUSG00000041115.16	1100.08505472266
ENSMUSG00000041117.8	8.89539536335329
ENSMUSG00000041119.12	1701.13900073321
ENSMUSG00000041120.6	618.494449118658
ENSMUSG00000041124.11	1365.06454493115
ENSMUSG00000041126.16	2672.31178222578
ENSMUSG00000041130.10	659.474604796951
ENSMUSG00000041132.11	1369.80508530921
ENSMUSG00000041133.11	2082.18098583368
ENSMUSG00000041134.15	11.0668789674367
ENSMUSG00000041135.15	59.8258979784253
ENSMUSG00000041138.16	0
ENSMUSG00000041141.7	2821.01891084466
ENSMUSG00000041143.16	26.8821948439392
ENSMUSG00000041144.12	0
ENSMUSG00000041147.10	41.9104793927633
ENSMUSG00000041153.9	230.039931058784
ENSMUSG00000041161.8	195.274969515641
ENSMUSG00000041164.15	2710.41919240792
ENSMUSG00000041165.6	0
ENSMUSG00000041168.10	1508.13507977784
ENSMUSG00000041180.13	36.530476060967
ENSMUSG00000041187.16	51.6973400472472
ENSMUSG00000041189.9	0
ENSMUSG00000041193.15	179.238956521514
ENSMUSG00000041199.3	1822.13860656566
ENSMUSG00000041202.12	0
ENSMUSG00000041203.9	5677.06043486673
ENSMUSG00000041205.8	657.97704173646
ENSMUSG00000041215.16	264.348142266852
ENSMUSG00000041216.15	1074.99964840473
ENSMUSG00000041219.14	28.6599755146733
ENSMUSG00000041220.10	669.735038830831
ENSMUSG00000041225.16	391.956083359271
ENSMUSG00000041229.15	280.837909283892
ENSMUSG00000041231.15	2297.26201569713
ENSMUSG00000041235.12	132.910071519609
ENSMUSG00000041236.8	2620.29227619803
ENSMUSG00000041237.12	0
ENSMUSG00000041238.16	127.162863890139
ENSMUSG00000041241.12	1237.30129499171
ENSMUSG00000041245.13	88.4446742008819
ENSMUSG00000041247.8	0.495421488905404
ENSMUSG00000041248.9	0
ENSMUSG00000041255.2	0
ENSMUSG00000041258.18	91.2529365623929
ENSMUSG00000041261.9	1511.70493602525
ENSMUSG00000041263.14	4150.94570306127
ENSMUSG00000041264.16	498.173195874872
ENSMUSG00000041268.17	449.371697896681
ENSMUSG00000041272.11	166.132150780822
ENSMUSG00000041278.10	2652.31046220214
ENSMUSG00000041287.5	0
ENSMUSG00000041293.5	0
ENSMUSG00000041297.8	424.707211014229
ENSMUSG00000041298.15	563.613745881219
ENSMUSG00000041301.15	8.04622176991479
ENSMUSG00000041303.7	126.9065855656
ENSMUSG00000041308.6	11.4387337912771
ENSMUSG00000041309.17	119.248760759583
ENSMUSG00000041313.14	246.022260126689
ENSMUSG00000041319.14	369.500346713407
ENSMUSG00000041323.6	24.2126055546393
ENSMUSG00000041324.14	31.4828136863852
ENSMUSG00000041328.16	255.707121321352
ENSMUSG00000041329.13	3492.57080725066
ENSMUSG00000041333.6	0
ENSMUSG00000041341.10	335.311394971673
ENSMUSG00000041343.19	400.644514702406
ENSMUSG00000041346.11	655.872257289548
ENSMUSG00000041347.5	0
ENSMUSG00000041351.16	8285.50803939881
ENSMUSG00000041353.12	557.422771936039
ENSMUSG00000041354.16	181.188556967743
ENSMUSG00000041355.13	5181.36571974613
ENSMUSG00000041358.1	0
ENSMUSG00000041359.14	0
ENSMUSG00000041360.8	1713.64279865146
ENSMUSG00000041361.13	0.740370008084489
ENSMUSG00000041362.17	502.495688283271
ENSMUSG00000041372.10	9.035566591645
ENSMUSG00000041375.18	3350.2184509751
ENSMUSG00000041377.12	0
ENSMUSG00000041378.2	43.155634365257
ENSMUSG00000041380.13	657.840022878254
ENSMUSG00000041390.18	6.31981536811144
ENSMUSG00000041396.13	213.294447525735
ENSMUSG00000041399.3	0
ENSMUSG00000041406.14	80.8574500001628
ENSMUSG00000041408.18	472.957075438907
ENSMUSG00000041415.10	118.984117730261
ENSMUSG00000041417.15	696.929099832216
ENSMUSG00000041420.18	5442.69885411235
ENSMUSG00000041423.16	64.4518606279016
ENSMUSG00000041426.12	291.008672434031
ENSMUSG00000041429.3	387.339140857863
ENSMUSG00000041431.16	0
ENSMUSG00000041438.8	430.659915719422
ENSMUSG00000041439.15	1227.81674974966
ENSMUSG00000041440.18	15.5409972558265
ENSMUSG00000041444.14	596.667126525439
ENSMUSG00000041445.9	0
ENSMUSG00000041449.16	0
ENSMUSG00000041453.12	23484.2527870743
ENSMUSG00000041459.15	2515.93812076866
ENSMUSG00000041460.16	21.8674294799606
ENSMUSG00000041468.7	729.398574144021
ENSMUSG00000041471.9	26.0753129481928
ENSMUSG00000041476.12	94.0214041530128
ENSMUSG00000041477.14	327.055212869378
ENSMUSG00000041479.14	0
ENSMUSG00000041481.17	51.9350474787034
ENSMUSG00000041482.17	0
ENSMUSG00000041483.14	106.998588181147
ENSMUSG00000041488.16	164.142568294193
ENSMUSG00000041491.8	194.643902478271
ENSMUSG00000041498.13	0
ENSMUSG00000041505.15	0
ENSMUSG00000041506.15	911.83921505613
ENSMUSG00000041512.3	0
ENSMUSG00000041515.10	84.4799914030682
ENSMUSG00000041523.3	0
ENSMUSG00000041528.15	851.703417250114
ENSMUSG00000041530.17	344.80998542698
ENSMUSG00000041534.9	12.4017360352567
ENSMUSG00000041536.13	0
ENSMUSG00000041538.16	0
ENSMUSG00000041540.16	39.6591877658026
ENSMUSG00000041544.11	209.494967647393
ENSMUSG00000041548.4	238.683074392065
ENSMUSG00000041550.4	10.9774889879605
ENSMUSG00000041552.7	0
ENSMUSG00000041556.8	3761.53857621523
ENSMUSG00000041559.7	59.3073174934405
ENSMUSG00000041560.12	6738.74028967465
ENSMUSG00000041565.17	0
ENSMUSG00000041566.3	0
ENSMUSG00000041567.3	0
ENSMUSG00000041570.14	692.881581487779
ENSMUSG00000041571.9	42418.3577685747
ENSMUSG00000041577.5	73.7927389441401
ENSMUSG00000041578.15	0
ENSMUSG00000041583.8	0
ENSMUSG00000041592.16	31.3450769617245
ENSMUSG00000041594.18	825.50113557409
ENSMUSG00000041596.12	0
ENSMUSG00000041598.7	229.757809541855
ENSMUSG00000041605.16	38.2519198207534
ENSMUSG00000041607.17	10761.4649000559
ENSMUSG00000041608.8	569.540014373906
ENSMUSG00000041609.16	1330.1194613309
ENSMUSG00000041616.9	0
ENSMUSG00000041617.10	612.930609551138
ENSMUSG00000041620.8	0
ENSMUSG00000041623.17	292.639602597281
ENSMUSG00000041624.10	16.5943570384176
ENSMUSG00000041625.15	1169.50589331933
ENSMUSG00000041629.7	1136.61587411106
ENSMUSG00000041632.7	1184.61205077276
ENSMUSG00000041633.14	2.74521495978547
ENSMUSG00000041638.18	389.259121509915
ENSMUSG00000041642.18	126.900873845543
ENSMUSG00000041644.14	0
ENSMUSG00000041645.14	5277.56263379769
ENSMUSG00000041649.13	28.4361884501328
ENSMUSG00000041650.15	892.142176774777
ENSMUSG00000041653.5	89.7029068274959
ENSMUSG00000041654.15	492.286316402471
ENSMUSG00000041658.12	2036.58844454539
ENSMUSG00000041660.8	70.3295638943092
ENSMUSG00000041669.15	335.04481682408
ENSMUSG00000041670.17	1058.43609720072
ENSMUSG00000041671.13	137.137680709569
ENSMUSG00000041673.12	0
ENSMUSG00000041674.16	0
ENSMUSG00000041679.9	0
ENSMUSG00000041681.2	0
ENSMUSG00000041684.11	177.734651758661
ENSMUSG00000041685.16	51.5624747884076
ENSMUSG00000041688.16	18.7626258492447
ENSMUSG00000041695.2	195.895705518372
ENSMUSG00000041696.14	0
ENSMUSG00000041697.8	56947.6902676315
ENSMUSG00000041698.11	0
ENSMUSG00000041700.9	0
ENSMUSG00000041702.7	24.1676296606361
ENSMUSG00000041703.7	34.4095552246041
ENSMUSG00000041707.8	0
ENSMUSG00000041708.12	1821.56056801123
ENSMUSG00000041710.4	21.0512153202955
ENSMUSG00000041712.7	450.655617657761
ENSMUSG00000041716.7	670.801008093767
ENSMUSG00000041718.16	259.401855120391
ENSMUSG00000041720.14	4454.71785380086
ENSMUSG00000041722.7	0
ENSMUSG00000041729.15	3068.56248604803
ENSMUSG00000041730.14	8.39123463064436
ENSMUSG00000041731.13	42.1764957318259
ENSMUSG00000041733.10	2296.36540049447
ENSMUSG00000041734.15	90.0331878200995
ENSMUSG00000041735.8	0
ENSMUSG00000041736.7	46.5999888293253
ENSMUSG00000041737.8	0
ENSMUSG00000041740.16	3363.30915153793
ENSMUSG00000041741.10	11.7312175544304
ENSMUSG00000041747.3	162.388477216483
ENSMUSG00000041750.13	0
ENSMUSG00000041754.5	0
ENSMUSG00000041757.17	621.198901748417
ENSMUSG00000041762.16	911.14669240787
ENSMUSG00000041763.14	289.999820371668
ENSMUSG00000041765.6	1001.56868294247
ENSMUSG00000041769.13	1650.99215859464
ENSMUSG00000041771.14	400.537864716417
ENSMUSG00000041773.8	2281.75563208908
ENSMUSG00000041774.16	1012.06535746331
ENSMUSG00000041775.7	1533.9343262566
ENSMUSG00000041777.12	1282.20452842499
ENSMUSG00000041779.5	4.02985258732012
ENSMUSG00000041781.9	277.067206486932
ENSMUSG00000041782.14	0
ENSMUSG00000041789.7	0
ENSMUSG00000041791.6	0
ENSMUSG00000041794.13	359.676718811779
ENSMUSG00000041797.7	12.8101396251469
ENSMUSG00000041798.15	462.749950792228
ENSMUSG00000041801.5	1945.69041491618
ENSMUSG00000041805.3	0
ENSMUSG00000041809.5	11.8541599877952
ENSMUSG00000041815.14	2907.27137694901
ENSMUSG00000041817.14	311.001971080324
ENSMUSG00000041827.15	0
ENSMUSG00000041828.15	133.614142454324
ENSMUSG00000041831.17	0
ENSMUSG00000041836.10	344.802151319142
ENSMUSG00000041837.4	705.777209644275
ENSMUSG00000041840.8	359.362418150701
ENSMUSG00000041841.8	18818.873370213
ENSMUSG00000041842.15	152.772593624698
ENSMUSG00000041845.11	74.2942779037079
ENSMUSG00000041846.15	319.911286810593
ENSMUSG00000041849.7	9.28697590892169
ENSMUSG00000041852.15	516.357439842248
ENSMUSG00000041857.10	0
ENSMUSG00000041859.10	71.6758444022437
ENSMUSG00000041870.16	568.101004246899
ENSMUSG00000041872.9	0
ENSMUSG00000041878.3	0
ENSMUSG00000041879.13	1104.65271413134
ENSMUSG00000041881.13	19731.0830979948
ENSMUSG00000041885.5	0
ENSMUSG00000041886.7	0
ENSMUSG00000041889.7	1638.05430116362
ENSMUSG00000041890.17	117.813932984967
ENSMUSG00000041891.16	303.085027695532
ENSMUSG00000041895.15	57.6855011130145
ENSMUSG00000041907.9	129.392401042346
ENSMUSG00000041911.3	1043.78750158357
ENSMUSG00000041912.12	534.592309000514
ENSMUSG00000041915.9	117.303623570011
ENSMUSG00000041920.14	144.777933393224
ENSMUSG00000041921.16	350.714093694308
ENSMUSG00000041923.15	508.066269553154
ENSMUSG00000041926.15	1246.15773829697
ENSMUSG00000041930.7	436.878137378317
ENSMUSG00000041935.10	73.1617967531098
ENSMUSG00000041936.18	1018.08760157991
ENSMUSG00000041939.14	930.525528580019
ENSMUSG00000041945.12	88.5840339279633
ENSMUSG00000041949.6	56.0979238413473
ENSMUSG00000041954.18	0
ENSMUSG00000041957.15	52.695486535951
ENSMUSG00000041958.10	1466.69508381756
ENSMUSG00000041959.14	1929.56697827243
ENSMUSG00000041961.14	58.1728388014016
ENSMUSG00000041966.18	101.167109272143
ENSMUSG00000041974.10	23.3213899561888
ENSMUSG00000041975.17	456.675676963411
ENSMUSG00000041977.18	573.121013157159
ENSMUSG00000041984.2	0
ENSMUSG00000041986.16	9148.13928800513
ENSMUSG00000041991.18	0
ENSMUSG00000041992.9	365.249203988348
ENSMUSG00000041995.8	224.621568689007
ENSMUSG00000041997.16	1036.68736537856
ENSMUSG00000042002.11	0
ENSMUSG00000042010.16	9.59406669386092
ENSMUSG00000042015.17	492.339844270767
ENSMUSG00000042029.7	46.278072541505
ENSMUSG00000042031.4	0
ENSMUSG00000042032.13	2589.97896060207
ENSMUSG00000042035.11	227.781928941046
ENSMUSG00000042041.7	0
ENSMUSG00000042042.14	103.382101825734
ENSMUSG00000042043.6	10434.8532974443
ENSMUSG00000042045.6	35.998942768202
ENSMUSG00000042046.15	171.108338625725
ENSMUSG00000042050.8	229.884965539196
ENSMUSG00000042055.13	489.97350674145
ENSMUSG00000042063.11	147.570839654909
ENSMUSG00000042064.13	17.6467804734583
ENSMUSG00000042066.16	1744.09013679347
ENSMUSG00000042073.15	151.31925738017
ENSMUSG00000042078.14	4000.94348093388
ENSMUSG00000042079.13	2106.67708621499
ENSMUSG00000042082.7	877.189861223874
ENSMUSG00000042087.5	13.104652141326
ENSMUSG00000042092.5	0
ENSMUSG00000042096.15	52.3404547564323
ENSMUSG00000042097.17	939.97302567066
ENSMUSG00000042099.16	632.492033495611
ENSMUSG00000042102.7	0
ENSMUSG00000042104.18	518.208037140816
ENSMUSG00000042105.18	3525.70739798052
ENSMUSG00000042106.5	105.697907798916
ENSMUSG00000042109.8	3973.6711100657
ENSMUSG00000042111.9	1238.20446462722
ENSMUSG00000042115.4	486.709555238755
ENSMUSG00000042116.3	149.678620413982
ENSMUSG00000042118.7	6.82513092946585
ENSMUSG00000042121.16	152.499429832668
ENSMUSG00000042124.5	0
ENSMUSG00000042129.8	131.447652703842
ENSMUSG00000042133.16	512.399561169967
ENSMUSG00000042138.9	181.411470107903
ENSMUSG00000042148.8	744.260407309972
ENSMUSG00000042155.3	402.374635282825
ENSMUSG00000042156.16	506.977609467914
ENSMUSG00000042157.2	0
ENSMUSG00000042165.8	155.90383346792
ENSMUSG00000042167.6	137.513124865686
ENSMUSG00000042178.6	344.989951426163
ENSMUSG00000042179.6	0
ENSMUSG00000042182.16	3592.21644538819
ENSMUSG00000042184.11	0
ENSMUSG00000042185.14	100.056788346904
ENSMUSG00000042189.5	0
ENSMUSG00000042190.12	17.9869243269259
ENSMUSG00000042195.9	130.765148974371
ENSMUSG00000042197.13	297.065561409997
ENSMUSG00000042198.12	2469.45111787708
ENSMUSG00000042200.3	0
ENSMUSG00000042202.15	248.356793050878
ENSMUSG00000042203.8	735.493260349436
ENSMUSG00000042207.17	393.96913695783
ENSMUSG00000042208.15	181.417587578566
ENSMUSG00000042210.17	718.116678567432
ENSMUSG00000042211.7	226.245288976119
ENSMUSG00000042212.3	0
ENSMUSG00000042213.17	59.6514564297897
ENSMUSG00000042215.8	274.805615036917
ENSMUSG00000042216.13	1154.69992889055
ENSMUSG00000042219.6	0
ENSMUSG00000042225.3	15.6922485967977
ENSMUSG00000042228.14	62.3472946620852
ENSMUSG00000042229.9	731.406571465808
ENSMUSG00000042240.14	0
ENSMUSG00000042243.10	0
ENSMUSG00000042244.4	0
ENSMUSG00000042246.5	11.5976943937464
ENSMUSG00000042248.4	0
ENSMUSG00000042249.11	255.762272192069
ENSMUSG00000042250.13	0
ENSMUSG00000042251.12	52.3435134917636
ENSMUSG00000042254.14	6.40255727997991
ENSMUSG00000042256.5	0
ENSMUSG00000042258.13	601.14517747354
ENSMUSG00000042262.5	0
ENSMUSG00000042265.13	0
ENSMUSG00000042268.10	0
ENSMUSG00000042269.15	0
ENSMUSG00000042271.13	411.992235511786
ENSMUSG00000042272.17	324.045823054045
ENSMUSG00000042275.9	1180.30191815203
ENSMUSG00000042279.13	0
ENSMUSG00000042282.4	0
ENSMUSG00000042284.10	0
ENSMUSG00000042286.13	598.707427837714
ENSMUSG00000042289.11	0
ENSMUSG00000042292.18	655.465320644154
ENSMUSG00000042293.8	722.539828337496
ENSMUSG00000042298.18	839.624877177663
ENSMUSG00000042302.14	571.266795314729
ENSMUSG00000042303.19	1546.81334984987
ENSMUSG00000042305.12	1048.94799383798
ENSMUSG00000042306.11	0
ENSMUSG00000042308.14	255.962556933095
ENSMUSG00000042312.10	269.542093340388
ENSMUSG00000042320.17	5.42778826845061
ENSMUSG00000042323.17	299.426780239372
ENSMUSG00000042328.13	315.194279967635
ENSMUSG00000042331.13	1016.40539078249
ENSMUSG00000042333.16	0
ENSMUSG00000042340.6	40.1979309347055
ENSMUSG00000042345.15	0
ENSMUSG00000042348.10	436.87198869607
ENSMUSG00000042349.13	43.4902537681773
ENSMUSG00000042350.13	1890.39231915237
ENSMUSG00000042351.9	3.29600580050327
ENSMUSG00000042353.9	26.9012963339669
ENSMUSG00000042354.7	2224.77938303389
ENSMUSG00000042357.2	0
ENSMUSG00000042359.18	440.756863471007
ENSMUSG00000042360.12	0
ENSMUSG00000042363.14	594.392988018249
ENSMUSG00000042364.11	57.2792511224902
ENSMUSG00000042367.12	0
ENSMUSG00000042369.8	1295.20540204615
ENSMUSG00000042371.12	0
ENSMUSG00000042372.5	0.705288186530298
ENSMUSG00000042377.8	11.3653241433274
ENSMUSG00000042379.8	4.04898528893286
ENSMUSG00000042380.8	3344.00750161552
ENSMUSG00000042385.14	71.9901138517359
ENSMUSG00000042386.7	0
ENSMUSG00000042388.14	1997.13846803393
ENSMUSG00000042389.13	954.355043140213
ENSMUSG00000042390.9	556.898323673072
ENSMUSG00000042396.10	556.498035095285
ENSMUSG00000042401.8	2178.10008556705
ENSMUSG00000042404.16	171.580788388062
ENSMUSG00000042406.8	6258.07610633699
ENSMUSG00000042408.13	111.926366857696
ENSMUSG00000042410.16	173.835544500959
ENSMUSG00000042414.7	0
ENSMUSG00000042417.5	138.596947155249
ENSMUSG00000042419.8	963.491953748394
ENSMUSG00000042423.9	509.433056072442
ENSMUSG00000042425.18	156.180212053207
ENSMUSG00000042426.6	213.797359795044
ENSMUSG00000042428.6	1958.53969386893
ENSMUSG00000042429.8	1693.24490422865
ENSMUSG00000042433.2	0
ENSMUSG00000042436.12	15.9764300783377
ENSMUSG00000042439.13	291.576504800166
ENSMUSG00000042444.10	182.482089897006
ENSMUSG00000042446.16	309.793021546445
ENSMUSG00000042447.13	170.178139757594
ENSMUSG00000042448.5	19.2906010213183
ENSMUSG00000042451.12	38.409226209217
ENSMUSG00000042453.14	1841.86073896136
ENSMUSG00000042459.8	0
ENSMUSG00000042460.5	36.0078068583456
ENSMUSG00000042462.4	1603.71319294495
ENSMUSG00000042472.11	631.404715508526
ENSMUSG00000042473.8	15.8051721113734
ENSMUSG00000042474.6	0
ENSMUSG00000042476.12	56.3095071761479
ENSMUSG00000042477.7	0
ENSMUSG00000042485.7	175.969636626197
ENSMUSG00000042487.6	1242.09046301922
ENSMUSG00000042489.15	202.755699788297
ENSMUSG00000042492.12	1757.93316140144
ENSMUSG00000042496.18	247.141226660977
ENSMUSG00000042498.16	0
ENSMUSG00000042499.13	0
ENSMUSG00000042500.11	64.5260193538916
ENSMUSG00000042501.12	3.77806873102327
ENSMUSG00000042502.10	2900.19162190901
ENSMUSG00000042505.6	172.494819655156
ENSMUSG00000042506.15	2962.30876234321
ENSMUSG00000042507.15	256.29570939152
ENSMUSG00000042508.16	639.073932543073
ENSMUSG00000042510.7	93.0885210885704
ENSMUSG00000042514.11	35.3831694074879
ENSMUSG00000042515.13	11.0557988547572
ENSMUSG00000042520.16	2153.18284726916
ENSMUSG00000042523.12	852.804062584
ENSMUSG00000042524.14	1785.03886240565
ENSMUSG00000042525.5	0
ENSMUSG00000042529.14	307.606400323631
ENSMUSG00000042532.14	1597.74585000638
ENSMUSG00000042535.9	957.435095984014
ENSMUSG00000042540.12	8.73162817679205
ENSMUSG00000042541.10	4570.42394360358
ENSMUSG00000042548.14	216.094750933068
ENSMUSG00000042549.10	0
ENSMUSG00000042554.10	16.7940487593284
ENSMUSG00000042557.14	598.93024734312
ENSMUSG00000042558.16	868.753588276056
ENSMUSG00000042564.13	29.3492209465071
ENSMUSG00000042567.20	1.86938667274619
ENSMUSG00000042569.13	1059.0463148993
ENSMUSG00000042570.14	319.070883672543
ENSMUSG00000042572.12	3167.85140698045
ENSMUSG00000042579.2	167.984995313512
ENSMUSG00000042581.14	93.436124510856
ENSMUSG00000042589.18	477.150039769503
ENSMUSG00000042590.17	526.674710172436
ENSMUSG00000042594.16	233.407255331041
ENSMUSG00000042595.7	19.2342641103705
ENSMUSG00000042596.7	0
ENSMUSG00000042599.8	54.047884514548
ENSMUSG00000042604.5	351.271220486783
ENSMUSG00000042605.16	2192.4477390815
ENSMUSG00000042606.9	2410.04411058111
ENSMUSG00000042607.15	15.1904287329647
ENSMUSG00000042608.15	231.082522844546
ENSMUSG00000042613.9	111.868968752857
ENSMUSG00000042616.8	2211.15224895945
ENSMUSG00000042622.14	10.0414535534319
ENSMUSG00000042625.16	2115.60553464687
ENSMUSG00000042626.13	50.4392010553883
ENSMUSG00000042628.8	1315.82820715056
ENSMUSG00000042631.7	3.71049564947094
ENSMUSG00000042632.17	497.604083833752
ENSMUSG00000042638.14	0
ENSMUSG00000042641.19	0
ENSMUSG00000042642.13	763.72179812448
ENSMUSG00000042644.9	2.71484608756819
ENSMUSG00000042647.13	35.8168855928234
ENSMUSG00000042650.3	488.544140994212
ENSMUSG00000042655.5	8.05324437654263
ENSMUSG00000042659.15	260.482400193528
ENSMUSG00000042660.8	870.522692126157
ENSMUSG00000042662.16	680.434619865839
ENSMUSG00000042670.5	858.636009666779
ENSMUSG00000042671.12	3301.01241964356
ENSMUSG00000042672.15	0
ENSMUSG00000042675.15	15116.8156479039
ENSMUSG00000042677.7	0
ENSMUSG00000042678.17	0
ENSMUSG00000042680.8	109.225160232778
ENSMUSG00000042682.9	9934.24815728845
ENSMUSG00000042684.8	243.668656924057
ENSMUSG00000042686.5	55.4251581264001
ENSMUSG00000042688.16	904.393379335518
ENSMUSG00000042694.17	620.261524215733
ENSMUSG00000042699.11	979.246157341442
ENSMUSG00000042700.16	694.94869355158
ENSMUSG00000042705.9	1163.38199307034
ENSMUSG00000042707.6	19.8840893103334
ENSMUSG00000042708.12	26.7907448998522
ENSMUSG00000042709.15	731.489001261826
ENSMUSG00000042712.10	4827.46233266048
ENSMUSG00000042717.5	0.937908129629395
ENSMUSG00000042719.17	325.560614909463
ENSMUSG00000042724.8	168.859887253001
ENSMUSG00000042726.14	944.687629221572
ENSMUSG00000042729.11	1223.12215282474
ENSMUSG00000042734.6	883.276276359261
ENSMUSG00000042737.9	2534.77618501888
ENSMUSG00000042742.7	70.9634087627455
ENSMUSG00000042743.13	1587.4806406
ENSMUSG00000042744.16	171.024910058987
ENSMUSG00000042745.9	41.0945773489483
ENSMUSG00000042747.12	3540.06400921987
ENSMUSG00000042750.7	37287.6531642534
ENSMUSG00000042751.14	1934.5242831084
ENSMUSG00000042757.16	212.609665350558
ENSMUSG00000042759.12	2.24895075808473
ENSMUSG00000042761.14	1006.57474027423
ENSMUSG00000042763.9	1645.97433449533
ENSMUSG00000042766.17	1116.04609748959
ENSMUSG00000042770.8	1465.50033555486
ENSMUSG00000042772.15	664.501074505309
ENSMUSG00000042774.8	0
ENSMUSG00000042784.9	0
ENSMUSG00000042787.15	337.771117563347
ENSMUSG00000042788.12	0
ENSMUSG00000042790.16	1012.49498493101
ENSMUSG00000042793.13	30.3602890314061
ENSMUSG00000042796.2	0
ENSMUSG00000042797.9	326.188217460897
ENSMUSG00000042800.5	0
ENSMUSG00000042801.5	0
ENSMUSG00000042804.13	286.07371509293
ENSMUSG00000042807.15	120.817018060127
ENSMUSG00000042808.8	0
ENSMUSG00000042810.14	181.148887043192
ENSMUSG00000042812.5	0
ENSMUSG00000042814.8	814.359504860548
ENSMUSG00000042816.4	93.937913163104
ENSMUSG00000042817.15	256.591283101589
ENSMUSG00000042821.7	0
ENSMUSG00000042826.13	1385.77052890962
ENSMUSG00000042828.12	18.5907124389952
ENSMUSG00000042831.13	2524.11318396151
ENSMUSG00000042834.15	1634.54845987707
ENSMUSG00000042842.11	8.00311857101236
ENSMUSG00000042845.7	0
ENSMUSG00000042846.8	2651.57923718846
ENSMUSG00000042848.4	0
ENSMUSG00000042849.11	0
ENSMUSG00000042851.17	113.477613844408
ENSMUSG00000042854.9	203.59107786116
ENSMUSG00000042857.3	59.1590000414605
ENSMUSG00000042861.7	0
ENSMUSG00000042863.5	0
ENSMUSG00000042869.2	0
ENSMUSG00000042870.15	1419.46955240141
ENSMUSG00000042873.11	2609.70143632521
ENSMUSG00000042874.2	18.4907105206147
ENSMUSG00000042888.10	0
ENSMUSG00000042894.11	0
ENSMUSG00000042895.6	10.6511406550685
ENSMUSG00000042901.10	789.551881649228
ENSMUSG00000042903.8	115.926818131934
ENSMUSG00000042909.4	0
ENSMUSG00000042918.17	90.0592494935851
ENSMUSG00000042938.8	0
ENSMUSG00000042940.8	0
ENSMUSG00000042942.18	98.320987258012
ENSMUSG00000042961.13	15.7734923525856
ENSMUSG00000042962.5	222.016681015438
ENSMUSG00000042976.6	0
ENSMUSG00000042978.11	1212.62192018321
ENSMUSG00000042985.7	0
ENSMUSG00000042988.10	52.4941093894495
ENSMUSG00000042992.15	1365.29391886941
ENSMUSG00000042993.6	0
ENSMUSG00000042997.13	59.9293643827422
ENSMUSG00000043003.14	0
ENSMUSG00000043004.13	2005.03440602201
ENSMUSG00000043008.9	5.64723692267438
ENSMUSG00000043013.10	2.08980288610535
ENSMUSG00000043015.15	7.68972304590059
ENSMUSG00000043017.9	0
ENSMUSG00000043019.12	267.535157212491
ENSMUSG00000043020.13	0
ENSMUSG00000043024.6	0.94343258017663
ENSMUSG00000043029.2	1.12314888667933
ENSMUSG00000043036.13	9.55455282723493
ENSMUSG00000043050.8	0
ENSMUSG00000043051.17	0
ENSMUSG00000043059.16	625.402228325238
ENSMUSG00000043060.8	0
ENSMUSG00000043061.10	415.432688527728
ENSMUSG00000043065.12	237.311793404536
ENSMUSG00000043066.5	0
ENSMUSG00000043067.15	986.17472346364
ENSMUSG00000043068.6	0
ENSMUSG00000043073.10	0
ENSMUSG00000043079.17	1537.89429610508
ENSMUSG00000043085.14	0
ENSMUSG00000043087.5	0
ENSMUSG00000043088.16	0
ENSMUSG00000043089.6	0
ENSMUSG00000043090.18	228.705542164739
ENSMUSG00000043091.9	3056.15269742384
ENSMUSG00000043099.4	8.54598166913695
ENSMUSG00000043102.2	0
ENSMUSG00000043110.2	0
ENSMUSG00000043119.5	0
ENSMUSG00000043122.7	0
ENSMUSG00000043126.5	26.9692751661244
ENSMUSG00000043131.14	85.8267088731929
ENSMUSG00000043140.10	347.991257440977
ENSMUSG00000043144.6	147.575240488396
ENSMUSG00000043145.7	0
ENSMUSG00000043153.6	130.373911756238
ENSMUSG00000043154.15	140.122943969686
ENSMUSG00000043155.4	33.2537278084165
ENSMUSG00000043157.8	0
ENSMUSG00000043162.7	273.494822101142
ENSMUSG00000043164.3	0
ENSMUSG00000043165.7	602.72698060198
ENSMUSG00000043168.12	83.6402749198885
ENSMUSG00000043183.18	141.975445174941
ENSMUSG00000043190.14	1050.27567224124
ENSMUSG00000043192.4	494.988553009694
ENSMUSG00000043207.10	255.822292070048
ENSMUSG00000043219.9	2.11115161025399
ENSMUSG00000043223.7	0
ENSMUSG00000043226.5	0
ENSMUSG00000043230.2	0
ENSMUSG00000043241.14	1097.40298079936
ENSMUSG00000043243.15	0
ENSMUSG00000043251.6	10.9828573805827
ENSMUSG00000043252.8	258.078577550611
ENSMUSG00000043257.15	121.988544903576
ENSMUSG00000043259.15	668.683957493946
ENSMUSG00000043262.16	61.3686242024294
ENSMUSG00000043263.13	0
ENSMUSG00000043267.3	0
ENSMUSG00000043274.4	0
ENSMUSG00000043279.9	9.64060316711474
ENSMUSG00000043282.3	0
ENSMUSG00000043284.12	1628.21491141156
ENSMUSG00000043286.12	0
ENSMUSG00000043289.12	100.88576804484
ENSMUSG00000043290.6	178.777368390763
ENSMUSG00000043295.6	0
ENSMUSG00000043298.8	209.201266632424
ENSMUSG00000043300.2	966.496318498539
ENSMUSG00000043301.16	49.2238219349966
ENSMUSG00000043308.2	0
ENSMUSG00000043310.4	0
ENSMUSG00000043311.7	1296.67705949108
ENSMUSG00000043312.6	0
ENSMUSG00000043313.6	9.60065233829858
ENSMUSG00000043314.6	0
ENSMUSG00000043319.5	0
ENSMUSG00000043323.17	388.340314870313
ENSMUSG00000043329.4	4.37733116326568
ENSMUSG00000043331.6	0
ENSMUSG00000043333.12	0
ENSMUSG00000043336.14	50.1435649221487
ENSMUSG00000043340.3	0
ENSMUSG00000043342.9	0
ENSMUSG00000043346.9	182.247971797827
ENSMUSG00000043354.2	0
ENSMUSG00000043357.5	0
ENSMUSG00000043366.16	0
ENSMUSG00000043372.12	688.116508803901
ENSMUSG00000043383.5	0
ENSMUSG00000043384.15	2025.21953106979
ENSMUSG00000043385.4	0
ENSMUSG00000043388.8	14222.8099522344
ENSMUSG00000043391.10	428.869525568343
ENSMUSG00000043398.5	165.583950501661
ENSMUSG00000043410.16	12.8530867661242
ENSMUSG00000043411.15	684.950905005581
ENSMUSG00000043415.5	155.995814008952
ENSMUSG00000043418.4	0
ENSMUSG00000043419.11	9150.06682186076
ENSMUSG00000043421.8	323.539539933556
ENSMUSG00000043424.10	450.811332255389
ENSMUSG00000043429.7	0
ENSMUSG00000043430.5	0
ENSMUSG00000043432.7	212.894720756478
ENSMUSG00000043439.5	497.100640967498
ENSMUSG00000043441.5	173.997688685099
ENSMUSG00000043445.7	2299.80057875254
ENSMUSG00000043448.13	108.451674732995
ENSMUSG00000043453.5	0
ENSMUSG00000043456.17	462.549572416447
ENSMUSG00000043458.5	151.808498975243
ENSMUSG00000043460.7	684.683983530553
ENSMUSG00000043461.13	140.008990472805
ENSMUSG00000043463.6	336.535045162092
ENSMUSG00000043467.19	9.6222195435423
ENSMUSG00000043468.4	0
ENSMUSG00000043472.10	0
ENSMUSG00000043483.4	329.542276809524
ENSMUSG00000043484.3	6.70790021615843
ENSMUSG00000043485.2	0
ENSMUSG00000043487.4	48.567161397916
ENSMUSG00000043488.5	0
ENSMUSG00000043496.7	107.721791817475
ENSMUSG00000043501.5	0
ENSMUSG00000043505.8	0
ENSMUSG00000043510.12	760.280876934763
ENSMUSG00000043518.7	471.341875914503
ENSMUSG00000043522.8	0
ENSMUSG00000043529.4	0
ENSMUSG00000043531.16	272.113553406408
ENSMUSG00000043535.13	182.921455379229
ENSMUSG00000043537.2	0
ENSMUSG00000043541.16	18.7626258492447
ENSMUSG00000043542.12	600.910996951191
ENSMUSG00000043549.13	7.80389502387677
ENSMUSG00000043556.10	2.84424931903053
ENSMUSG00000043557.16	359.651125312068
ENSMUSG00000043569.7	0
ENSMUSG00000043572.7	245.866046143701
ENSMUSG00000043583.1	0
ENSMUSG00000043587.15	123.587639250113
ENSMUSG00000043592.15	12.1791037993616
ENSMUSG00000043602.5	636.714804889894
ENSMUSG00000043605.5	0
ENSMUSG00000043613.8	0
ENSMUSG00000043614.13	579.328092280205
ENSMUSG00000043618.9	14.4446903322581
ENSMUSG00000043621.13	14.5837067319043
ENSMUSG00000043623.7	0
ENSMUSG00000043629.12	222.946037170774
ENSMUSG00000043631.8	0
ENSMUSG00000043633.6	12.4738660082208
ENSMUSG00000043635.12	117.355559647472
ENSMUSG00000043639.15	54.9520217091938
ENSMUSG00000043644.4	454.025501279989
ENSMUSG00000043648.7	58.0384729279223
ENSMUSG00000043659.11	38.8878870769706
ENSMUSG00000043661.3	0
ENSMUSG00000043664.7	0
ENSMUSG00000043668.13	124.349982214046
ENSMUSG00000043670.4	6306.62538349669
ENSMUSG00000043671.14	710.161532202584
ENSMUSG00000043673.11	330.232240107813
ENSMUSG00000043681.5	0
ENSMUSG00000043683.4	329.005219066212
ENSMUSG00000043687.15	272.980517603304
ENSMUSG00000043692.6	0
ENSMUSG00000043698.9	0
ENSMUSG00000043702.9	88.0152964258632
ENSMUSG00000043705.7	0
ENSMUSG00000043715.12	0
ENSMUSG00000043716.13	22396.723341501
ENSMUSG00000043719.14	0
ENSMUSG00000043727.5	0
ENSMUSG00000043733.14	1673.12638470328
ENSMUSG00000043740.15	0
ENSMUSG00000043747.12	0
ENSMUSG00000043753.2	12.1531357606311
ENSMUSG00000043760.16	0
ENSMUSG00000043770.10	0
ENSMUSG00000043773.5	941.953119835446
ENSMUSG00000043782.9	0
ENSMUSG00000043787.7	0
ENSMUSG00000043789.8	0
ENSMUSG00000043794.8	0
ENSMUSG00000043795.10	3.75734423857489
ENSMUSG00000043800.11	0
ENSMUSG00000043801.7	305.343747679725
ENSMUSG00000043807.6	0
ENSMUSG00000043811.5	253.539601588565
ENSMUSG00000043822.18	461.842598804326
ENSMUSG00000043827.9	0
ENSMUSG00000043831.12	2013.55750959933
ENSMUSG00000043832.13	33.598397341711
ENSMUSG00000043833.6	0.840278291709903
ENSMUSG00000043843.17	922.511954128027
ENSMUSG00000043850.15	15.146763725532
ENSMUSG00000043855.7	0
ENSMUSG00000043857.16	1912.5590677326
ENSMUSG00000043859.5	0
ENSMUSG00000043865.3	0
ENSMUSG00000043866.11	6505.06271080581
ENSMUSG00000043870.9	0
ENSMUSG00000043872.14	109.128841281429
ENSMUSG00000043873.11	0
ENSMUSG00000043880.5	0
ENSMUSG00000043881.9	155.353666858902
ENSMUSG00000043885.14	282.775961443666
ENSMUSG00000043889.6	201.915764824022
ENSMUSG00000043892.3	0
ENSMUSG00000043895.6	0.511589089941944
ENSMUSG00000043897.13	0
ENSMUSG00000043903.4	2.02987664288111
ENSMUSG00000043909.16	1080.78530870694
ENSMUSG00000043911.5	0
ENSMUSG00000043913.14	9.42589867381289
ENSMUSG00000043923.8	324.677764015796
ENSMUSG00000043924.16	69.2652176337936
ENSMUSG00000043925.7	0
ENSMUSG00000043929.16	23.596332808565
ENSMUSG00000043931.10	0
ENSMUSG00000043932.5	0
ENSMUSG00000043939.15	0
ENSMUSG00000043940.15	266.494968718775
ENSMUSG00000043943.14	11.9630572079042
ENSMUSG00000043945.4	0
ENSMUSG00000043948.2	0
ENSMUSG00000043953.12	0.917558176201163
ENSMUSG00000043962.16	2827.97962489942
ENSMUSG00000043964.14	329.34673622942
ENSMUSG00000043969.4	404.910982315706
ENSMUSG00000043972.8	0
ENSMUSG00000043982.2	0
ENSMUSG00000043986.5	0
ENSMUSG00000043987.18	94.3325212324187
ENSMUSG00000043991.5	217.738602692513
ENSMUSG00000043993.6	17.4277999930098
ENSMUSG00000043998.10	575.588601068258
ENSMUSG00000043999.6	154.781090331846
ENSMUSG00000044005.13	1112.12976143696
ENSMUSG00000044006.8	0
ENSMUSG00000044014.9	97.280236955766
ENSMUSG00000044017.16	8.3762530698383
ENSMUSG00000044018.3	1412.32777994199
ENSMUSG00000044021.14	0
ENSMUSG00000044022.5	0.349881867991531
ENSMUSG00000044024.16	4803.98969136332
ENSMUSG00000044025.6	0
ENSMUSG00000044026.3	18.1649552078379
ENSMUSG00000044029.6	0
ENSMUSG00000044030.4	1914.97050600226
ENSMUSG00000044033.16	110.685113333328
ENSMUSG00000044034.11	11.5575250838352
ENSMUSG00000044037.15	13.6258231878668
ENSMUSG00000044039.4	0
ENSMUSG00000044040.3	0
ENSMUSG00000044041.4	0
ENSMUSG00000044042.19	9.06006768587991
ENSMUSG00000044043.4	34.4469154918642
ENSMUSG00000044052.3	9.96049070190914
ENSMUSG00000044055.5	21.747233666077
ENSMUSG00000044056.3	0
ENSMUSG00000044058.8	0
ENSMUSG00000044061.7	0
ENSMUSG00000044062.7	17.4000216823485
ENSMUSG00000044065.3	0
ENSMUSG00000044066.14	321.155786339801
ENSMUSG00000044067.7	265.245288066455
ENSMUSG00000044068.7	3469.15999610341
ENSMUSG00000044071.9	622.663068412945
ENSMUSG00000044072.14	55.3608310496891
ENSMUSG00000044080.9	959.952216680527
ENSMUSG00000044081.7	51.8270241829747
ENSMUSG00000044083.12	0
ENSMUSG00000044084.2	0
ENSMUSG00000044086.8	0
ENSMUSG00000044092.8	14.039158208189
ENSMUSG00000044098.14	174.788090863959
ENSMUSG00000044103.4	0
ENSMUSG00000044106.5	0
ENSMUSG00000044117.12	10860.9373451082
ENSMUSG00000044120.5	0
ENSMUSG00000044121.3	0
ENSMUSG00000044122.15	37.9363394846907
ENSMUSG00000044125.6	12.9756546604688
ENSMUSG00000044134.9	245.116718410718
ENSMUSG00000044139.12	0
ENSMUSG00000044141.8	10.884759368888
ENSMUSG00000044145.2	26.0678845909598
ENSMUSG00000044147.8	1016.43607177056
ENSMUSG00000044148.6	472.796398199262
ENSMUSG00000044149.7	275.336742579077
ENSMUSG00000044150.12	16.1432247886451
ENSMUSG00000044155.11	1282.77354683136
ENSMUSG00000044156.14	23.6785129119032
ENSMUSG00000044162.12	0
ENSMUSG00000044164.2	68.3677285067556
ENSMUSG00000044165.12	0
ENSMUSG00000044167.6	381.560409527531
ENSMUSG00000044170.5	0
ENSMUSG00000044172.7	0
ENSMUSG00000044176.12	49.8496766376698
ENSMUSG00000044177.4	0
ENSMUSG00000044186.10	0
ENSMUSG00000044197.8	147.792161004234
ENSMUSG00000044199.6	0
ENSMUSG00000044201.10	0
ENSMUSG00000044205.7	0
ENSMUSG00000044206.3	0
ENSMUSG00000044211.9	772.812390740502
ENSMUSG00000044213.4	0
ENSMUSG00000044216.7	4649.70333586551
ENSMUSG00000044217.17	0
ENSMUSG00000044220.13	0
ENSMUSG00000044221.14	3361.66645460713
ENSMUSG00000044222.3	0
ENSMUSG00000044224.16	763.972520786886
ENSMUSG00000044227.5	0
ENSMUSG00000044229.9	45.222371890038
ENSMUSG00000044231.3	727.810809602843
ENSMUSG00000044243.3	74.8970984566418
ENSMUSG00000044244.18	0
ENSMUSG00000044248.4	0
ENSMUSG00000044249.3	0
ENSMUSG00000044250.8	94.8457333247812
ENSMUSG00000044252.18	2380.05155644432
ENSMUSG00000044254.6	65.5290972730273
ENSMUSG00000044258.10	0
ENSMUSG00000044265.16	0
ENSMUSG00000044268.4	3.13791912241433
ENSMUSG00000044276.2	0
ENSMUSG00000044279.15	117.211081220448
ENSMUSG00000044285.8	27508.6273666857
ENSMUSG00000044286.6	0
ENSMUSG00000044287.6	749.085874410849
ENSMUSG00000044288.6	1636.24418529081
ENSMUSG00000044292.4	0
ENSMUSG00000044293.5	0
ENSMUSG00000044294.8	0
ENSMUSG00000044296.10	90.3541989719544
ENSMUSG00000044303.6	15.2180509857009
ENSMUSG00000044306.4	23.2683614732523
ENSMUSG00000044308.17	715.152233434518
ENSMUSG00000044309.8	0
ENSMUSG00000044312.4	0
ENSMUSG00000044313.13	0
ENSMUSG00000044317.7	6.38245701923178
ENSMUSG00000044320.14	181.14501680665
ENSMUSG00000044322.7	0
ENSMUSG00000044328.13	41.6532022975042
ENSMUSG00000044330.8	160.973156682501
ENSMUSG00000044337.5	50.6157025686347
ENSMUSG00000044338.9	6.27243618206228
ENSMUSG00000044339.12	273.898700011205
ENSMUSG00000044340.7	232.074177323567
ENSMUSG00000044345.9	39.173067329231
ENSMUSG00000044348.14	301.704008693478
ENSMUSG00000044349.16	945.882876869631
ENSMUSG00000044350.14	33.0838743627778
ENSMUSG00000044352.6	1496.07108430401
ENSMUSG00000044359.1	0
ENSMUSG00000044361.16	0
ENSMUSG00000044362.8	0
ENSMUSG00000044364.5	329.016673717911
ENSMUSG00000044365.15	278.766365175019
ENSMUSG00000044367.7	124.916347635685
ENSMUSG00000044375.8	0
ENSMUSG00000044377.3	0
ENSMUSG00000044378.12	0
ENSMUSG00000044387.5	0
ENSMUSG00000044390.5	77.0413655585942
ENSMUSG00000044393.15	9.94738183620384
ENSMUSG00000044400.1	0
ENSMUSG00000044405.4	0
ENSMUSG00000044408.7	320.542260213208
ENSMUSG00000044424.4	0
ENSMUSG00000044429.8	0
ENSMUSG00000044430.11	0
ENSMUSG00000044433.16	666.025448317325
ENSMUSG00000044434.5	9.61947292406119
ENSMUSG00000044441.5	0
ENSMUSG00000044442.11	1056.92448892697
ENSMUSG00000044444.6	0
ENSMUSG00000044447.5	9.599216605388
ENSMUSG00000044452.10	114.028030146106
ENSMUSG00000044453.5	0
ENSMUSG00000044454.5	0
ENSMUSG00000044456.16	21.1748756201155
ENSMUSG00000044457.8	0
ENSMUSG00000044461.6	55.0512121263639
ENSMUSG00000044465.19	835.66131799691
ENSMUSG00000044468.14	3.48830037576606
ENSMUSG00000044469.8	106.352758064066
ENSMUSG00000044471.12	0
ENSMUSG00000044475.14	1171.90122641112
ENSMUSG00000044477.12	1457.98165199483
ENSMUSG00000044485.4	0
ENSMUSG00000044487.2	0
ENSMUSG00000044496.6	358.394453264705
ENSMUSG00000044499.11	248.825809538863
ENSMUSG00000044501.17	3.50409343778245
ENSMUSG00000044502.16	4462.35601530832
ENSMUSG00000044505.5	16.3757510969892
ENSMUSG00000044515.5	0
ENSMUSG00000044518.3	0
ENSMUSG00000044519.8	8.43986228009403
ENSMUSG00000044522.8	0
ENSMUSG00000044526.3	0
ENSMUSG00000044528.5	919.054272317159
ENSMUSG00000044533.15	17840.4573786097
ENSMUSG00000044534.8	103.135655150475
ENSMUSG00000044537.8	0
ENSMUSG00000044538.10	0
ENSMUSG00000044542.3	0
ENSMUSG00000044544.4	0
ENSMUSG00000044548.11	44.9696204746058
ENSMUSG00000044550.11	18379.8698175301
ENSMUSG00000044551.13	82.771406816307
ENSMUSG00000044556.3	0
ENSMUSG00000044560.3	0
ENSMUSG00000044562.12	10.4023218993479
ENSMUSG00000044566.15	24.5619568256856
ENSMUSG00000044573.16	2650.56567217676
ENSMUSG00000044574.5	0.513149669192575
ENSMUSG00000044576.6	52.6697994014856
ENSMUSG00000044581.8	0
ENSMUSG00000044583.13	21.4920789585988
ENSMUSG00000044594.14	0
ENSMUSG00000044595.10	13.208399449908
ENSMUSG00000044597.4	0
ENSMUSG00000044600.14	1528.56221945581
ENSMUSG00000044609.6	8.62329276521323
ENSMUSG00000044617.8	61.8258114996943
ENSMUSG00000044624.7	0
ENSMUSG00000044626.13	16.8676456767882
ENSMUSG00000044627.11	22585.4089836119
ENSMUSG00000044628.5	7917.98226239964
ENSMUSG00000044629.5	2035.57453620626
ENSMUSG00000044633.4	0
ENSMUSG00000044636.6	310.622937591931
ENSMUSG00000044639.3	0
ENSMUSG00000044641.7	122.722766229413
ENSMUSG00000044645.8	25.7551445091333
ENSMUSG00000044646.15	27.3839522846021
ENSMUSG00000044647.16	343.694577013384
ENSMUSG00000044649.4	0
ENSMUSG00000044664.7	0
ENSMUSG00000044667.12	1480.31347864819
ENSMUSG00000044674.6	106.611283622726
ENSMUSG00000044676.10	531.359662717586
ENSMUSG00000044678.11	103.025010081605
ENSMUSG00000044681.19	55.306023506407
ENSMUSG00000044689.5	0
ENSMUSG00000044694.2	0
ENSMUSG00000044697.5	0
ENSMUSG00000044700.15	957.120327149162
ENSMUSG00000044701.5	0
ENSMUSG00000044702.13	45.4581442032234
ENSMUSG00000044703.5	0
ENSMUSG00000044705.3	0
ENSMUSG00000044707.7	0
ENSMUSG00000044708.5	607.87917057477
ENSMUSG00000044709.6	2386.02433019868
ENSMUSG00000044712.15	26.419576730882
ENSMUSG00000044715.7	965.887411686528
ENSMUSG00000044716.12	306.101034366887
ENSMUSG00000044719.5	19.4180379229248
ENSMUSG00000044724.9	0
ENSMUSG00000044726.8	36.0962292786864
ENSMUSG00000044730.17	208.080302556696
ENSMUSG00000044734.16	244.993713554183
ENSMUSG00000044737.6	0
ENSMUSG00000044743.3	0
ENSMUSG00000044748.8	74.0855348231435
ENSMUSG00000044749.13	0.31336431352676
ENSMUSG00000044751.5	32.4081747588395
ENSMUSG00000044757.7	0
ENSMUSG00000044763.8	315.877938525751
ENSMUSG00000044768.16	849.329901056244
ENSMUSG00000044770.14	30.5234631978521
ENSMUSG00000044772.2	0
ENSMUSG00000044783.16	93.0606803547392
ENSMUSG00000044786.6	2.73238699834528
ENSMUSG00000044787.7	14.4739980105849
ENSMUSG00000044788.10	386.883420505094
ENSMUSG00000044791.16	837.850467358111
ENSMUSG00000044792.7	6008.52631287217
ENSMUSG00000044795.12	435.210908141698
ENSMUSG00000044798.7	0
ENSMUSG00000044801.1	0
ENSMUSG00000044807.13	228.419956161874
ENSMUSG00000044811.13	113.115122496071
ENSMUSG00000044813.15	1480.68745585982
ENSMUSG00000044814.6	0
ENSMUSG00000044816.10	251.817127846473
ENSMUSG00000044819.5	20.4215528042508
ENSMUSG00000044820.6	0
ENSMUSG00000044824.8	0
ENSMUSG00000044827.10	1.80521565396023
ENSMUSG00000044835.15	519.782973720554
ENSMUSG00000044847.13	143.685996091558
ENSMUSG00000044854.7	24.4564928799279
ENSMUSG00000044857.8	722.684337976105
ENSMUSG00000044860.9	0
ENSMUSG00000044863.7	0
ENSMUSG00000044864.16	359.749660285953
ENSMUSG00000044867.5	0
ENSMUSG00000044876.15	1750.50158937517
ENSMUSG00000044881.7	601.623214109594
ENSMUSG00000044894.14	45928.4017886745
ENSMUSG00000044897.3	0
ENSMUSG00000044899.3	0
ENSMUSG00000044903.15	0
ENSMUSG00000044906.6	29.2910737636286
ENSMUSG00000044912.11	811.169524814333
ENSMUSG00000044916.10	54.1603086437635
ENSMUSG00000044921.5	0
ENSMUSG00000044923.4	0
ENSMUSG00000044927.6	3159.38776147258
ENSMUSG00000044933.3	74.1171833703463
ENSMUSG00000044934.13	79.8856773007947
ENSMUSG00000044937.15	0
ENSMUSG00000044938.8	0
ENSMUSG00000044948.17	28.1402402010431
ENSMUSG00000044949.4	200.15580596833
ENSMUSG00000044950.7	565.964477618029
ENSMUSG00000044951.17	3.48764493248079
ENSMUSG00000044952.5	359.283546475375
ENSMUSG00000044957.3	0
ENSMUSG00000044966.4	44.0391094906244
ENSMUSG00000044968.16	132.639435865964
ENSMUSG00000044976.17	0
ENSMUSG00000044982.7	63.9213261058569
ENSMUSG00000044985.6	0
ENSMUSG00000044986.10	215.046260157739
ENSMUSG00000044988.7	8.23910936529282
ENSMUSG00000044991.10	800.80290896824
ENSMUSG00000044994.10	0
ENSMUSG00000044997.3	0
ENSMUSG00000045004.3	0
ENSMUSG00000045005.9	0.23620927537555
ENSMUSG00000045007.9	1910.40643592586
ENSMUSG00000045008.2	18.4035677752595
ENSMUSG00000045009.9	912.257637564809
ENSMUSG00000045010.14	21.3875513603915
ENSMUSG00000045013.7	0
ENSMUSG00000045019.4	0
ENSMUSG00000045022.6	0
ENSMUSG00000045027.7	0
ENSMUSG00000045030.8	0
ENSMUSG00000045031.18	219.620754903529
ENSMUSG00000045034.12	808.749347300869
ENSMUSG00000045036.15	19.3743417039072
ENSMUSG00000045038.14	2184.57982909676
ENSMUSG00000045039.9	1572.91553597276
ENSMUSG00000045045.7	519.095382502725
ENSMUSG00000045048.7	2.91697231210995
ENSMUSG00000045052.3	0
ENSMUSG00000045053.2	0
ENSMUSG00000045055.5	51.0644939495312
ENSMUSG00000045062.4	220.996655205641
ENSMUSG00000045064.5	72.9701576211323
ENSMUSG00000045065.7	0
ENSMUSG00000045071.14	40.8239416953038
ENSMUSG00000045075.3	44.4404280507167
ENSMUSG00000045078.12	431.041976731562
ENSMUSG00000045083.14	535.729253407769
ENSMUSG00000045087.8	160.865570348962
ENSMUSG00000045091.4	0
ENSMUSG00000045092.8	175.289723458282
ENSMUSG00000045094.8	13.2820275789527
ENSMUSG00000045095.16	668.139970778761
ENSMUSG00000045098.19	212.055410023904
ENSMUSG00000045100.11	438.200665870057
ENSMUSG00000045102.12	0
ENSMUSG00000045103.19	69.5234622881881
ENSMUSG00000045104.9	178.323895272114
ENSMUSG00000045106.12	0
ENSMUSG00000045107.5	257.55778104309
ENSMUSG00000045109.6	0
ENSMUSG00000045111.5	0
ENSMUSG00000045114.10	7349.82357914364
ENSMUSG00000045126.2	0
ENSMUSG00000045128.9	31797.5143863474
ENSMUSG00000045132.3	0
ENSMUSG00000045136.6	1565.41308243693
ENSMUSG00000045140.8	75.6060383986186
ENSMUSG00000045148.5	0
ENSMUSG00000045150.5	0
ENSMUSG00000045160.14	1976.60967222358
ENSMUSG00000045165.6	69.7767130889805
ENSMUSG00000045174.10	406.260602463237
ENSMUSG00000045176.3	1585.50248155348
ENSMUSG00000045178.10	0
ENSMUSG00000045179.9	49.3842182703765
ENSMUSG00000045180.13	1080.65690424619
ENSMUSG00000045193.13	6054.42085745704
ENSMUSG00000045201.6	1021.91398584454
ENSMUSG00000045202.6	0
ENSMUSG00000045204.4	0
ENSMUSG00000045205.16	66.6497804444906
ENSMUSG00000045210.8	146.392539897513
ENSMUSG00000045211.5	1961.63432252293
ENSMUSG00000045215.17	13.0075841119367
ENSMUSG00000045216.7	1135.25376932953
ENSMUSG00000045217.5	0
ENSMUSG00000045225.4	0
ENSMUSG00000045231.5	0.633532752586272
ENSMUSG00000045232.4	286.774633657559
ENSMUSG00000045236.5	0
ENSMUSG00000045237.5	735.340073890194
ENSMUSG00000045238.9	0
ENSMUSG00000045246.11	666.497898079661
ENSMUSG00000045248.6	301.941279162744
ENSMUSG00000045251.13	1246.98300381628
ENSMUSG00000045252.11	469.456134371211
ENSMUSG00000045257.10	1287.02606286616
ENSMUSG00000045259.4	187.902886770414
ENSMUSG00000045267.3	0
ENSMUSG00000045268.13	172.583148440742
ENSMUSG00000045273.8	80.4720493484269
ENSMUSG00000045275.16	23.7123150584719
ENSMUSG00000045281.5	0
ENSMUSG00000045282.7	49.3074065596604
ENSMUSG00000045284.9	542.932294208568
ENSMUSG00000045287.6	926.220545870812
ENSMUSG00000045288.10	7.04445473734957
ENSMUSG00000045291.8	0
ENSMUSG00000045294.11	969.329924667081
ENSMUSG00000045302.13	2972.83190428814
ENSMUSG00000045306.3	0
ENSMUSG00000045312.12	62.3672700764933
ENSMUSG00000045314.5	104.790306118334
ENSMUSG00000045316.5	699.353740602337
ENSMUSG00000045318.6	379.479876482174
ENSMUSG00000045319.13	31.870430360657
ENSMUSG00000045322.10	9.54912201144274
ENSMUSG00000045326.13	0
ENSMUSG00000045327.7	1.77528374393312
ENSMUSG00000045328.11	71.7943860021217
ENSMUSG00000045330.8	0
ENSMUSG00000045331.3	0
ENSMUSG00000045333.15	182.862527906725
ENSMUSG00000045336.5	0
ENSMUSG00000045337.4	0
ENSMUSG00000045339.7	0
ENSMUSG00000045340.4	0
ENSMUSG00000045341.2	0
ENSMUSG00000045345.6	0
ENSMUSG00000045348.16	1902.29211047745
ENSMUSG00000045349.15	2190.07956006867
ENSMUSG00000045350.15	0
ENSMUSG00000045362.8	0
ENSMUSG00000045364.2	0
ENSMUSG00000045374.18	124.242271034168
ENSMUSG00000045377.5	0
ENSMUSG00000045378.5	0
ENSMUSG00000045381.6	0
ENSMUSG00000045382.6	12.2174940489271
ENSMUSG00000045391.4	0
ENSMUSG00000045392.8	0
ENSMUSG00000045394.9	0
ENSMUSG00000045395.4	0
ENSMUSG00000045404.16	103.003723780626
ENSMUSG00000045409.16	278.301125288821
ENSMUSG00000045410.18	639.8937672466
ENSMUSG00000045411.16	2025.13232590127
ENSMUSG00000045414.7	278.032612022958
ENSMUSG00000045417.2	0
ENSMUSG00000045421.2	0
ENSMUSG00000045427.13	4906.97615513743
ENSMUSG00000045435.9	939.547518132183
ENSMUSG00000045438.12	2293.83620091455
ENSMUSG00000045440.4	0
ENSMUSG00000045441.5	16.4063384503016
ENSMUSG00000045455.8	0
ENSMUSG00000045463.15	0
ENSMUSG00000045464.5	114.223477091455
ENSMUSG00000045466.18	371.32275995071
ENSMUSG00000045467.13	18.5615920301784
ENSMUSG00000045471.4	0
ENSMUSG00000045474.7	0
ENSMUSG00000045475.5	0
ENSMUSG00000045479.7	0
ENSMUSG00000045482.16	558.466268857766
ENSMUSG00000045493.4	22.0270143141302
ENSMUSG00000045498.1	213.402751725729
ENSMUSG00000045502.6	5.30534522044608
ENSMUSG00000045503.16	1498.53464592064
ENSMUSG00000045506.3	0
ENSMUSG00000045508.4	0
ENSMUSG00000045509.7	41.0944212910232
ENSMUSG00000045514.5	0
ENSMUSG00000045515.4	383.604924403783
ENSMUSG00000045518.8	6.54647389847313
ENSMUSG00000045519.15	430.370397056845
ENSMUSG00000045521.7	0
ENSMUSG00000045528.1	0
ENSMUSG00000045532.5	244.537525027638
ENSMUSG00000045534.4	326.506325935346
ENSMUSG00000045538.6	638.467210542013
ENSMUSG00000045539.3	0
ENSMUSG00000045540.5	0
ENSMUSG00000045545.8	0
ENSMUSG00000045551.7	0
ENSMUSG00000045555.3	34.0386679598991
ENSMUSG00000045559.6	0
ENSMUSG00000045566.1	0
ENSMUSG00000045569.7	0
ENSMUSG00000045573.9	117711.868761107
ENSMUSG00000045575.2	0
ENSMUSG00000045576.16	454.429722517487
ENSMUSG00000045581.7	0
ENSMUSG00000045584.4	0
ENSMUSG00000045587.9	0
ENSMUSG00000045589.7	830.404943753349
ENSMUSG00000045591.6	0
ENSMUSG00000045594.10	489.634954678818
ENSMUSG00000045598.10	584.217824034623
ENSMUSG00000045608.7	114.092544492327
ENSMUSG00000045609.6	0
ENSMUSG00000045613.9	99.3504389664835
ENSMUSG00000045620.7	0
ENSMUSG00000045624.15	696.880097643746
ENSMUSG00000045625.5	238.393243613638
ENSMUSG00000045629.8	0.458779088100582
ENSMUSG00000045631.10	0
ENSMUSG00000045636.16	547.323108776559
ENSMUSG00000045639.14	339.800619667208
ENSMUSG00000045648.15	98.7541104232322
ENSMUSG00000045655.9	0
ENSMUSG00000045657.3	124.400076807991
ENSMUSG00000045658.16	634.835929895304
ENSMUSG00000045659.18	148.225284169454
ENSMUSG00000045662.17	56.633608274919
ENSMUSG00000045664.5	253.321276551402
ENSMUSG00000045665.5	1623.27261934798
ENSMUSG00000045667.14	0
ENSMUSG00000045671.17	638.433658088124
ENSMUSG00000045672.15	23.7552934110343
ENSMUSG00000045678.8	0
ENSMUSG00000045679.14	1.00853994651297
ENSMUSG00000045680.8	0
ENSMUSG00000045684.10	0
ENSMUSG00000045689.3	28.9685956672781
ENSMUSG00000045690.8	161.293606025825
ENSMUSG00000045691.14	791.479415504853
ENSMUSG00000045693.8	0
ENSMUSG00000045694.4	6.50330827640067
ENSMUSG00000045699.4	0
ENSMUSG00000045708.4	0
ENSMUSG00000045709.11	0
ENSMUSG00000045725.5	29.8800051612318
ENSMUSG00000045730.4	0
ENSMUSG00000045731.6	2603.05936134184
ENSMUSG00000045733.7	2212.55427335822
ENSMUSG00000045744.11	49.1808747940193
ENSMUSG00000045746.3	0
ENSMUSG00000045751.16	113.103262093767
ENSMUSG00000045752.13	2822.53513843298
ENSMUSG00000045757.6	68.6956062073132
ENSMUSG00000045761.16	60.2990656072167
ENSMUSG00000045763.8	10875.6503302253
ENSMUSG00000045767.9	498.73600317582
ENSMUSG00000045775.15	0
ENSMUSG00000045776.3	0
ENSMUSG00000045777.14	2108.75112725067
ENSMUSG00000045780.3	0
ENSMUSG00000045790.10	1186.28577201906
ENSMUSG00000045792.2	0
ENSMUSG00000045794.3	0
ENSMUSG00000045795.10	309.295009495984
ENSMUSG00000045797.1	0
ENSMUSG00000045799.6	20.7379758531088
ENSMUSG00000045802.13	0
ENSMUSG00000045812.5	0
ENSMUSG00000045813.7	0
ENSMUSG00000045815.4	0
ENSMUSG00000045817.8	63.4757495182167
ENSMUSG00000045822.4	136.208230919478
ENSMUSG00000045824.6	0
ENSMUSG00000045826.9	29.6056865405559
ENSMUSG00000045827.10	50.8802519632017
ENSMUSG00000045835.5	0
ENSMUSG00000045838.8	67.2060645241707
ENSMUSG00000045842.9	0
ENSMUSG00000045854.4	3373.56159540605
ENSMUSG00000045867.10	489.584235853173
ENSMUSG00000045868.12	0
ENSMUSG00000045871.5	52.5555962119244
ENSMUSG00000045875.13	35.3571389455874
ENSMUSG00000045876.4	181.065115149018
ENSMUSG00000045877.2	6.7790314184022
ENSMUSG00000045883.5	0
ENSMUSG00000045886.7	104.300253022051
ENSMUSG00000045896.14	1187.8579931909
ENSMUSG00000045903.9	10.0729772542946
ENSMUSG00000045912.9	234.04653101527
ENSMUSG00000045915.15	178.985892990232
ENSMUSG00000045917.17	258.648251400261
ENSMUSG00000045928.2	0
ENSMUSG00000045929.8	0
ENSMUSG00000045930.3	20.9029602914855
ENSMUSG00000045932.12	171.288491894418
ENSMUSG00000045934.15	139.424615966614
ENSMUSG00000045942.13	0
ENSMUSG00000045948.8	6476.59787012064
ENSMUSG00000045952.3	0
ENSMUSG00000045954.7	34.950701685553
ENSMUSG00000045962.16	1487.61839406247
ENSMUSG00000045967.11	1046.66595879978
ENSMUSG00000045968.7	107.678095598457
ENSMUSG00000045969.8	976.321070017229
ENSMUSG00000045973.18	582.780499333207
ENSMUSG00000045975.8	145.173540233259
ENSMUSG00000045980.13	270.182149314242
ENSMUSG00000045983.16	3385.48136214554
ENSMUSG00000045989.4	0
ENSMUSG00000045991.19	4.68410983235478
ENSMUSG00000045994.17	1934.25820434617
ENSMUSG00000045996.12	1673.41109678177
ENSMUSG00000046000.5	0
ENSMUSG00000046005.4	0
ENSMUSG00000046006.6	0
ENSMUSG00000046008.8	0
ENSMUSG00000046010.7	461.986484211234
ENSMUSG00000046016.3	0
ENSMUSG00000046020.13	108.632389810218
ENSMUSG00000046027.17	236.055839223627
ENSMUSG00000046031.7	55.6827785490944
ENSMUSG00000046032.16	1131.47520121315
ENSMUSG00000046034.8	791.652827071183
ENSMUSG00000046041.4	0
ENSMUSG00000046049.7	0
ENSMUSG00000046056.15	948.746352525029
ENSMUSG00000046057.4	0
ENSMUSG00000046058.7	4200.58039430138
ENSMUSG00000046062.5	588.402829411041
ENSMUSG00000046070.9	0
ENSMUSG00000046079.16	592.476003678359
ENSMUSG00000046080.17	0
ENSMUSG00000046082.4	0
ENSMUSG00000046085.7	0
ENSMUSG00000046093.9	5039.69121667388
ENSMUSG00000046095.5	0
ENSMUSG00000046096.7	857.276370600459
ENSMUSG00000046101.16	20.2085649481246
ENSMUSG00000046108.3	0
ENSMUSG00000046109.6	52.4252878444967
ENSMUSG00000046110.15	0
ENSMUSG00000046111.17	361.175686393595
ENSMUSG00000046119.2	0
ENSMUSG00000046130.7	0
ENSMUSG00000046133.3	0
ENSMUSG00000046138.15	127.488556779746
ENSMUSG00000046139.8	149.582738424823
ENSMUSG00000046145.7	0
ENSMUSG00000046150.3	0
ENSMUSG00000046152.16	1.69179275402435
ENSMUSG00000046157.13	765.84974156747
ENSMUSG00000046159.16	276.207358531419
ENSMUSG00000046160.6	355.98423224686
ENSMUSG00000046167.5	22.2703398308886
ENSMUSG00000046168.9	26.2425758322754
ENSMUSG00000046169.10	9.7539636438806
ENSMUSG00000046173.3	0
ENSMUSG00000046178.3	1898.7892030799
ENSMUSG00000046179.17	5.69396066543828
ENSMUSG00000046180.11	0
ENSMUSG00000046182.8	1554.77514428233
ENSMUSG00000046185.10	28.5179315912808
ENSMUSG00000046186.8	5.87080550611981
ENSMUSG00000046191.7	158.187678778049
ENSMUSG00000046192.4	24.5219435736994
ENSMUSG00000046196.4	0
ENSMUSG00000046201.9	561.688396836545
ENSMUSG00000046203.11	0
ENSMUSG00000046204.14	620.364647292615
ENSMUSG00000046207.14	6.73536641096954
ENSMUSG00000046210.7	0
ENSMUSG00000046213.9	0
ENSMUSG00000046215.3	2774.39825994605
ENSMUSG00000046219.9	15.416213338946
ENSMUSG00000046223.10	65.4660498713018
ENSMUSG00000046229.10	4423.93611473703
ENSMUSG00000046230.11	149.40171123175
ENSMUSG00000046240.8	202.196325761701
ENSMUSG00000046242.8	0
ENSMUSG00000046245.13	0
ENSMUSG00000046248.9	0
ENSMUSG00000046258.4	0
ENSMUSG00000046259.2	0
ENSMUSG00000046262.14	0
ENSMUSG00000046269.17	349.048924422299
ENSMUSG00000046272.4	0
ENSMUSG00000046275.2	9.06852602541833
ENSMUSG00000046280.9	0
ENSMUSG00000046282.7	0
ENSMUSG00000046287.7	531.968132567408
ENSMUSG00000046295.13	0
ENSMUSG00000046300.4	0
ENSMUSG00000046311.13	187.778258911459
ENSMUSG00000046312.4	88.6424308035219
ENSMUSG00000046314.16	539.033873605736
ENSMUSG00000046317.14	0
ENSMUSG00000046318.16	21.3921082518034
ENSMUSG00000046321.8	314.648108441499
ENSMUSG00000046323.8	0
ENSMUSG00000046324.12	484.093119278732
ENSMUSG00000046329.14	4654.15435758099
ENSMUSG00000046330.10	20758.3542715025
ENSMUSG00000046334.4	0
ENSMUSG00000046337.17	0
ENSMUSG00000046338.4	37.0516783190929
ENSMUSG00000046341.5	231.847269100525
ENSMUSG00000046345.5	0
ENSMUSG00000046351.11	221.079272271169
ENSMUSG00000046352.7	12.6120709066567
ENSMUSG00000046354.3	0
ENSMUSG00000046364.14	14876.3909358566
ENSMUSG00000046367.10	0
ENSMUSG00000046372.4	0
ENSMUSG00000046378.11	3251.98129803444
ENSMUSG00000046380.3	126.516440752942
ENSMUSG00000046387.5	75.1675468407762
ENSMUSG00000046388.4	0
ENSMUSG00000046396.7	0
ENSMUSG00000046402.10	53.7866123364073
ENSMUSG00000046404.5	51.2845044122852
ENSMUSG00000046408.15	0
ENSMUSG00000046410.10	43.1644048206455
ENSMUSG00000046411.2	0
ENSMUSG00000046413.14	0
ENSMUSG00000046415.11	16.3542151033305
ENSMUSG00000046417.14	241.295327999697
ENSMUSG00000046431.2	0
ENSMUSG00000046432.12	39591.7912481867
ENSMUSG00000046434.16	12308.7374659561
ENSMUSG00000046435.7	0
ENSMUSG00000046438.5	0
ENSMUSG00000046440.9	100.004259249328
ENSMUSG00000046441.5	19.6617067671184
ENSMUSG00000046442.4	569.584990267909
ENSMUSG00000046447.3	12420.9827215779
ENSMUSG00000046449.15	18.1862415088166
ENSMUSG00000046450.3	0
ENSMUSG00000046456.14	0
ENSMUSG00000046460.15	0
ENSMUSG00000046463.5	15.1946422969414
ENSMUSG00000046470.5	35.1816049914764
ENSMUSG00000046474.9	0
ENSMUSG00000046480.6	8193.26516499457
ENSMUSG00000046486.4	0
ENSMUSG00000046487.6	114.504849530344
ENSMUSG00000046490.7	0
ENSMUSG00000046491.10	51.2749224556863
ENSMUSG00000046493.5	0
ENSMUSG00000046500.8	10.8295148634157
ENSMUSG00000046516.10	18962.236607304
ENSMUSG00000046518.3	0
ENSMUSG00000046519.15	355.051848567778
ENSMUSG00000046523.5	62.4461105402352
ENSMUSG00000046532.8	100.264002059803
ENSMUSG00000046541.9	78.1928233528799
ENSMUSG00000046546.3	227.272836777905
ENSMUSG00000046550.8	444.872423070771
ENSMUSG00000046556.7	232.906434237928
ENSMUSG00000046561.9	0
ENSMUSG00000046562.5	239.229308341371
ENSMUSG00000046567.10	232.350836813119
ENSMUSG00000046572.10	79.7200686307177
ENSMUSG00000046573.7	836.296005578142
ENSMUSG00000046574.8	1042.9654820691
ENSMUSG00000046580.10	0
ENSMUSG00000046585.9	16.3639531178544
ENSMUSG00000046589.7	0
ENSMUSG00000046590.3	0
ENSMUSG00000046591.10	0
ENSMUSG00000046593.3	94.3162912082121
ENSMUSG00000046598.15	1593.98463553127
ENSMUSG00000046603.16	272.289024937349
ENSMUSG00000046605.14	62.490150086688
ENSMUSG00000046607.6	338.465981080484
ENSMUSG00000046610.15	0
ENSMUSG00000046613.19	635.214900960527
ENSMUSG00000046615.2	0
ENSMUSG00000046618.7	0
ENSMUSG00000046620.4	0
ENSMUSG00000046623.8	0
ENSMUSG00000046634.12	0
ENSMUSG00000046636.5	72.1094357412391
ENSMUSG00000046637.3	60.893084493177
ENSMUSG00000046643.2	0
ENSMUSG00000046650.4	0
ENSMUSG00000046652.3	0
ENSMUSG00000046658.16	132.763252223709
ENSMUSG00000046667.14	85.5447122026039
ENSMUSG00000046668.9	1361.39172166479
ENSMUSG00000046671.18	1766.59790315155
ENSMUSG00000046675.7	124.423360650411
ENSMUSG00000046676.4	0
ENSMUSG00000046678.6	0
ENSMUSG00000046679.16	885.689493689267
ENSMUSG00000046683.16	0
ENSMUSG00000046687.6	36.8364432288458
ENSMUSG00000046688.14	37.7290009254518
ENSMUSG00000046691.14	954.609355134896
ENSMUSG00000046694.6	2.95608042813077
ENSMUSG00000046697.17	0
ENSMUSG00000046699.14	99.2492822194575
ENSMUSG00000046707.9	1302.47595350533
ENSMUSG00000046709.18	5719.78447543444
ENSMUSG00000046711.16	2164.26817228334
ENSMUSG00000046714.7	0
ENSMUSG00000046716.7	0
ENSMUSG00000046717.5	13.1592412035131
ENSMUSG00000046718.8	26.8631869886665
ENSMUSG00000046719.7	165.84079063473
ENSMUSG00000046721.11	155.348079985185
ENSMUSG00000046722.14	923.280040023603
ENSMUSG00000046723.4	0
ENSMUSG00000046727.13	3601.51727924086
ENSMUSG00000046731.5	0
ENSMUSG00000046733.7	0
ENSMUSG00000046743.6	0.200877761141257
ENSMUSG00000046747.8	24.4279030680564
ENSMUSG00000046748.8	0
ENSMUSG00000046750.17	192.125907857377
ENSMUSG00000046753.10	225.682138347736
ENSMUSG00000046755.5	0
ENSMUSG00000046756.10	2259.94747340906
ENSMUSG00000046761.13	3.66061953662076
ENSMUSG00000046764.8	0
ENSMUSG00000046768.13	0
ENSMUSG00000046774.17	0
ENSMUSG00000046782.14	0
ENSMUSG00000046785.8	481.811021817363
ENSMUSG00000046790.7	0
ENSMUSG00000046791.8	328.384451851895
ENSMUSG00000046792.8	641.563836737455
ENSMUSG00000046793.8	421.286670989526
ENSMUSG00000046794.9	21.9016685887195
ENSMUSG00000046798.14	691.324997320029
ENSMUSG00000046804.13	0
ENSMUSG00000046805.10	92.1127533063207
ENSMUSG00000046806.13	64.0056285969761
ENSMUSG00000046807.10	242.112166391062
ENSMUSG00000046808.17	0
ENSMUSG00000046811.3	0
ENSMUSG00000046814.3	271.786736899741
ENSMUSG00000046818.7	713.042767249854
ENSMUSG00000046822.14	1562.45063484546
ENSMUSG00000046826.7	0
ENSMUSG00000046828.3	0
ENSMUSG00000046834.7	447.976196719182
ENSMUSG00000046836.13	936.005565041781
ENSMUSG00000046840.16	0
ENSMUSG00000046841.5	836.791707971312
ENSMUSG00000046844.6	2313.5940705751
ENSMUSG00000046845.1	0
ENSMUSG00000046846.4	0
ENSMUSG00000046854.16	97.89563577746
ENSMUSG00000046856.13	0
ENSMUSG00000046861.9	575.804210697525
ENSMUSG00000046862.14	208.80715794847
ENSMUSG00000046865.7	3062.31501913398
ENSMUSG00000046873.18	117.850544174187
ENSMUSG00000046876.16	278.5823104582
ENSMUSG00000046879.7	73.436739605486
ENSMUSG00000046881.7	0
ENSMUSG00000046886.6	0
ENSMUSG00000046897.17	1088.01475450866
ENSMUSG00000046899.7	0
ENSMUSG00000046908.5	0
ENSMUSG00000046909.9	161.199253404332
ENSMUSG00000046913.3	0
ENSMUSG00000046916.9	0
ENSMUSG00000046922.7	1428.00810571332
ENSMUSG00000046924.4	0
ENSMUSG00000046932.2	0
ENSMUSG00000046934.5	0
ENSMUSG00000046942.17	0
ENSMUSG00000046947.12	768.796957905458
ENSMUSG00000046949.16	93.601764392518
ENSMUSG00000046952.9	5.76880604629855
ENSMUSG00000046957.5	0
ENSMUSG00000046958.10	0
ENSMUSG00000046959.16	13.0303685689959
ENSMUSG00000046961.8	14.3739336690344
ENSMUSG00000046962.16	256.786761258523
ENSMUSG00000046971.7	0
ENSMUSG00000046974.6	0
ENSMUSG00000046975.7	0
ENSMUSG00000046982.11	293.852578425627
ENSMUSG00000046985.11	588.358477748738
ENSMUSG00000046991.12	144.631863175365
ENSMUSG00000046993.6	0
ENSMUSG00000046994.9	14.6568666871739
ENSMUSG00000046995.3	0
ENSMUSG00000046997.5	337.031715114398
ENSMUSG00000046999.2	95.811638246167
ENSMUSG00000047002.2	0
ENSMUSG00000047003.15	46.5022341450657
ENSMUSG00000047013.15	793.650087607726
ENSMUSG00000047014.7	0
ENSMUSG00000047021.14	4.57895800244724
ENSMUSG00000047022.18	99.4024062555295
ENSMUSG00000047025.5	0
ENSMUSG00000047026.9	0
ENSMUSG00000047030.15	668.448403661856
ENSMUSG00000047031.5	0
ENSMUSG00000047033.2	41.8395354600296
ENSMUSG00000047034.10	39.3604928972318
ENSMUSG00000047036.8	343.679252125142
ENSMUSG00000047037.5	381.511688243326
ENSMUSG00000047039.4	0
ENSMUSG00000047040.9	43.2622219280751
ENSMUSG00000047044.7	659.69577008835
ENSMUSG00000047045.17	232.77444044491
ENSMUSG00000047046.8	0
ENSMUSG00000047048.4	0
ENSMUSG00000047050.2	0
ENSMUSG00000047053.5	0
ENSMUSG00000047061.6	0
ENSMUSG00000047067.7	1482.21005061149
ENSMUSG00000047079.1	0
ENSMUSG00000047084.8	2665.96041194522
ENSMUSG00000047085.14	3480.53730549538
ENSMUSG00000047090.13	65.7982971937612
ENSMUSG00000047094.9	0
ENSMUSG00000047098.18	198.209638796453
ENSMUSG00000047102.4	0
ENSMUSG00000047104.5	0
ENSMUSG00000047108.4	0
ENSMUSG00000047109.13	0
ENSMUSG00000047115.15	130.25524531002
ENSMUSG00000047117.13	38.9651045382919
ENSMUSG00000047123.8	71.9890526578454
ENSMUSG00000047126.17	7791.26659809957
ENSMUSG00000047129.11	0
ENSMUSG00000047139.9	252.834250978865
ENSMUSG00000047141.5	29.1612335699761
ENSMUSG00000047143.3	10.8672496696959
ENSMUSG00000047146.17	1.46675722608332
ENSMUSG00000047149.5	0
ENSMUSG00000047150.8	0
ENSMUSG00000047153.4	134.139433430086
ENSMUSG00000047155.13	162.872818592709
ENSMUSG00000047161.12	33.0493855613389
ENSMUSG00000047168.6	0
ENSMUSG00000047171.8	0
ENSMUSG00000047180.8	46.0370254704525
ENSMUSG00000047181.12	1224.35678949308
ENSMUSG00000047182.6	0
ENSMUSG00000047187.9	4426.99097983172
ENSMUSG00000047189.3	0
ENSMUSG00000047193.16	36.4326277419524
ENSMUSG00000047197.1	48.8190388889679
ENSMUSG00000047203.3	0
ENSMUSG00000047205.12	125.858001155516
ENSMUSG00000047207.3	0
ENSMUSG00000047213.14	223.867184679252
ENSMUSG00000047215.14	22915.5857295216
ENSMUSG00000047216.8	7.18571837111671
ENSMUSG00000047220.5	69.4262382008738
ENSMUSG00000047221.5	420.130250553223
ENSMUSG00000047222.7	0
ENSMUSG00000047225.8	0
ENSMUSG00000047227.5	16.7219499979492
ENSMUSG00000047228.9	1300.0398892951
ENSMUSG00000047230.6	23.0224766065229
ENSMUSG00000047237.13	0
ENSMUSG00000047238.4	1181.74042889367
ENSMUSG00000047242.14	622.831236432993
ENSMUSG00000047246.7	15.2911173062154
ENSMUSG00000047248.20	207.540685463413
ENSMUSG00000047250.13	303.231566087166
ENSMUSG00000047253.4	0
ENSMUSG00000047257.13	36.6807286312178
ENSMUSG00000047259.3	56.1427748890104
ENSMUSG00000047260.4	2241.86451103505
ENSMUSG00000047261.9	16792.3316851905
ENSMUSG00000047264.8	805.01975016137
ENSMUSG00000047281.3	12.8530243429542
ENSMUSG00000047284.14	808.092593129033
ENSMUSG00000047286.7	0
ENSMUSG00000047293.7	0
ENSMUSG00000047295.16	0
ENSMUSG00000047298.3	10.2928316591236
ENSMUSG00000047307.2	57.6193637643727
ENSMUSG00000047324.5	0
ENSMUSG00000047330.8	41.8265514406643
ENSMUSG00000047342.17	481.683928243192
ENSMUSG00000047343.4	0
ENSMUSG00000047344.9	29.0007748114262
ENSMUSG00000047347.7	21.5118358919118
ENSMUSG00000047352.6	0
ENSMUSG00000047356.2	0
ENSMUSG00000047361.16	31.2371473007508
ENSMUSG00000047363.4	95.5761156256617
ENSMUSG00000047368.4	369.958283088713
ENSMUSG00000047369.17	111.944219884323
ENSMUSG00000047370.5	7.28893508275346
ENSMUSG00000047371.7	241.389274870585
ENSMUSG00000047379.7	4495.24219549163
ENSMUSG00000047383.8	0
ENSMUSG00000047384.3	8.93812402323558
ENSMUSG00000047388.10	1166.20058646649
ENSMUSG00000047390.6	0
ENSMUSG00000047394.9	98.3814128865965
ENSMUSG00000047407.17	51.0536011063618
ENSMUSG00000047409.13	207.112150401189
ENSMUSG00000047412.16	114.21230334402
ENSMUSG00000047414.6	202.661784128994
ENSMUSG00000047415.12	98.5774216404758
ENSMUSG00000047417.18	593.095803333539
ENSMUSG00000047419.5	5.74926759408065
ENSMUSG00000047420.8	0
ENSMUSG00000047423.10	3083.76802118814
ENSMUSG00000047428.14	709.639861770683
ENSMUSG00000047434.14	721.241863363161
ENSMUSG00000047441.4	0
ENSMUSG00000047443.14	0
ENSMUSG00000047444.3	0
ENSMUSG00000047446.18	755.739029506896
ENSMUSG00000047454.12	1712.01804838204
ENSMUSG00000047459.14	22405.2527810301
ENSMUSG00000047462.9	0
ENSMUSG00000047466.10	444.923890974457
ENSMUSG00000047473.14	220.661754898455
ENSMUSG00000047485.6	0
ENSMUSG00000047492.5	0
ENSMUSG00000047495.15	397.297165844556
ENSMUSG00000047496.6	61.6079234247212
ENSMUSG00000047497.10	0
ENSMUSG00000047501.3	0
ENSMUSG00000047502.14	500.933454818634
ENSMUSG00000047507.12	1319.06556638283
ENSMUSG00000047508.9	0
ENSMUSG00000047509.1	0
ENSMUSG00000047511.6	0
ENSMUSG00000047514.6	4542.68964127721
ENSMUSG00000047515.8	134.982988938222
ENSMUSG00000047517.12	0
ENSMUSG00000047518.3	0
ENSMUSG00000047528.13	0
ENSMUSG00000047531.9	54.589280668177
ENSMUSG00000047534.17	4.11537233025472
ENSMUSG00000047535.11	0
ENSMUSG00000047539.9	479.456107728161
ENSMUSG00000047544.7	0
ENSMUSG00000047545.5	0
ENSMUSG00000047547.14	17503.0230340487
ENSMUSG00000047554.14	883.976352211094
ENSMUSG00000047557.2	443.86887697786
ENSMUSG00000047562.3	0
ENSMUSG00000047564.4	0
ENSMUSG00000047565.5	1.12823637503639
ENSMUSG00000047583.9	207.141863830121
ENSMUSG00000047586.4	0
ENSMUSG00000047591.5	45.2746512949341
ENSMUSG00000047592.17	0
ENSMUSG00000047594.4	0
ENSMUSG00000047603.9	272.727797399457
ENSMUSG00000047604.3	222.794910676143
ENSMUSG00000047606.4	55.9199553836053
ENSMUSG00000047613.10	1335.85284222821
ENSMUSG00000047617.11	3865.40152371967
ENSMUSG00000047619.5	0
ENSMUSG00000047626.4	0
ENSMUSG00000047631.4	0
ENSMUSG00000047632.11	94.8526935082391
ENSMUSG00000047635.6	575.528206651258
ENSMUSG00000047636.3	0
ENSMUSG00000047638.15	0
ENSMUSG00000047641.8	0
ENSMUSG00000047642.15	0
ENSMUSG00000047643.5	0
ENSMUSG00000047648.13	20.1358419550452
ENSMUSG00000047649.9	1340.6253744809
ENSMUSG00000047652.4	0
ENSMUSG00000047654.6	0
ENSMUSG00000047655.2	0
ENSMUSG00000047656.9	923.369461214664
ENSMUSG00000047657.6	0
ENSMUSG00000047658.6	922.353867449938
ENSMUSG00000047661.9	0
ENSMUSG00000047667.5	0
ENSMUSG00000047669.8	382.517387935603
ENSMUSG00000047671.8	0
ENSMUSG00000047674.2	0
ENSMUSG00000047675.15	22991.2066558463
ENSMUSG00000047676.6	43.7625124242425
ENSMUSG00000047678.1	0
ENSMUSG00000047686.9	0
ENSMUSG00000047692.6	0
ENSMUSG00000047694.12	238.255069926787
ENSMUSG00000047696.16	0
ENSMUSG00000047702.2	0
ENSMUSG00000047710.8	550.378348410275
ENSMUSG00000047712.8	496.635120177035
ENSMUSG00000047714.14	7166.03500350959
ENSMUSG00000047716.4	0
ENSMUSG00000047719.2	121.655923042096
ENSMUSG00000047720.7	0
ENSMUSG00000047721.8	6182.67622045738
ENSMUSG00000047728.13	0
ENSMUSG00000047730.17	7.85623685194294
ENSMUSG00000047731.17	414.91863372257
ENSMUSG00000047733.10	0
ENSMUSG00000047735.14	9.54687477732183
ENSMUSG00000047746.14	17.062593236777
ENSMUSG00000047747.10	377.44263390523
ENSMUSG00000047749.2	26.7649641306317
ENSMUSG00000047751.9	0
ENSMUSG00000047757.17	38.018550799614
ENSMUSG00000047759.6	28.5550733774459
ENSMUSG00000047766.15	2576.45691593437
ENSMUSG00000047767.17	488.245508548811
ENSMUSG00000047773.15	49.288960512918
ENSMUSG00000047777.9	285.786662145569
ENSMUSG00000047786.12	107.694356834249
ENSMUSG00000047787.8	157.06584077794
ENSMUSG00000047789.5	89.9022240093865
ENSMUSG00000047793.13	3.37905982822187
ENSMUSG00000047794.6	0
ENSMUSG00000047797.14	103.688474744218
ENSMUSG00000047798.15	0
ENSMUSG00000047799.15	0
ENSMUSG00000047804.15	221.454466734606
ENSMUSG00000047807.10	0
ENSMUSG00000047810.9	46.5194317284077
ENSMUSG00000047819.3	7.68270043927274
ENSMUSG00000047821.16	9.2842605010256
ENSMUSG00000047822.8	0
ENSMUSG00000047824.13	933.33397821104
ENSMUSG00000047828.4	0
ENSMUSG00000047832.9	78.5806272966618
ENSMUSG00000047841.8	0
ENSMUSG00000047842.7	1976.58954075124
ENSMUSG00000047843.16	4189.40168422484
ENSMUSG00000047844.3	2580.79545109746
ENSMUSG00000047854.5	0
ENSMUSG00000047861.2	0
ENSMUSG00000047866.18	1690.38451852017
ENSMUSG00000047867.11	36.88404089599
ENSMUSG00000047868.6	0
ENSMUSG00000047875.6	58.7346785432139
ENSMUSG00000047878.13	0
ENSMUSG00000047879.17	1571.06025693644
ENSMUSG00000047880.15	0
ENSMUSG00000047881.14	52.2966649026596
ENSMUSG00000047884.6	0
ENSMUSG00000047888.10	74.8321471482305
ENSMUSG00000047889.9	0
ENSMUSG00000047894.2	0
ENSMUSG00000047897.10	182.604626579766
ENSMUSG00000047898.7	0
ENSMUSG00000047904.6	326.866819742242
ENSMUSG00000047905.10	83.4677684895237
ENSMUSG00000047907.11	185.204645246073
ENSMUSG00000047909.11	255.909871777594
ENSMUSG00000047910.6	35.200394365654
ENSMUSG00000047911.6	0
ENSMUSG00000047921.17	1087.40331955826
ENSMUSG00000047935.17	136.092467150666
ENSMUSG00000047938.7	0
ENSMUSG00000047940.13	0
ENSMUSG00000047945.6	2750.21661628375
ENSMUSG00000047953.7	73.2390766376011
ENSMUSG00000047959.4	5.38836803657966
ENSMUSG00000047960.4	0
ENSMUSG00000047963.7	84.8777206308841
ENSMUSG00000047965.9	0
ENSMUSG00000047969.5	0
ENSMUSG00000047976.4	203.803410274001
ENSMUSG00000047977.3	0
ENSMUSG00000047980.6	0
ENSMUSG00000047986.12	30.2231765384456
ENSMUSG00000047988.1	0
ENSMUSG00000047989.11	743.700970860206
ENSMUSG00000047990.6	0
ENSMUSG00000047992.11	55.3706626989681
ENSMUSG00000047995.7	0
ENSMUSG00000047996.16	9.88570774421889
ENSMUSG00000048000.15	723.865041025547
ENSMUSG00000048001.7	139.886578636386
ENSMUSG00000048003.12	0
ENSMUSG00000048004.15	346.135915981486
ENSMUSG00000048007.4	966.675597842852
ENSMUSG00000048012.19	0.539492246943231
ENSMUSG00000048013.9	0
ENSMUSG00000048015.4	0
ENSMUSG00000048022.11	88.2317487679258
ENSMUSG00000048027.9	870.451529712328
ENSMUSG00000048029.10	89.7997875873751
ENSMUSG00000048031.15	0
ENSMUSG00000048038.8	33.1766664050204
ENSMUSG00000048039.8	139.858519421459
ENSMUSG00000048040.8	1894.60828642112
ENSMUSG00000048047.3	13.1508140755597
ENSMUSG00000048058.17	45.3487788093391
ENSMUSG00000048062.4	0
ENSMUSG00000048065.8	0
ENSMUSG00000048067.8	0
ENSMUSG00000048070.4	5.50353878527625
ENSMUSG00000048076.14	14649.6640209121
ENSMUSG00000048077.6	0
ENSMUSG00000048078.16	385.441944662871
ENSMUSG00000048080.2	0
ENSMUSG00000048087.6	795.41447850849
ENSMUSG00000048096.7	3.77048431586521
ENSMUSG00000048100.13	724.840028518171
ENSMUSG00000048101.6	0
ENSMUSG00000048106.6	551.098805427121
ENSMUSG00000048108.13	11.9751673028891
ENSMUSG00000048109.10	50.5162312471994
ENSMUSG00000048118.17	326.262501033227
ENSMUSG00000048120.16	129.868440136958
ENSMUSG00000048126.16	274.328452325244
ENSMUSG00000048138.10	27.4514941545695
ENSMUSG00000048142.9	5147.23207493304
ENSMUSG00000048148.18	63.9555027914458
ENSMUSG00000048153.6	0
ENSMUSG00000048154.17	77.2603148274577
ENSMUSG00000048155.4	0
ENSMUSG00000048163.13	1266.1549071798
ENSMUSG00000048164.9	6.92038868692438
ENSMUSG00000048170.14	303.53787658248
ENSMUSG00000048173.5	0
ENSMUSG00000048174.2	80.4295079580547
ENSMUSG00000048175.13	1109.32518204248
ENSMUSG00000048185.5	0
ENSMUSG00000048186.14	41.5257966074827
ENSMUSG00000048188.6	0
ENSMUSG00000048191.15	0
ENSMUSG00000048197.4	0
ENSMUSG00000048200.12	88.3660834298202
ENSMUSG00000048206.6	0
ENSMUSG00000048215.14	0
ENSMUSG00000048216.13	656.205003997368
ENSMUSG00000048217.11	0
ENSMUSG00000048218.6	260.626472869947
ENSMUSG00000048222.3	1783.12343864501
ENSMUSG00000048226.5	0
ENSMUSG00000048230.6	0
ENSMUSG00000048231.14	0
ENSMUSG00000048232.12	413.905849000495
ENSMUSG00000048234.13	654.367109813899
ENSMUSG00000048236.8	0
ENSMUSG00000048240.14	6975.73584729983
ENSMUSG00000048249.14	166.970899704867
ENSMUSG00000048251.15	920.850998419995
ENSMUSG00000048261.6	1.38620012516573
ENSMUSG00000048264.16	337.375947685503
ENSMUSG00000048271.14	366.554909435766
ENSMUSG00000048277.15	50.2426929161488
ENSMUSG00000048279.19	43.9512800903988
ENSMUSG00000048280.18	55.7310316595239
ENSMUSG00000048281.9	402.65816132108
ENSMUSG00000048284.4	0
ENSMUSG00000048285.9	77.3478321118331
ENSMUSG00000048292.3	0
ENSMUSG00000048294.4	0
ENSMUSG00000048299.8	0
ENSMUSG00000048304.8	462.288206603551
ENSMUSG00000048307.8	6033.41168414176
ENSMUSG00000048310.8	63.4065846458287
ENSMUSG00000048312.7	0
ENSMUSG00000048316.3	0
ENSMUSG00000048327.6	11.1572365060482
ENSMUSG00000048329.7	0
ENSMUSG00000048330.14	1055.34696178568
ENSMUSG00000048332.13	387.363704375268
ENSMUSG00000048334.8	0
ENSMUSG00000048337.3	0
ENSMUSG00000048347.5	50.8597147402634
ENSMUSG00000048349.9	0
ENSMUSG00000048351.14	1849.6053631853
ENSMUSG00000048355.2	1237.16496278837
ENSMUSG00000048356.6	0
ENSMUSG00000048368.9	0
ENSMUSG00000048371.8	2.87979931435991
ENSMUSG00000048373.8	0
ENSMUSG00000048376.6	202.387933682093
ENSMUSG00000048377.7	0
ENSMUSG00000048378.2	0
ENSMUSG00000048379.9	9.02610948138617
ENSMUSG00000048385.9	2247.2820931152
ENSMUSG00000048387.8	10.1525043729068
ENSMUSG00000048388.3	1182.8609872188
ENSMUSG00000048391.3	0
ENSMUSG00000048398.7	0
ENSMUSG00000048399.4	0
ENSMUSG00000048400.13	0
ENSMUSG00000048402.14	0
ENSMUSG00000048406.5	70.821115146673
ENSMUSG00000048410.17	58.7345849084588
ENSMUSG00000048411.4	0
ENSMUSG00000048416.15	3.42547145513564
ENSMUSG00000048424.17	16.1643862432837
ENSMUSG00000048425.3	0
ENSMUSG00000048429.10	1322.83742400843
ENSMUSG00000048439.15	382.896359000826
ENSMUSG00000048440.16	125.18798206005
ENSMUSG00000048442.15	30.525648008803
ENSMUSG00000048445.6	98.644838664103
ENSMUSG00000048450.10	2.6454003109151
ENSMUSG00000048455.9	0
ENSMUSG00000048456.3	0
ENSMUSG00000048458.8	925.536762466356
ENSMUSG00000048469.6	0
ENSMUSG00000048473.15	0
ENSMUSG00000048478.7	289.16397412503
ENSMUSG00000048480.5	0
ENSMUSG00000048481.15	2408.42404204945
ENSMUSG00000048482.14	34.421665319589
ENSMUSG00000048483.6	943.64410108826
ENSMUSG00000048484.4	0
ENSMUSG00000048485.12	11.1326417770583
ENSMUSG00000048486.6	561.949949918951
ENSMUSG00000048489.12	0
ENSMUSG00000048490.14	51.1724236105049
ENSMUSG00000048495.16	689.636793898281
ENSMUSG00000048497.11	530.552250224895
ENSMUSG00000048498.7	0
ENSMUSG00000048500.2	0
ENSMUSG00000048501.3	0
ENSMUSG00000048502.14	25.3718350335932
ENSMUSG00000048503.7	209.953497042814
ENSMUSG00000048516.2	0
ENSMUSG00000048520.16	0
ENSMUSG00000048521.8	0
ENSMUSG00000048528.7	0
ENSMUSG00000048534.7	0
ENSMUSG00000048537.16	331.244369386602
ENSMUSG00000048538.7	0
ENSMUSG00000048540.8	0.880822140641303
ENSMUSG00000048546.8	248.810671920132
ENSMUSG00000048550.17	333.328117225215
ENSMUSG00000048559.5	0
ENSMUSG00000048562.7	65.5172368707225
ENSMUSG00000048572.5	0
ENSMUSG00000048573.9	0
ENSMUSG00000048574.9	0
ENSMUSG00000048578.11	991.159806610271
ENSMUSG00000048581.12	269.349361802935
ENSMUSG00000048582.7	0
ENSMUSG00000048583.16	73.293291160768
ENSMUSG00000048592.9	0
ENSMUSG00000048600.7	6.69641435287378
ENSMUSG00000048602.9	74.8474408248867
ENSMUSG00000048603.8	6.25948337428204
ENSMUSG00000048612.16	77.0289745593441
ENSMUSG00000048616.4	547.390869127621
ENSMUSG00000048617.16	21.7615909951828
ENSMUSG00000048620.6	0
ENSMUSG00000048621.3	0
ENSMUSG00000048626.5	0
ENSMUSG00000048628.5	0
ENSMUSG00000048636.7	0
ENSMUSG00000048643.5	0
ENSMUSG00000048644.8	17275.1440682898
ENSMUSG00000048647.9	10.2413325438527
ENSMUSG00000048652.12	0
ENSMUSG00000048655.17	0
ENSMUSG00000048661.14	299.310298604105
ENSMUSG00000048668.16	1076.24439762662
ENSMUSG00000048677.9	30.1567582855388
ENSMUSG00000048686.4	0
ENSMUSG00000048693.5	0
ENSMUSG00000048696.11	200.754100841437
ENSMUSG00000048697.4	0
ENSMUSG00000048699.4	13.2725080455239
ENSMUSG00000048701.13	534.259031695749
ENSMUSG00000048703.9	0
ENSMUSG00000048706.3	330.250748577725
ENSMUSG00000048707.9	200.385835349874
ENSMUSG00000048709.6	0
ENSMUSG00000048720.8	157.852435143428
ENSMUSG00000048721.2	325.459801489872
ENSMUSG00000048728.15	218.690087861623
ENSMUSG00000048731.15	160.763945428161
ENSMUSG00000048732.5	40.8705718033126
ENSMUSG00000048745.3	0
ENSMUSG00000048747.14	79.8865824367601
ENSMUSG00000048752.7	0
ENSMUSG00000048755.9	682.511563578919
ENSMUSG00000048756.11	585.883773596257
ENSMUSG00000048758.14	3395.03332441122
ENSMUSG00000048763.11	70.4895856906689
ENSMUSG00000048764.16	0
ENSMUSG00000048766.6	0
ENSMUSG00000048772.15	634.860805528559
ENSMUSG00000048775.10	0
ENSMUSG00000048776.8	354.757897860129
ENSMUSG00000048779.5	69.243806486475
ENSMUSG00000048782.15	47.6506956271903
ENSMUSG00000048787.13	97.6793082817375
ENSMUSG00000048794.14	28.377292189214
ENSMUSG00000048796.7	232.311322946493
ENSMUSG00000048799.8	393.569004437968
ENSMUSG00000048806.4	0
ENSMUSG00000048807.2	466.830896744214
ENSMUSG00000048810.2	0
ENSMUSG00000048814.11	1073.92600109188
ENSMUSG00000048824.7	0
ENSMUSG00000048826.7	1311.08616861643
ENSMUSG00000048827.12	3.03954020645453
ENSMUSG00000048830.3	0
ENSMUSG00000048832.9	349.826904390324
ENSMUSG00000048833.9	474.920471405711
ENSMUSG00000048834.16	2393.08517101816
ENSMUSG00000048852.13	0
ENSMUSG00000048856.9	51.4191824016147
ENSMUSG00000048865.16	16.1361397588473
ENSMUSG00000048874.15	782.681712402589
ENSMUSG00000048875.3	0
ENSMUSG00000048878.6	1215.67007478712
ENSMUSG00000048895.13	2998.98315502267
ENSMUSG00000048897.15	279.280107864327
ENSMUSG00000048899.8	469.007655106164
ENSMUSG00000048904.5	0
ENSMUSG00000048905.5	53.029325649246
ENSMUSG00000048911.15	224.903190820576
ENSMUSG00000048915.12	170.544438919302
ENSMUSG00000048916.7	0
ENSMUSG00000048919.5	0
ENSMUSG00000048920.8	1635.64582799453
ENSMUSG00000048921.11	123.825346681569
ENSMUSG00000048922.18	0
ENSMUSG00000048924.14	0
ENSMUSG00000048930.12	1546.07925337037
ENSMUSG00000048933.8	0
ENSMUSG00000048938.12	0
ENSMUSG00000048939.13	27.0236145356314
ENSMUSG00000048949.8	3.36242405341014
ENSMUSG00000048960.13	54.8681873918498
ENSMUSG00000048965.9	299.043408340662
ENSMUSG00000048967.16	1692.65263319145
ENSMUSG00000048970.9	1158.06725316281
ENSMUSG00000048978.14	3111.54695608108
ENSMUSG00000048981.1	0
ENSMUSG00000048982.3	0
ENSMUSG00000048988.8	943.341286290468
ENSMUSG00000048992.9	0
ENSMUSG00000048994.2	0
ENSMUSG00000048996.6	0
ENSMUSG00000048997.17	174.108208907629
ENSMUSG00000049001.5	153.297697330951
ENSMUSG00000049008.4	0
ENSMUSG00000049010.6	0
ENSMUSG00000049011.2	0
ENSMUSG00000049013.3	0
ENSMUSG00000049015.3	0
ENSMUSG00000049018.8	0
ENSMUSG00000049028.8	0
ENSMUSG00000049036.7	506.950299331028
ENSMUSG00000049037.8	0
ENSMUSG00000049038.3	746.959273066014
ENSMUSG00000049041.6	0
ENSMUSG00000049044.16	3211.49132029877
ENSMUSG00000049047.11	1681.26193402951
ENSMUSG00000049052.4	0
ENSMUSG00000049057.4	0
ENSMUSG00000049062.3	0
ENSMUSG00000049073.7	0
ENSMUSG00000049076.12	84.5874528902666
ENSMUSG00000049086.8	5288.86977954656
ENSMUSG00000049090.3	294.494444671412
ENSMUSG00000049091.6	932.532651977426
ENSMUSG00000049092.11	493.177001403976
ENSMUSG00000049093.9	0
ENSMUSG00000049094.7	0
ENSMUSG00000049097.9	1587.7738422296
ENSMUSG00000049098.4	0
ENSMUSG00000049100.15	2328.832939688
ENSMUSG00000049103.14	0
ENSMUSG00000049106.7	519.079277324859
ENSMUSG00000049107.13	142.375296790538
ENSMUSG00000049109.15	0
ENSMUSG00000049112.9	291.836559726491
ENSMUSG00000049115.15	41.5907167043089
ENSMUSG00000049119.14	1946.61034517284
ENSMUSG00000049122.17	88.8389389427614
ENSMUSG00000049123.10	3.61043130792046
ENSMUSG00000049124.4	2593.55434130002
ENSMUSG00000049128.7	0
ENSMUSG00000049130.6	0
ENSMUSG00000049133.7	0
ENSMUSG00000049134.15	6.92669342709693
ENSMUSG00000049148.8	0
ENSMUSG00000049149.9	0
ENSMUSG00000049152.11	0
ENSMUSG00000049154.12	270.565458789782
ENSMUSG00000049160.15	0
ENSMUSG00000049164.7	26.9170893959833
ENSMUSG00000049168.9	0
ENSMUSG00000049173.8	0
ENSMUSG00000049176.16	246.498517702397
ENSMUSG00000049184.6	146.144033257642
ENSMUSG00000049191.12	886.345904533668
ENSMUSG00000049202.5	0
ENSMUSG00000049214.13	14.7171362578333
ENSMUSG00000049217.4	0
ENSMUSG00000049225.14	830.565152819219
ENSMUSG00000049229.5	0
ENSMUSG00000049230.8	91.0377638953159
ENSMUSG00000049231.6	0
ENSMUSG00000049232.3	147.673182442166
ENSMUSG00000049233.7	52.3332448802944
ENSMUSG00000049235.8	0
ENSMUSG00000049241.5	0
ENSMUSG00000049246.5	0
ENSMUSG00000049249.2	0
ENSMUSG00000049252.17	182.881785454678
ENSMUSG00000049265.7	418.387520492458
ENSMUSG00000049280.4	0
ENSMUSG00000049281.16	2436.03933460216
ENSMUSG00000049285.4	201.667695146342
ENSMUSG00000049287.5	117.579315500427
ENSMUSG00000049288.4	221.986655470656
ENSMUSG00000049291.6	0
ENSMUSG00000049295.17	980.94831234169
ENSMUSG00000049299.14	3906.03560534334
ENSMUSG00000049300.11	177.431587268188
ENSMUSG00000049303.10	997.897045716341
ENSMUSG00000049305.6	739.949712880709
ENSMUSG00000049307.6	24.3369525093296
ENSMUSG00000049313.8	1548.23019975152
ENSMUSG00000049314.11	0
ENSMUSG00000049315.4	0
ENSMUSG00000049321.17	325.290603487519
ENSMUSG00000049323.8	192.718334952502
ENSMUSG00000049327.17	1033.7128076921
ENSMUSG00000049334.3	0
ENSMUSG00000049336.16	214.219964656115
ENSMUSG00000049339.16	6780.46109626529
ENSMUSG00000049349.3	3.10558392034125
ENSMUSG00000049350.6	0
ENSMUSG00000049353.17	0
ENSMUSG00000049354.8	1305.95264317147
ENSMUSG00000049357.11	0
ENSMUSG00000049362.6	0
ENSMUSG00000049372.11	0
ENSMUSG00000049382.10	0
ENSMUSG00000049387.10	0
ENSMUSG00000049396.6	0
ENSMUSG00000049401.10	1061.92052733994
ENSMUSG00000049404.7	103.396303096915
ENSMUSG00000049409.9	15.8150037606524
ENSMUSG00000049410.8	0
ENSMUSG00000049411.15	33.6333231053401
ENSMUSG00000049414.7	0
ENSMUSG00000049420.9	97.4295531784664
ENSMUSG00000049421.13	773.444831087613
ENSMUSG00000049422.7	41341.1566734443
ENSMUSG00000049427.2	0
ENSMUSG00000049436.5	31.5733272829218
ENSMUSG00000049439.13	75.246293669763
ENSMUSG00000049456.3	0
ENSMUSG00000049460.7	0
ENSMUSG00000049470.13	515.974973079503
ENSMUSG00000049476.12	0
ENSMUSG00000049477.5	0
ENSMUSG00000049482.16	1053.04953943607
ENSMUSG00000049488.14	78.3375826841685
ENSMUSG00000049489.5	905.258314779388
ENSMUSG00000049491.15	0
ENSMUSG00000049493.13	52.7941463561759
ENSMUSG00000049498.5	0
ENSMUSG00000049502.17	23.499826587706
ENSMUSG00000049504.12	145.294797241034
ENSMUSG00000049506.7	0
ENSMUSG00000049511.5	236.589026730398
ENSMUSG00000049515.12	0
ENSMUSG00000049516.9	105.013656220684
ENSMUSG00000049517.8	20171.4653288109
ENSMUSG00000049521.2	54.4956459131391
ENSMUSG00000049526.8	49.1658308100432
ENSMUSG00000049528.7	0
ENSMUSG00000049530.6	19.3333608927856
ENSMUSG00000049532.11	925.372433471264
ENSMUSG00000049536.5	732.842210741634
ENSMUSG00000049537.10	0
ENSMUSG00000049538.14	3.63046914549857
ENSMUSG00000049539.3	0
ENSMUSG00000049548.9	0
ENSMUSG00000049550.17	1537.67419200757
ENSMUSG00000049551.2	103.91538296726
ENSMUSG00000049553.11	185.221218597714
ENSMUSG00000049555.10	133.836743478634
ENSMUSG00000049556.5	1810.95602625258
ENSMUSG00000049560.4	0
ENSMUSG00000049561.9	0
ENSMUSG00000049562.6	47.501660308755
ENSMUSG00000049565.16	0
ENSMUSG00000049571.18	211.11759552903
ENSMUSG00000049573.3	0
ENSMUSG00000049576.6	0
ENSMUSG00000049577.15	157.869539092015
ENSMUSG00000049580.12	3.65643718422907
ENSMUSG00000049583.15	453.774872252337
ENSMUSG00000049588.13	0
ENSMUSG00000049593.8	0
ENSMUSG00000049598.9	92.5580177781108
ENSMUSG00000049600.8	702.412101394554
ENSMUSG00000049604.3	0
ENSMUSG00000049605.3	0
ENSMUSG00000049606.16	289.673815366212
ENSMUSG00000049608.8	0
ENSMUSG00000049612.10	2280.43329086685
ENSMUSG00000049618.6	0
ENSMUSG00000049620.9	0
ENSMUSG00000049624.14	468.63963930728
ENSMUSG00000049625.6	59.2081582878554
ENSMUSG00000049630.6	79.60215126254
ENSMUSG00000049641.15	0
ENSMUSG00000049643.15	989.049997098173
ENSMUSG00000049648.4	0
ENSMUSG00000049649.8	139.079384624789
ENSMUSG00000049653.5	0
ENSMUSG00000049657.9	44.342298827437
ENSMUSG00000049658.13	61.602523820514
ENSMUSG00000049659.15	3668.84609892888
ENSMUSG00000049670.9	2354.92382721712
ENSMUSG00000049672.15	208.680969510264
ENSMUSG00000049674.7	0
ENSMUSG00000049676.14	0
ENSMUSG00000049680.17	652.451436360579
ENSMUSG00000049685.8	0
ENSMUSG00000049686.14	243.188248207543
ENSMUSG00000049687.5	8.54595045755194
ENSMUSG00000049690.15	7.59917823777896
ENSMUSG00000049691.8	0
ENSMUSG00000049692.7	0
ENSMUSG00000049694.13	0
ENSMUSG00000049699.4	0
ENSMUSG00000049708.9	0
ENSMUSG00000049709.4	8.4155796669542
ENSMUSG00000049717.9	48.8779663614717
ENSMUSG00000049719.14	0
ENSMUSG00000049721.14	143.699573131038
ENSMUSG00000049723.14	0
ENSMUSG00000049728.14	338.754844299775
ENSMUSG00000049734.9	438.821838834979
ENSMUSG00000049737.2	0
ENSMUSG00000049739.10	163.853673863316
ENSMUSG00000049740.2	0
ENSMUSG00000049741.4	0
ENSMUSG00000049744.15	71.592415835505
ENSMUSG00000049751.6	17582.7317416625
ENSMUSG00000049755.14	808.168905454389
ENSMUSG00000049758.7	0
ENSMUSG00000049760.6	10191.3759051132
ENSMUSG00000049761.6	0
ENSMUSG00000049764.8	117.01694516167
ENSMUSG00000049775.16	85697.3906620882
ENSMUSG00000049791.4	35.0169950921198
ENSMUSG00000049792.6	2954.64728578175
ENSMUSG00000049796.4	720.116966627721
ENSMUSG00000049797.4	0
ENSMUSG00000049799.13	0
ENSMUSG00000049800.13	258.752747786884
ENSMUSG00000049804.9	174.66674022143
ENSMUSG00000049806.4	0
ENSMUSG00000049807.16	533.379364383753
ENSMUSG00000049809.2	0
ENSMUSG00000049811.17	52.9595989683278
ENSMUSG00000049815.3	0
ENSMUSG00000049823.9	261.480203354797
ENSMUSG00000049832.6	127.041107497005
ENSMUSG00000049843.6	0
ENSMUSG00000049848.7	0
ENSMUSG00000049858.8	136.132792518502
ENSMUSG00000049864.2	0
ENSMUSG00000049866.12	1735.70430176703
ENSMUSG00000049871.14	0
ENSMUSG00000049872.8	36.0801553124049
ENSMUSG00000049878.13	76.0201849201511
ENSMUSG00000049881.13	1270.70583717891
ENSMUSG00000049882.10	828.111703756131
ENSMUSG00000049891.4	52.1691967894681
ENSMUSG00000049892.7	636.000933517485
ENSMUSG00000049894.3	0
ENSMUSG00000049897.14	0
ENSMUSG00000049902.6	0
ENSMUSG00000049904.7	432.850282332438
ENSMUSG00000049907.8	854.851761041923
ENSMUSG00000049908.6	0
ENSMUSG00000049916.12	3.68465245708049
ENSMUSG00000049922.8	294.979285432998
ENSMUSG00000049926.5	0
ENSMUSG00000049928.15	0
ENSMUSG00000049929.7	0
ENSMUSG00000049932.3	2301.95502083121
ENSMUSG00000049939.6	1089.1400569947
ENSMUSG00000049940.7	2074.08632368383
ENSMUSG00000049946.7	955.713184050452
ENSMUSG00000049950.6	191.962983383611
ENSMUSG00000049957.14	372.57131698597
ENSMUSG00000049960.4	2970.46750187709
ENSMUSG00000049969.3	64.5124111028261
ENSMUSG00000049971.17	388.515099746384
ENSMUSG00000049972.4	0
ENSMUSG00000049985.15	294.282767701856
ENSMUSG00000049988.5	8.06451175873219
ENSMUSG00000049999.4	36.1672356345901
ENSMUSG00000050002.14	1704.30788174796
ENSMUSG00000050010.8	0
ENSMUSG00000050014.8	0
ENSMUSG00000050015.3	0
ENSMUSG00000050017.11	1117.97347528729
ENSMUSG00000050022.16	413.813712401538
ENSMUSG00000050023.4	0
ENSMUSG00000050028.5	0
ENSMUSG00000050029.7	96.4359635811745
ENSMUSG00000050030.5	0
ENSMUSG00000050035.7	35.6597352622848
ENSMUSG00000050043.16	11778.5668397811
ENSMUSG00000050050.17	0
ENSMUSG00000050052.12	601.04461374663
ENSMUSG00000050058.6	0
ENSMUSG00000050063.18	39.2654536208683
ENSMUSG00000050064.14	35.9313072634796
ENSMUSG00000050066.6	0
ENSMUSG00000050069.3	611.338132060624
ENSMUSG00000050071.8	10331.3901703439
ENSMUSG00000050074.12	188.865576898543
ENSMUSG00000050075.8	0
ENSMUSG00000050079.10	234.615424575295
ENSMUSG00000050085.5	0
ENSMUSG00000050087.3	62.6292289095043
ENSMUSG00000050088.9	205.059302031739
ENSMUSG00000050089.13	0
ENSMUSG00000050092.3	0
ENSMUSG00000050097.6	0
ENSMUSG00000050100.14	0
ENSMUSG00000050102.6	0
ENSMUSG00000050103.18	25.7860751898808
ENSMUSG00000050105.5	0
ENSMUSG00000050106.17	107.962277079997
ENSMUSG00000050107.2	16.6799704161072
ENSMUSG00000050108.12	1.8530942253696
ENSMUSG00000050114.7	0
ENSMUSG00000050121.9	51.1962068382845
ENSMUSG00000050122.19	4.89681678421582
ENSMUSG00000050128.5	0
ENSMUSG00000050132.13	451.020044124368
ENSMUSG00000050134.7	0
ENSMUSG00000050138.8	223.839468791761
ENSMUSG00000050141.13	0
ENSMUSG00000050144.13	1191.30275340558
ENSMUSG00000050147.9	0
ENSMUSG00000050148.9	2919.40275823488
ENSMUSG00000050150.16	0
ENSMUSG00000050157.6	0
ENSMUSG00000050158.7	0
ENSMUSG00000050164.11	1222.00150086486
ENSMUSG00000050174.15	106.908948508991
ENSMUSG00000050179.3	0
ENSMUSG00000050188.8	423.910816211047
ENSMUSG00000050189.4	0
ENSMUSG00000050190.4	0
ENSMUSG00000050192.8	365.206163212615
ENSMUSG00000050195.8	0
ENSMUSG00000050197.5	0
ENSMUSG00000050198.4	0
ENSMUSG00000050199.13	161.818054288792
ENSMUSG00000050201.9	0
ENSMUSG00000050211.14	479.342622405055
ENSMUSG00000050212.4	0
ENSMUSG00000050213.6	362.450242679171
ENSMUSG00000050215.6	0
ENSMUSG00000050217.13	0
ENSMUSG00000050222.11	518.93351922285
ENSMUSG00000050224.3	0
ENSMUSG00000050229.3	14.6824601868842
ENSMUSG00000050232.6	0
ENSMUSG00000050234.7	2.04404670247684
ENSMUSG00000050239.3	0
ENSMUSG00000050240.16	4.89126112208357
ENSMUSG00000050241.8	0
ENSMUSG00000050243.6	0
ENSMUSG00000050244.9	145.859789352932
ENSMUSG00000050248.11	162.360667694237
ENSMUSG00000050251.5	0
ENSMUSG00000050266.6	0
ENSMUSG00000050270.12	0
ENSMUSG00000050271.12	170.062719316217
ENSMUSG00000050272.10	553.029429229662
ENSMUSG00000050276.7	0
ENSMUSG00000050281.4	0
ENSMUSG00000050288.6	12.2195228019529
ENSMUSG00000050295.4	0
ENSMUSG00000050296.14	0
ENSMUSG00000050299.8	312.891021051628
ENSMUSG00000050304.4	0
ENSMUSG00000050310.9	49.7766103171552
ENSMUSG00000050312.12	50.8046575043011
ENSMUSG00000050315.14	111.709071802838
ENSMUSG00000050321.3	707.226051420561
ENSMUSG00000050323.14	526.825368493292
ENSMUSG00000050328.2	0
ENSMUSG00000050332.7	24.3402609373409
ENSMUSG00000050334.12	391.379293268238
ENSMUSG00000050335.17	28.4800719386605
ENSMUSG00000050343.2	0
ENSMUSG00000050345.9	0
ENSMUSG00000050350.8	0
ENSMUSG00000050357.9	2177.1005657686
ENSMUSG00000050359.7	0
ENSMUSG00000050366.6	0
ENSMUSG00000050368.4	0
ENSMUSG00000050370.5	0
ENSMUSG00000050373.13	2930.32977808988
ENSMUSG00000050377.8	0
ENSMUSG00000050379.15	1734.24906161581
ENSMUSG00000050382.14	8.47725375893915
ENSMUSG00000050383.5	0
ENSMUSG00000050390.12	25.7977795342605
ENSMUSG00000050394.14	345.53943138031
ENSMUSG00000050395.9	0
ENSMUSG00000050397.4	0
ENSMUSG00000050410.15	154.244500762309
ENSMUSG00000050423.11	76.472409575399
ENSMUSG00000050424.9	0
ENSMUSG00000050425.2	0
ENSMUSG00000050428.7	173.877961044991
ENSMUSG00000050435.2	0
ENSMUSG00000050439.7	0
ENSMUSG00000050440.8	0
ENSMUSG00000050445.4	0
ENSMUSG00000050447.15	307.836741821024
ENSMUSG00000050463.9	0
ENSMUSG00000050468.12	0
ENSMUSG00000050471.17	773.067014851035
ENSMUSG00000050473.5	674.698398714294
ENSMUSG00000050478.3	0
ENSMUSG00000050490.7	48.2115365982821
ENSMUSG00000050493.8	60.2475352803609
ENSMUSG00000050503.9	0
ENSMUSG00000050504.3	0
ENSMUSG00000050505.7	61.0951482945487
ENSMUSG00000050511.1	100.312442439743
ENSMUSG00000050520.4	0
ENSMUSG00000050526.5	0
ENSMUSG00000050530.14	1030.29632517345
ENSMUSG00000050533.3	0
ENSMUSG00000050534.8	29.099247362141
ENSMUSG00000050538.8	1822.71364880793
ENSMUSG00000050541.14	468.192595775145
ENSMUSG00000050545.10	397.090139401168
ENSMUSG00000050549.8	37.8894596840017
ENSMUSG00000050550.7	337.524233925898
ENSMUSG00000050552.8	3890.70094787603
ENSMUSG00000050553.3	0
ENSMUSG00000050555.9	147.706453991789
ENSMUSG00000050556.9	766.67762885993
ENSMUSG00000050558.13	35.3385680525049
ENSMUSG00000050565.16	657.325999284681
ENSMUSG00000050567.16	41.2417087606978
ENSMUSG00000050577.8	0
ENSMUSG00000050578.10	0
ENSMUSG00000050587.14	1170.39195900625
ENSMUSG00000050592.8	102.979659648582
ENSMUSG00000050600.5	47.069161375235
ENSMUSG00000050603.1	0
ENSMUSG00000050605.17	339.877681070605
ENSMUSG00000050608.11	9299.30130142001
ENSMUSG00000050612.6	0
ENSMUSG00000050613.5	0
ENSMUSG00000050619.14	77.3554477385762
ENSMUSG00000050621.7	775.058688513861
ENSMUSG00000050623.5	135.249442239475
ENSMUSG00000050625.4	2.82527267534286
ENSMUSG00000050627.13	1275.77625279896
ENSMUSG00000050628.6	1134.3356493448
ENSMUSG00000050635.1	0
ENSMUSG00000050640.16	1655.10256828287
ENSMUSG00000050641.7	0
ENSMUSG00000050645.3	0
ENSMUSG00000050650.7	0
ENSMUSG00000050654.5	0
ENSMUSG00000050663.8	154.937866123364
ENSMUSG00000050666.14	0
ENSMUSG00000050668.10	1420.64488705823
ENSMUSG00000050671.12	0
ENSMUSG00000050675.7	0
ENSMUSG00000050677.2	20.3606590018911
ENSMUSG00000050685.5	0
ENSMUSG00000050697.9	211.841735512908
ENSMUSG00000050700.11	0.489397652997967
ENSMUSG00000050702.6	0
ENSMUSG00000050704.3	0
ENSMUSG00000050705.15	4042.05815854358
ENSMUSG00000050708.16	13090.402148861
ENSMUSG00000050711.7	23113.4032883871
ENSMUSG00000050714.9	49.2181102149393
ENSMUSG00000050721.9	15.7613510460157
ENSMUSG00000050730.17	16.0584541237508
ENSMUSG00000050732.9	199.971470347246
ENSMUSG00000050737.13	15.4572253616526
ENSMUSG00000050742.5	0
ENSMUSG00000050747.14	0
ENSMUSG00000050751.14	2700.25332947663
ENSMUSG00000050756.3	0
ENSMUSG00000050761.4	17.7569573685529
ENSMUSG00000050762.5	0
ENSMUSG00000050763.4	0
ENSMUSG00000050765.3	0
ENSMUSG00000050766.2	0
ENSMUSG00000050772.2	0
ENSMUSG00000050776.3	0
ENSMUSG00000050777.7	8.04650267417991
ENSMUSG00000050783.5	41.0454815257234
ENSMUSG00000050786.8	458.013155804372
ENSMUSG00000050788.5	0
ENSMUSG00000050796.4	173.690878804425
ENSMUSG00000050799.3	0
ENSMUSG00000050803.4	0
ENSMUSG00000050808.13	35.998942768202
ENSMUSG00000050810.8	0
ENSMUSG00000050812.18	557.60926115649
ENSMUSG00000050813.7	0
ENSMUSG00000050815.6	0
ENSMUSG00000050818.7	0
ENSMUSG00000050821.14	5765.83729396691
ENSMUSG00000050822.11	347.624708586588
ENSMUSG00000050824.12	163.147823868255
ENSMUSG00000050830.17	801.774213493832
ENSMUSG00000050840.8	176.364026214416
ENSMUSG00000050844.5	0
ENSMUSG00000050846.9	274.204729602254
ENSMUSG00000050853.3	0
ENSMUSG00000050854.9	96.3427657883268
ENSMUSG00000050855.16	350.448888856456
ENSMUSG00000050856.16	52621.7570941012
ENSMUSG00000050860.6	1152.98332292644
ENSMUSG00000050865.5	0
ENSMUSG00000050866.7	0
ENSMUSG00000050870.4	0
ENSMUSG00000050875.11	2743.83359745598
ENSMUSG00000050876.9	0
ENSMUSG00000050890.15	40.5681315445403
ENSMUSG00000050891.10	512.018935890738
ENSMUSG00000050896.12	141.174555903517
ENSMUSG00000050900.5	22.360229195725
ENSMUSG00000050901.6	0
ENSMUSG00000050908.12	861.082841873843
ENSMUSG00000050910.5	438.500952529464
ENSMUSG00000050912.15	68.7486659018347
ENSMUSG00000050914.16	1018.316913095
ENSMUSG00000050917.5	0
ENSMUSG00000050919.9	0
ENSMUSG00000050921.12	0
ENSMUSG00000050926.5	7.5347575263129
ENSMUSG00000050930.5	39.8263570151302
ENSMUSG00000050931.7	0
ENSMUSG00000050933.4	0
ENSMUSG00000050936.5	26.4323110575672
ENSMUSG00000050944.14	100.447120429072
ENSMUSG00000050945.8	53.5725320748057
ENSMUSG00000050947.9	1226.56226251324
ENSMUSG00000050953.10	226.49385803916
ENSMUSG00000050954.15	41.5951487493807
ENSMUSG00000050957.4	45.902191423198
ENSMUSG00000050961.4	0
ENSMUSG00000050963.7	264.316306450139
ENSMUSG00000050965.14	366.802479728086
ENSMUSG00000050966.9	0
ENSMUSG00000050967.5	659.268202585262
ENSMUSG00000050973.11	92.6303350205851
ENSMUSG00000050974.4	0
ENSMUSG00000050978.3	0
ENSMUSG00000050982.13	0
ENSMUSG00000050989.9	383.33734748547
ENSMUSG00000050994.20	0
ENSMUSG00000050996.7	0
ENSMUSG00000051000.17	6.16160384368244
ENSMUSG00000051002.7	0
ENSMUSG00000051003.2	0
ENSMUSG00000051007.15	1685.87937591627
ENSMUSG00000051008.5	0
ENSMUSG00000051022.7	467.910723950896
ENSMUSG00000051029.8	424.23903723904
ENSMUSG00000051034.7	58.9439210091385
ENSMUSG00000051036.13	0
ENSMUSG00000051037.15	0
ENSMUSG00000051038.10	0
ENSMUSG00000051041.8	306.391395742259
ENSMUSG00000051043.16	39.1783108755131
ENSMUSG00000051046.7	0
ENSMUSG00000051048.17	166.932727936396
ENSMUSG00000051050.10	0
ENSMUSG00000051051.7	0
ENSMUSG00000051054.4	16.488924304245
ENSMUSG00000051056.5	0
ENSMUSG00000051062.6	4039.6771515693
ENSMUSG00000051065.9	438.522051560932
ENSMUSG00000051067.8	1683.44730678892
ENSMUSG00000051074.4	0
ENSMUSG00000051076.8	0
ENSMUSG00000051079.8	0
ENSMUSG00000051081.7	0
ENSMUSG00000051095.7	0
ENSMUSG00000051098.6	67.7097258715194
ENSMUSG00000051111.16	1133.84259993635
ENSMUSG00000051113.9	463.989269198324
ENSMUSG00000051116.6	20.8093879596176
ENSMUSG00000051118.9	1.68483257056654
ENSMUSG00000051124.6	0
ENSMUSG00000051133.3	0
ENSMUSG00000051136.1	9.29771269416604
ENSMUSG00000051146.2	7252.96972365073
ENSMUSG00000051147.10	0
ENSMUSG00000051149.15	0
ENSMUSG00000051153.5	0
ENSMUSG00000051154.11	3939.08480363517
ENSMUSG00000051156.2	0
ENSMUSG00000051159.16	444.283616519508
ENSMUSG00000051160.4	0
ENSMUSG00000051166.10	184.057525862103
ENSMUSG00000051169.14	700.983734418036
ENSMUSG00000051172.7	0
ENSMUSG00000051176.6	26.5965464179036
ENSMUSG00000051177.16	947.894900485885
ENSMUSG00000051180.7	0
ENSMUSG00000051182.5	0
ENSMUSG00000051184.7	402.857041540781
ENSMUSG00000051185.9	1044.83402602905
ENSMUSG00000051190.8	0
ENSMUSG00000051198.6	0
ENSMUSG00000051200.3	0
ENSMUSG00000051207.7	0
ENSMUSG00000051209.3	0
ENSMUSG00000051212.8	13.537369555941
ENSMUSG00000051220.2	0
ENSMUSG00000051223.14	1726.61820361925
ENSMUSG00000051224.13	49.8431534164022
ENSMUSG00000051225.9	0
ENSMUSG00000051228.5	20.5980231059121
ENSMUSG00000051232.13	3657.20945247704
ENSMUSG00000051234.6	3369.5892657699
ENSMUSG00000051235.10	0
ENSMUSG00000051236.13	46.5194317284077
ENSMUSG00000051237.7	0
ENSMUSG00000051238.6	547.651236169797
ENSMUSG00000051242.1	150.178786063809
ENSMUSG00000051243.14	562.699027959254
ENSMUSG00000051246.3	313.989918536753
ENSMUSG00000051251.3	11.6175449618144
ENSMUSG00000051255.6	451.071075065864
ENSMUSG00000051256.10	2547.29446511258
ENSMUSG00000051257.3	54.3081267103833
ENSMUSG00000051258.5	0
ENSMUSG00000051262.9	20.8313921270516
ENSMUSG00000051276.4	0
ENSMUSG00000051278.12	3.76982887257994
ENSMUSG00000051279.2	11.2779629168771
ENSMUSG00000051285.17	671.746531850139
ENSMUSG00000051295.8	10.7272032877443
ENSMUSG00000051297.8	0
ENSMUSG00000051306.7	124.0127098264
ENSMUSG00000051313.12	0
ENSMUSG00000051314.11	0.89255769660605
ENSMUSG00000051316.8	314.375662515924
ENSMUSG00000051319.6	2478.86790276807
ENSMUSG00000051323.16	137.332441000048
ENSMUSG00000051329.13	168.149449154943
ENSMUSG00000051331.16	235.380389312369
ENSMUSG00000051335.6	418.695048239587
ENSMUSG00000051339.10	186.059249655303
ENSMUSG00000051340.6	0
ENSMUSG00000051341.6	0
ENSMUSG00000051343.11	1794.80228315979
ENSMUSG00000051344.13	127.216048431
ENSMUSG00000051346.9	480.894774527733
ENSMUSG00000051351.14	438.339557423364
ENSMUSG00000051354.14	7.88045704191274
ENSMUSG00000051355.18	5599.80533237397
ENSMUSG00000051359.15	5601.38997575665
ENSMUSG00000051361.7	0
ENSMUSG00000051362.2	0
ENSMUSG00000051367.8	0
ENSMUSG00000051373.5	1323.72018126735
ENSMUSG00000051375.15	1056.99986490478
ENSMUSG00000051378.10	0
ENSMUSG00000051379.12	358.417830741879
ENSMUSG00000051390.10	646.769585790126
ENSMUSG00000051391.9	19380.4626702672
ENSMUSG00000051392.5	0
ENSMUSG00000051396.15	8.4375838343881
ENSMUSG00000051397.5	3.96209223625771
ENSMUSG00000051401.7	143.585900538422
ENSMUSG00000051403.9	2324.32373957806
ENSMUSG00000051413.17	18.5428338675858
ENSMUSG00000051414.5	0
ENSMUSG00000051424.2	0
ENSMUSG00000051427.14	268.621320370931
ENSMUSG00000051431.7	0
ENSMUSG00000051435.11	104.857504660866
ENSMUSG00000051437.4	0
ENSMUSG00000051439.7	153.512776363273
ENSMUSG00000051444.9	10.063925894641
ENSMUSG00000051451.6	590.808243844794
ENSMUSG00000051452.8	0
ENSMUSG00000051455.13	0
ENSMUSG00000051456.4	45.6962885968697
ENSMUSG00000051457.7	4.42602123588538
ENSMUSG00000051469.14	292.257416738802
ENSMUSG00000051481.5	0
ENSMUSG00000051483.9	7699.61714956117
ENSMUSG00000051486.5	27.6107044497189
ENSMUSG00000051490.3	0
ENSMUSG00000051493.7	0
ENSMUSG00000051495.7	321.846685985641
ENSMUSG00000051497.15	92.9197600484072
ENSMUSG00000051498.7	0
ENSMUSG00000051499.7	56.3733660790837
ENSMUSG00000051502.7	768.529412198729
ENSMUSG00000051503.2	0
ENSMUSG00000051504.18	266.188314896026
ENSMUSG00000051506.17	1.67918327367925
ENSMUSG00000051509.6	0
ENSMUSG00000051510.13	649.631594501029
ENSMUSG00000051515.9	302.62487529769
ENSMUSG00000051517.14	120.129770169734
ENSMUSG00000051518.8	2490.76941073033
ENSMUSG00000051527.11	266.533764718946
ENSMUSG00000051528.4	0
ENSMUSG00000051537.9	1509.04442930719
ENSMUSG00000051548.4	0
ENSMUSG00000051550.10	881.458263955446
ENSMUSG00000051557.15	679.752584310143
ENSMUSG00000051579.10	2332.53079464554
ENSMUSG00000051582.2	0
ENSMUSG00000051586.17	325.613144007039
ENSMUSG00000051590.10	20.402232833128
ENSMUSG00000051591.4	0
ENSMUSG00000051592.14	0
ENSMUSG00000051593.4	0
ENSMUSG00000051596.13	0
ENSMUSG00000051599.4	46.2919616968357
ENSMUSG00000051606.5	0.521795278241073
ENSMUSG00000051611.9	0
ENSMUSG00000051615.14	522.021374962904
ENSMUSG00000051616.14	0
ENSMUSG00000051617.3	462.388489426197
ENSMUSG00000051618.5	0
ENSMUSG00000051627.3	6.18953821226874
ENSMUSG00000051638.2	0
ENSMUSG00000051639.3	7.40036044124854
ENSMUSG00000051648.13	0
ENSMUSG00000051650.11	437.535110031248
ENSMUSG00000051652.4	147.490157707652
ENSMUSG00000051663.4	0
ENSMUSG00000051669.6	0
ENSMUSG00000051671.7	1512.82193622968
ENSMUSG00000051674.15	843.65850636677
ENSMUSG00000051675.13	3133.76080294309
ENSMUSG00000051678.4	249.614463868962
ENSMUSG00000051680.3	0
ENSMUSG00000051682.15	0
ENSMUSG00000051687.2	0
ENSMUSG00000051695.6	7954.54866299496
ENSMUSG00000051703.14	1359.84543732009
ENSMUSG00000051705.13	160.444401220802
ENSMUSG00000051706.3	0
ENSMUSG00000051716.6	0
ENSMUSG00000051721.6	86.7526629657625
ENSMUSG00000051723.7	0
ENSMUSG00000051726.6	800.573815934247
ENSMUSG00000051727.14	0
ENSMUSG00000051728.7	0
ENSMUSG00000051729.12	0
ENSMUSG00000051730.15	578.753299730613
ENSMUSG00000051732.2	0
ENSMUSG00000051735.7	160.658138154968
ENSMUSG00000051736.8	1349.36118501009
ENSMUSG00000051747.15	0
ENSMUSG00000051748.2	0
ENSMUSG00000051758.6	0
ENSMUSG00000051768.9	1051.48518358365
ENSMUSG00000051769.2	0
ENSMUSG00000051777.6	0
ENSMUSG00000051786.15	636.003961041231
ENSMUSG00000051788.4	0
ENSMUSG00000051790.15	3620.16798034625
ENSMUSG00000051793.4	0
ENSMUSG00000051802.3	0
ENSMUSG00000051804.3	0
ENSMUSG00000051805.1	0
ENSMUSG00000051811.14	982.931246760712
ENSMUSG00000051817.8	208.049340664363
ENSMUSG00000051827.11	0
ENSMUSG00000051832.7	0
ENSMUSG00000051839.7	0
ENSMUSG00000051844.13	60.14659701443
ENSMUSG00000051851.5	20158.1097667377
ENSMUSG00000051853.10	11891.9815310702
ENSMUSG00000051855.15	750.922145591897
ENSMUSG00000051860.13	0
ENSMUSG00000051864.10	565.624146495052
ENSMUSG00000051877.8	0
ENSMUSG00000051879.4	0
ENSMUSG00000051885.6	0
ENSMUSG00000051890.13	196.74419245694
ENSMUSG00000051896.4	0
ENSMUSG00000051900.12	0
ENSMUSG00000051906.15	0
ENSMUSG00000051910.13	61.7869842879386
ENSMUSG00000051917.3	0
ENSMUSG00000051920.7	52.7866243641878
ENSMUSG00000051934.5	762.950747128328
ENSMUSG00000051936.4	0
ENSMUSG00000051940.2	0
ENSMUSG00000051950.10	166.540242254863
ENSMUSG00000051951.5	33.3157764394216
ENSMUSG00000051952.5	0
ENSMUSG00000051956.4	0
ENSMUSG00000051965.8	0
ENSMUSG00000051969.7	0
ENSMUSG00000051977.16	11.5968204693661
ENSMUSG00000051978.9	137.965037405084
ENSMUSG00000051980.13	0
ENSMUSG00000051984.13	12.6286130467134
ENSMUSG00000051985.12	0
ENSMUSG00000051986.6	0
ENSMUSG00000051989.11	2298.39805496841
ENSMUSG00000051998.14	0
ENSMUSG00000052005.8	0
ENSMUSG00000052012.6	0
ENSMUSG00000052013.15	0
ENSMUSG00000052014.6	123.581116028845
ENSMUSG00000052025.9	0
ENSMUSG00000052026.8	1232.26864538952
ENSMUSG00000052031.8	793.122767878938
ENSMUSG00000052033.13	3578.05318991799
ENSMUSG00000052040.10	639.539266064026
ENSMUSG00000052056.14	8.96274996381054
ENSMUSG00000052058.3	0
ENSMUSG00000052062.14	9.77203515160291
ENSMUSG00000052075.7	0
ENSMUSG00000052085.7	0
ENSMUSG00000052087.14	2243.26060523266
ENSMUSG00000052099.14	0
ENSMUSG00000052102.15	454.081089112896
ENSMUSG00000052105.17	684.928682357052
ENSMUSG00000052117.5	0
ENSMUSG00000052125.16	607.416084287937
ENSMUSG00000052131.7	0
ENSMUSG00000052133.16	310.976658484879
ENSMUSG00000052135.8	461.057408960163
ENSMUSG00000052137.11	128.149212399708
ENSMUSG00000052139.18	1926.07449554428
ENSMUSG00000052142.15	18.4619646508181
ENSMUSG00000052143.8	0
ENSMUSG00000052144.8	780.071862087004
ENSMUSG00000052146.16	19143.9226769368
ENSMUSG00000052151.12	168.800647664647
ENSMUSG00000052154.4	0
ENSMUSG00000052155.5	89.9468253643696
ENSMUSG00000052157.4	0
ENSMUSG00000052160.7	293.130779310625
ENSMUSG00000052180.15	0
ENSMUSG00000052182.4	0
ENSMUSG00000052187.4	0
ENSMUSG00000052188.6	5.32862906286549
ENSMUSG00000052192.5	0
ENSMUSG00000052212.6	0
ENSMUSG00000052214.9	1335.84110667224
ENSMUSG00000052217.6	0
ENSMUSG00000052221.8	0
ENSMUSG00000052229.5	47.7378071609605
ENSMUSG00000052234.2	0
ENSMUSG00000052236.7	0
ENSMUSG00000052241.3	0
ENSMUSG00000052248.16	78.2444473144908
ENSMUSG00000052253.6	3165.46422011235
ENSMUSG00000052270.7	10.4324722904701
ENSMUSG00000052271.7	0
ENSMUSG00000052273.4	0
ENSMUSG00000052276.8	0
ENSMUSG00000052281.14	0
ENSMUSG00000052291.8	194.966224516696
ENSMUSG00000052293.14	1176.47484723253
ENSMUSG00000052295.4	0
ENSMUSG00000052296.7	1667.70805354509
ENSMUSG00000052298.12	2197.444339303
ENSMUSG00000052299.9	80.6482699574082
ENSMUSG00000052301.14	585.452741607233
ENSMUSG00000052302.6	569.8961385589
ENSMUSG00000052303.6	0
ENSMUSG00000052305.6	3246.10091057172
ENSMUSG00000052310.9	610.964030002662
ENSMUSG00000052316.9	0
ENSMUSG00000052331.14	109.421449890922
ENSMUSG00000052334.11	0
ENSMUSG00000052336.7	628.974113325668
ENSMUSG00000052337.15	2752.86794679581
ENSMUSG00000052353.13	82.8808034217763
ENSMUSG00000052363.8	0
ENSMUSG00000052364.4	1178.63425195322
ENSMUSG00000052368.2	0
ENSMUSG00000052369.8	1449.75212458614
ENSMUSG00000052371.5	56.4539856031713
ENSMUSG00000052372.10	7.30294908442413
ENSMUSG00000052373.14	1182.50966961789
ENSMUSG00000052374.16	457.352468972825
ENSMUSG00000052376.2	0
ENSMUSG00000052382.5	0
ENSMUSG00000052384.14	56.5867908974
ENSMUSG00000052387.16	84.7025924273782
ENSMUSG00000052392.5	0.263831528111723
ENSMUSG00000052395.17	215.489839203938
ENSMUSG00000052396.7	0
ENSMUSG00000052397.8	100.052980533533
ENSMUSG00000052403.11	0
ENSMUSG00000052406.14	1574.76894231398
ENSMUSG00000052407.17	16.7765078485513
ENSMUSG00000052414.9	0
ENSMUSG00000052415.5	71.4690364399501
ENSMUSG00000052417.6	0
ENSMUSG00000052419.7	1912.34854559169
ENSMUSG00000052423.14	1300.83297567027
ENSMUSG00000052426.4	0
ENSMUSG00000052428.10	1464.42094531037
ENSMUSG00000052430.15	24.854534223594
ENSMUSG00000052435.7	0
ENSMUSG00000052446.17	229.057827324777
ENSMUSG00000052456.9	5700.43972231312
ENSMUSG00000052459.13	2964.37796558321
ENSMUSG00000052468.7	0
ENSMUSG00000052469.9	0
ENSMUSG00000052477.15	0
ENSMUSG00000052479.5	36.1813120594308
ENSMUSG00000052482.6	1.80924194842686
ENSMUSG00000052485.7	0
ENSMUSG00000052488.7	742.985164369527
ENSMUSG00000052496.5	0
ENSMUSG00000052504.7	43.3402508906067
ENSMUSG00000052508.10	0
ENSMUSG00000052512.17	78.6295982735466
ENSMUSG00000052516.19	1457.5498085046
ENSMUSG00000052520.7	0
ENSMUSG00000052525.14	28.9157232422668
ENSMUSG00000052533.14	173.246238564335
ENSMUSG00000052534.15	694.817355201847
ENSMUSG00000052537.4	0
ENSMUSG00000052539.15	268.473627150651
ENSMUSG00000052544.9	180.244406521111
ENSMUSG00000052549.4	0
ENSMUSG00000052551.16	301.72133112316
ENSMUSG00000052554.3	0
ENSMUSG00000052557.11	24.7954819047501
ENSMUSG00000052560.15	168.993410413685
ENSMUSG00000052562.15	0
ENSMUSG00000052563.13	26.3144249009745
ENSMUSG00000052565.7	0
ENSMUSG00000052566.8	207.986012358373
ENSMUSG00000052572.19	1368.28052422768
ENSMUSG00000052581.13	503.556538846265
ENSMUSG00000052584.10	9128.08078835775
ENSMUSG00000052593.16	55.6574347420641
ENSMUSG00000052595.8	0
ENSMUSG00000052605.12	728.281074554228
ENSMUSG00000052609.9	18.1097731255356
ENSMUSG00000052613.16	20.3712709407954
ENSMUSG00000052616.10	12.5099778120804
ENSMUSG00000052625.8	0
ENSMUSG00000052629.5	98.3026660576096
ENSMUSG00000052631.15	15.2046300041455
ENSMUSG00000052632.16	98.5521714682006
ENSMUSG00000052642.3	0
ENSMUSG00000052656.12	566.479843309758
ENSMUSG00000052658.5	2.61659201794844
ENSMUSG00000052673.2	7.72418063575452
ENSMUSG00000052675.11	44.0430109387509
ENSMUSG00000052676.16	62.1222279225592
ENSMUSG00000052681.8	394.429351778841
ENSMUSG00000052684.4	735.419320104541
ENSMUSG00000052688.12	0
ENSMUSG00000052698.15	1322.25520310161
ENSMUSG00000052707.8	197.738687190198
ENSMUSG00000052712.17	4780.07986939489
ENSMUSG00000052713.9	123.731899196041
ENSMUSG00000052724.7	0
ENSMUSG00000052726.16	17.8247801427853
ENSMUSG00000052727.6	921.265363422623
ENSMUSG00000052730.7	3.92813403176398
ENSMUSG00000052736.15	0
ENSMUSG00000052738.14	11857.7056550642
ENSMUSG00000052748.14	112.110109458665
ENSMUSG00000052749.9	0
ENSMUSG00000052751.16	356.5397672485
ENSMUSG00000052752.15	764.430051411586
ENSMUSG00000052759.7	39.9986137528149
ENSMUSG00000052760.16	0
ENSMUSG00000052763.7	287.497462754866
ENSMUSG00000052767.5	0
ENSMUSG00000052769.7	0
ENSMUSG00000052776.10	0
ENSMUSG00000052779.4	0
ENSMUSG00000052783.16	44.3266930349307
ENSMUSG00000052785.6	0
ENSMUSG00000052790.6	0
ENSMUSG00000052794.13	232.802062697646
ENSMUSG00000052798.13	122.718240549586
ENSMUSG00000052812.5	9.12639230403174
ENSMUSG00000052818.5	0
ENSMUSG00000052819.6	0
ENSMUSG00000052821.3	6.38951083744463
ENSMUSG00000052825.6	10.8647839544799
ENSMUSG00000052833.9	5795.75706268744
ENSMUSG00000052837.7	1665.36244050822
ENSMUSG00000052848.7	27.9413911929276
ENSMUSG00000052850.5	0
ENSMUSG00000052852.8	1603.69206270189
ENSMUSG00000052854.15	26.5411146429212
ENSMUSG00000052861.13	10.6246108078078
ENSMUSG00000052865.5	13.487774347356
ENSMUSG00000052889.11	9576.38511247017
ENSMUSG00000052906.7	916.180871377726
ENSMUSG00000052909.8	0
ENSMUSG00000052911.9	88.9916260166432
ENSMUSG00000052912.7	0
ENSMUSG00000052914.4	100.300113863663
ENSMUSG00000052915.14	2363.42370937519
ENSMUSG00000052917.15	420.081123518413
ENSMUSG00000052920.16	20.6780183982995
ENSMUSG00000052921.13	603.322279162926
ENSMUSG00000052922.9	0
ENSMUSG00000052926.16	3653.45429304942
ENSMUSG00000052928.9	735.18083238346
ENSMUSG00000052934.14	1504.63913256375
ENSMUSG00000052942.13	3.47335002654501
ENSMUSG00000052949.14	3241.45996636143
ENSMUSG00000052951.5	6.73174586710807
ENSMUSG00000052955.5	0
ENSMUSG00000052957.8	43.4379431516962
ENSMUSG00000052962.3	823.829349446059
ENSMUSG00000052974.8	0
ENSMUSG00000052981.6	3666.8480893143
ENSMUSG00000052997.15	1782.87833406791
ENSMUSG00000053004.9	224.699410382029
ENSMUSG00000053007.9	9.37521105975238
ENSMUSG00000053012.17	397.806944662568
ENSMUSG00000053024.14	883.961089746023
ENSMUSG00000053025.13	944.968814390951
ENSMUSG00000053030.11	53.4400701080122
ENSMUSG00000053038.8	262.218232494005
ENSMUSG00000053040.13	45.7985377493711
ENSMUSG00000053044.8	0
ENSMUSG00000053046.16	2024.67978913017
ENSMUSG00000053049.3	0
ENSMUSG00000053054.13	0
ENSMUSG00000053062.16	193.006417882168
ENSMUSG00000053063.11	203.067441099403
ENSMUSG00000053070.5	144.150362053376
ENSMUSG00000053080.10	238.888009659258
ENSMUSG00000053081.3	0
ENSMUSG00000053091.16	170.655645796702
ENSMUSG00000053093.16	1414.35640812147
ENSMUSG00000053094.15	777.062628329596
ENSMUSG00000053101.3	0
ENSMUSG00000053110.13	60.2190391032443
ENSMUSG00000053111.13	175.021803212533
ENSMUSG00000053113.3	0
ENSMUSG00000053117.11	157.688199783092
ENSMUSG00000053119.11	4278.45017774937
ENSMUSG00000053121.4	0
ENSMUSG00000053128.15	589.820709294995
ENSMUSG00000053129.5	8.71065399166356
ENSMUSG00000053134.13	330.215261005566
ENSMUSG00000053137.7	359.855217866466
ENSMUSG00000053141.16	413.116944977716
ENSMUSG00000053146.2	0
ENSMUSG00000053153.14	0
ENSMUSG00000053158.10	18.1952304453002
ENSMUSG00000053161.16	0
ENSMUSG00000053164.6	30.2448373784444
ENSMUSG00000053166.14	782.952816230009
ENSMUSG00000053168.6	0
ENSMUSG00000053173.12	133.387015750187
ENSMUSG00000053175.17	12.5123186809564
ENSMUSG00000053178.5	150.747461142739
ENSMUSG00000053181.1	35.8079902910948
ENSMUSG00000053182.11	0
ENSMUSG00000053184.15	0
ENSMUSG00000053185.2	0
ENSMUSG00000053192.9	12122.5195366026
ENSMUSG00000053194.2	0
ENSMUSG00000053198.14	3.45515367248265
ENSMUSG00000053199.13	248.93014986756
ENSMUSG00000053205.9	43.6244011605616
ENSMUSG00000053208.10	0
ENSMUSG00000053211.10	0
ENSMUSG00000053214.7	109.15636989941
ENSMUSG00000053216.15	0
ENSMUSG00000053217.3	0
ENSMUSG00000053219.15	7.26977116955571
ENSMUSG00000053226.7	594.148445249675
ENSMUSG00000053228.12	0
ENSMUSG00000053251.6	0
ENSMUSG00000053253.16	3695.21642377861
ENSMUSG00000053263.3	35.0621894672181
ENSMUSG00000053268.7	0
ENSMUSG00000053279.8	260.899792719902
ENSMUSG00000053286.11	711.811314163181
ENSMUSG00000053287.4	0
ENSMUSG00000053289.8	346.906405169108
ENSMUSG00000053291.15	4345.34069314907
ENSMUSG00000053293.9	489.899316803875
ENSMUSG00000053297.14	850.263845314577
ENSMUSG00000053303.14	0
ENSMUSG00000053310.11	51641.2087582215
ENSMUSG00000053317.11	4178.22097660686
ENSMUSG00000053318.7	33.254882637062
ENSMUSG00000053329.7	4218.26668864146
ENSMUSG00000053332.13	4792.58132644426
ENSMUSG00000053333.15	583.683731391887
ENSMUSG00000053334.6	226.63203172601
ENSMUSG00000053338.9	0
ENSMUSG00000053347.15	64.2193655311425
ENSMUSG00000053353.5	0
ENSMUSG00000053358.2	101.110085706325
ENSMUSG00000053360.4	0
ENSMUSG00000053367.15	0
ENSMUSG00000053368.13	8.8726733294641
ENSMUSG00000053375.8	0
ENSMUSG00000053388.10	0
ENSMUSG00000053389.4	0
ENSMUSG00000053390.16	99.7736680592546
ENSMUSG00000053391.5	0
ENSMUSG00000053395.15	1987.11327571629
ENSMUSG00000053398.11	381.677140855478
ENSMUSG00000053399.9	0.717585551025272
ENSMUSG00000053411.16	1142.11975622378
ENSMUSG00000053414.8	167.054702810626
ENSMUSG00000053420.6	0
ENSMUSG00000053436.15	1158.78696110161
ENSMUSG00000053441.5	0
ENSMUSG00000053442.4	0
ENSMUSG00000053453.9	5752.03562470908
ENSMUSG00000053460.8	185.425342363697
ENSMUSG00000053461.9	2.92514974738326
ENSMUSG00000053465.6	49.3572202493406
ENSMUSG00000053469.14	26.7534782673471
ENSMUSG00000053470.13	337.86372233608
ENSMUSG00000053472.3	29.8822836069377
ENSMUSG00000053475.5	59.3556954502101
ENSMUSG00000053477.17	682.04476311347
ENSMUSG00000053483.13	1149.54096600381
ENSMUSG00000053490.8	0
ENSMUSG00000053499.4	0
ENSMUSG00000053508.8	0
ENSMUSG00000053510.12	1642.872059003
ENSMUSG00000053519.17	3202.49345730182
ENSMUSG00000053522.11	0
ENSMUSG00000053528.6	0
ENSMUSG00000053536.7	834.908900317011
ENSMUSG00000053541.3	3.45568426942787
ENSMUSG00000053545.6	0
ENSMUSG00000053550.13	1177.49424881063
ENSMUSG00000053552.14	130.226717921318
ENSMUSG00000053553.11	203.93783857065
ENSMUSG00000053559.13	16.7572190890135
ENSMUSG00000053560.5	171.93500866637
ENSMUSG00000053565.10	14772.7037407873
ENSMUSG00000053574.5	201.744818972908
ENSMUSG00000053580.16	177.741362249439
ENSMUSG00000053581.13	893.070253255128
ENSMUSG00000053588.4	0
ENSMUSG00000053593.10	0
ENSMUSG00000053600.8	60.3464447932659
ENSMUSG00000053603.4	0
ENSMUSG00000053604.5	281.727907630527
ENSMUSG00000053613.6	0
ENSMUSG00000053615.1	15.58678465104
ENSMUSG00000053617.12	176.452760750607
ENSMUSG00000053624.4	0
ENSMUSG00000053626.5	48.3305463719353
ENSMUSG00000053640.2	0
ENSMUSG00000053641.9	283.679724099292
ENSMUSG00000053644.13	1238.07584168538
ENSMUSG00000053646.13	121.402141644359
ENSMUSG00000053647.4	0
ENSMUSG00000053654.7	0
ENSMUSG00000053675.8	0
ENSMUSG00000053678.7	0
ENSMUSG00000053684.8	427.217153046189
ENSMUSG00000053687.15	0
ENSMUSG00000053693.16	949.672899637714
ENSMUSG00000053695.3	0
ENSMUSG00000053702.16	323.700404442711
ENSMUSG00000053706.2	0
ENSMUSG00000053714.8	5.43393695069809
ENSMUSG00000053716.9	789.581439020235
ENSMUSG00000053719.10	0
ENSMUSG00000053720.4	0
ENSMUSG00000053729.4	0
ENSMUSG00000053730.15	196.923346954913
ENSMUSG00000053740.8	0
ENSMUSG00000053742.8	0
ENSMUSG00000053746.8	275.745957670178
ENSMUSG00000053747.9	232.697878426874
ENSMUSG00000053749.12	20.5959943528863
ENSMUSG00000053754.14	1225.90741224809
ENSMUSG00000053765.4	0
ENSMUSG00000053768.13	4017.1146713027
ENSMUSG00000053769.5	829.040466891352
ENSMUSG00000053773.5	0
ENSMUSG00000053774.9	130.422164866667
ENSMUSG00000053783.5	0
ENSMUSG00000053790.3	0
ENSMUSG00000053797.10	0
ENSMUSG00000053799.8	380.816294129245
ENSMUSG00000053801.18	635.334940716486
ENSMUSG00000053815.5	0
ENSMUSG00000053819.16	895.096821469998
ENSMUSG00000053820.4	0
ENSMUSG00000053821.4	0
ENSMUSG00000053825.15	499.566512241421
ENSMUSG00000053830.4	0
ENSMUSG00000053835.17	0
ENSMUSG00000053838.14	4215.38070943327
ENSMUSG00000053841.15	397.695051130297
ENSMUSG00000053846.5	5.18480607912732
ENSMUSG00000053852.11	0
ENSMUSG00000053856.7	0
ENSMUSG00000053861.1	104.203934070702
ENSMUSG00000053862.6	0
ENSMUSG00000053863.3	0
ENSMUSG00000053868.4	0
ENSMUSG00000053870.7	210.915968689848
ENSMUSG00000053873.1	0
ENSMUSG00000053877.12	230.656016535348
ENSMUSG00000053886.4	17.2871605909429
ENSMUSG00000053889.5	0
ENSMUSG00000053896.14	0
ENSMUSG00000053897.15	9.87902846502619
ENSMUSG00000053898.12	1572.74749279905
ENSMUSG00000053907.10	2676.51354822335
ENSMUSG00000053909.8	0
ENSMUSG00000053914.9	58.4910721221903
ENSMUSG00000053916.4	536.895130954331
ENSMUSG00000053925.4	0
ENSMUSG00000053929.17	4952.12617857341
ENSMUSG00000053930.13	566.482309024974
ENSMUSG00000053931.11	968.070069038046
ENSMUSG00000053950.10	121.014930720692
ENSMUSG00000053957.5	0
ENSMUSG00000053961.7	0
ENSMUSG00000053963.7	990.929340266538
ENSMUSG00000053964.17	0
ENSMUSG00000053965.10	85.9106992484619
ENSMUSG00000053977.13	0
ENSMUSG00000053979.4	0
ENSMUSG00000053980.4	0
ENSMUSG00000053985.10	79.0924348676988
ENSMUSG00000054000.5	369.484616074561
ENSMUSG00000054003.13	0
ENSMUSG00000054005.4	0
ENSMUSG00000054006.14	0
ENSMUSG00000054008.9	576.825984356083
ENSMUSG00000054013.6	6442.84300910326
ENSMUSG00000054021.6	366.137797813657
ENSMUSG00000054027.8	569.852005377692
ENSMUSG00000054031.13	0
ENSMUSG00000054033.6	0
ENSMUSG00000054034.10	13237.2839927768
ENSMUSG00000054036.6	0
ENSMUSG00000054046.7	0
ENSMUSG00000054051.7	24.3607357371092
ENSMUSG00000054052.5	0
ENSMUSG00000054054.3	0
ENSMUSG00000054057.2	46.5842894020639
ENSMUSG00000054061.8	63.2609826017448
ENSMUSG00000054065.12	178.004538334265
ENSMUSG00000054069.8	0
ENSMUSG00000054072.12	0
ENSMUSG00000054074.9	57.8336625070694
ENSMUSG00000054079.12	540.472821309573
ENSMUSG00000054083.8	8.7824406371926
ENSMUSG00000054087.11	0
ENSMUSG00000054091.9	1322.39802731463
ENSMUSG00000054099.11	273.664862816291
ENSMUSG00000054102.15	0
ENSMUSG00000054106.7	0
ENSMUSG00000054115.11	28.8714027915488
ENSMUSG00000054116.1	0
ENSMUSG00000054117.8	0
ENSMUSG00000054128.16	9.69200864763054
ENSMUSG00000054134.14	0
ENSMUSG00000054135.2	1.39587571651965
ENSMUSG00000054136.6	0
ENSMUSG00000054141.5	0
ENSMUSG00000054142.5	0
ENSMUSG00000054146.8	0
ENSMUSG00000054150.12	25.4664997709365
ENSMUSG00000054156.8	0
ENSMUSG00000054160.2	0
ENSMUSG00000054161.12	0
ENSMUSG00000054162.15	3292.40413965074
ENSMUSG00000054169.7	20.4844441480512
ENSMUSG00000054181.11	0
ENSMUSG00000054191.9	0
ENSMUSG00000054196.7	89.8067477708329
ENSMUSG00000054199.17	247.194473625008
ENSMUSG00000054200.7	0
ENSMUSG00000054203.7	0
ENSMUSG00000054204.6	73.6561258365398
ENSMUSG00000054206.2	13.6850003530507
ENSMUSG00000054215.2	0
ENSMUSG00000054226.13	1671.47051648361
ENSMUSG00000054236.6	0
ENSMUSG00000054237.6	878.091470280134
ENSMUSG00000054247.6	0
ENSMUSG00000054252.18	328.480208994714
ENSMUSG00000054256.11	385.649127164185
ENSMUSG00000054258.9	0
ENSMUSG00000054263.12	78.6318767192525
ENSMUSG00000054266.2	0
ENSMUSG00000054272.6	0
ENSMUSG00000054277.8	499.383737199587
ENSMUSG00000054280.14	91.0532760530672
ENSMUSG00000054293.10	6.68505333592918
ENSMUSG00000054302.15	1586.69666800765
ENSMUSG00000054304.3	28.854610958812
ENSMUSG00000054309.9	1672.65552673178
ENSMUSG00000054310.16	0
ENSMUSG00000054312.6	10504.9303596159
ENSMUSG00000054320.16	0
ENSMUSG00000054321.7	25.2788245102556
ENSMUSG00000054325.5	0
ENSMUSG00000054342.8	0
ENSMUSG00000054351.2	0
ENSMUSG00000054360.4	9.02923063988743
ENSMUSG00000054362.9	0
ENSMUSG00000054364.5	5294.13682815219
ENSMUSG00000054379.7	0
ENSMUSG00000054381.5	55.6167972583777
ENSMUSG00000054383.2	241.782197514309
ENSMUSG00000054385.14	0
ENSMUSG00000054387.13	207.443180471833
ENSMUSG00000054391.12	0
ENSMUSG00000054400.16	30.1529192605822
ENSMUSG00000054404.13	5.20393878074006
ENSMUSG00000054405.14	6537.84398885189
ENSMUSG00000054406.9	0
ENSMUSG00000054408.9	844.768640022499
ENSMUSG00000054409.5	82.8020253812044
ENSMUSG00000054412.5	60.9790411983018
ENSMUSG00000054414.4	80.645304856832
ENSMUSG00000054417.5	0
ENSMUSG00000054418.6	14.4221555678789
ENSMUSG00000054422.7	0
ENSMUSG00000054423.14	2697.58645559523
ENSMUSG00000054426.11	4443.71651916195
ENSMUSG00000054428.12	37479.1430112198
ENSMUSG00000054431.4	0
ENSMUSG00000054434.14	55.6172654321529
ENSMUSG00000054435.16	0
ENSMUSG00000054446.8	0
ENSMUSG00000054450.1	121.623088454663
ENSMUSG00000054452.10	23877.294659053
ENSMUSG00000054453.11	58.0092276727654
ENSMUSG00000054455.5	3183.01031201256
ENSMUSG00000054457.5	126.993541041445
ENSMUSG00000054459.8	27011.9367835221
ENSMUSG00000054469.14	320.62116310012
ENSMUSG00000054474.15	212.586818470329
ENSMUSG00000054477.16	676.40726420532
ENSMUSG00000054484.14	553.080397747988
ENSMUSG00000054488.14	0
ENSMUSG00000054493.2	22.3223695431047
ENSMUSG00000054497.5	0
ENSMUSG00000054498.6	0
ENSMUSG00000054499.9	384.967060396904
ENSMUSG00000054509.7	264.855143253797
ENSMUSG00000054510.5	0
ENSMUSG00000054514.3	220.546708996099
ENSMUSG00000054517.9	45.2394134154549
ENSMUSG00000054519.8	48.7008718281101
ENSMUSG00000054520.15	67.8126928904761
ENSMUSG00000054523.13	0
ENSMUSG00000054526.5	0
ENSMUSG00000054537.8	0
ENSMUSG00000054545.17	0
ENSMUSG00000054555.11	7.2237652932471
ENSMUSG00000054556.6	0
ENSMUSG00000054568.7	0
ENSMUSG00000054580.14	0
ENSMUSG00000054582.4	0
ENSMUSG00000054589.1	0
ENSMUSG00000054594.13	0
ENSMUSG00000054598.13	0
ENSMUSG00000054604.7	327.514023169063
ENSMUSG00000054611.17	242.045186329625
ENSMUSG00000054612.4	12.7098255909163
ENSMUSG00000054618.8	0
ENSMUSG00000054619.7	476.635922541175
ENSMUSG00000054622.4	0
ENSMUSG00000054626.11	0
ENSMUSG00000054630.7	0
ENSMUSG00000054640.15	150.412935374574
ENSMUSG00000054641.10	0
ENSMUSG00000054648.8	246.765626446935
ENSMUSG00000054659.13	0
ENSMUSG00000054662.8	0
ENSMUSG00000054666.7	0
ENSMUSG00000054667.7	21.8343764114323
ENSMUSG00000054672.13	32.8719789121271
ENSMUSG00000054675.5	580.320308567757
ENSMUSG00000054676.15	756.811709260609
ENSMUSG00000054679.8	361.714772889933
ENSMUSG00000054690.17	30.9958817486032
ENSMUSG00000054693.14	343.205148148801
ENSMUSG00000054702.14	80.3774782458387
ENSMUSG00000054708.17	1837.16267755051
ENSMUSG00000054715.11	136.493879345513
ENSMUSG00000054716.4	1451.9378094614
ENSMUSG00000054717.7	21.1813676297981
ENSMUSG00000054720.12	77.7221526508896
ENSMUSG00000054723.6	196.925157226844
ENSMUSG00000054727.2	0
ENSMUSG00000054728.17	5279.8179829307
ENSMUSG00000054733.9	1578.83915148072
ENSMUSG00000054737.11	48.0502039153519
ENSMUSG00000054745.1	0
ENSMUSG00000054746.18	0
ENSMUSG00000054752.16	44.6846899150255
ENSMUSG00000054753.9	0
ENSMUSG00000054757.14	0
ENSMUSG00000054759.6	0
ENSMUSG00000054763.9	19.6803400833709
ENSMUSG00000054764.9	0
ENSMUSG00000054766.13	7626.31237253712
ENSMUSG00000054770.16	282.630140918487
ENSMUSG00000054779.5	0
ENSMUSG00000054792.15	269.334536300054
ENSMUSG00000054793.8	9145.6807202421
ENSMUSG00000054808.15	748.871950207173
ENSMUSG00000054814.14	675.483245231021
ENSMUSG00000054822.5	0
ENSMUSG00000054823.16	555.885695008922
ENSMUSG00000054827.12	0
ENSMUSG00000054836.12	409.574617348293
ENSMUSG00000054843.9	600.41410851779
ENSMUSG00000054850.4	662.384929041453
ENSMUSG00000054855.13	803.820913181035
ENSMUSG00000054863.9	2647.59848042437
ENSMUSG00000054871.5	6587.27536782722
ENSMUSG00000054874.12	763.238705211654
ENSMUSG00000054885.11	0
ENSMUSG00000054889.10	1.05036347042988
ENSMUSG00000054890.2	0
ENSMUSG00000054892.14	0
ENSMUSG00000054893.15	243.013463331472
ENSMUSG00000054894.6	726.423267379522
ENSMUSG00000054901.7	910.818471379877
ENSMUSG00000054905.2	0
ENSMUSG00000054909.11	30.4146284009131
ENSMUSG00000054910.5	26.2521890004593
ENSMUSG00000054920.12	268.928442367455
ENSMUSG00000054931.7	117.636900874776
ENSMUSG00000054932.6	0
ENSMUSG00000054934.10	1388.85991401734
ENSMUSG00000054938.7	0
ENSMUSG00000054939.6	14.7220364766802
ENSMUSG00000054940.6	0
ENSMUSG00000054942.13	925.885957679477
ENSMUSG00000054944.7	0
ENSMUSG00000054945.4	3.65974561224041
ENSMUSG00000054951.3	0
ENSMUSG00000054957.5	0
ENSMUSG00000054958.6	11.6105847783566
ENSMUSG00000054966.13	0
ENSMUSG00000054967.7	47.603129171631
ENSMUSG00000054976.14	71.3292709622635
ENSMUSG00000054978.3	0
ENSMUSG00000054986.13	59.9445020014733
ENSMUSG00000054988.9	0
ENSMUSG00000054994.2	0
ENSMUSG00000054999.2	0
ENSMUSG00000055003.14	1733.71150448714
ENSMUSG00000055010.1	0
ENSMUSG00000055013.16	627.452361286792
ENSMUSG00000055015.5	0
ENSMUSG00000055022.14	1758.95805621849
ENSMUSG00000055024.12	82.3842583158104
ENSMUSG00000055026.13	472.094699345008
ENSMUSG00000055027.17	0.505377984524432
ENSMUSG00000055030.1	0
ENSMUSG00000055033.4	0
ENSMUSG00000055041.8	1559.66262880262
ENSMUSG00000055044.12	40.6725342964075
ENSMUSG00000055045.5	12.167836417172
ENSMUSG00000055048.7	153.392767818899
ENSMUSG00000055053.18	1382.67939595314
ENSMUSG00000055061.5	0
ENSMUSG00000055065.7	1711.53170946438
ENSMUSG00000055067.15	545.537493997987
ENSMUSG00000055069.3	1.68645557298719
ENSMUSG00000055072.2	0
ENSMUSG00000055078.7	553.743550294751
ENSMUSG00000055088.5	0
ENSMUSG00000055093.10	193.996574205109
ENSMUSG00000055095.3	0
ENSMUSG00000055102.15	6.57300374573386
ENSMUSG00000055108.6	0
ENSMUSG00000055109.5	23.3101537855842
ENSMUSG00000055110.8	0
ENSMUSG00000055114.9	0
ENSMUSG00000055116.8	382.404589267367
ENSMUSG00000055125.7	56.9230333027411
ENSMUSG00000055128.15	942.492705717145
ENSMUSG00000055134.5	0
ENSMUSG00000055137.7	1.29774649323995
ENSMUSG00000055138.10	0
ENSMUSG00000055148.7	25.0167408309046
ENSMUSG00000055150.15	27.4854523590632
ENSMUSG00000055159.7	0
ENSMUSG00000055170.4	0
ENSMUSG00000055172.10	20.1670223284728
ENSMUSG00000055177.15	0
ENSMUSG00000055184.4	20.8754316735044
ENSMUSG00000055188.12	0
ENSMUSG00000055193.4	0
ENSMUSG00000055194.3	0
ENSMUSG00000055197.4	38.5029545990099
ENSMUSG00000055198.3	0
ENSMUSG00000055200.7	60.7767277042499
ENSMUSG00000055202.11	149.727934718302
ENSMUSG00000055204.15	333.539013905146
ENSMUSG00000055210.4	0
ENSMUSG00000055214.15	329.107405795543
ENSMUSG00000055216.3	0
ENSMUSG00000055228.8	0
ENSMUSG00000055235.11	0
ENSMUSG00000055239.10	1413.25804123329
ENSMUSG00000055240.17	55.5318705355583
ENSMUSG00000055254.15	1516.52796862249
ENSMUSG00000055271.5	5.43999199819054
ENSMUSG00000055296.14	67.0281897011837
ENSMUSG00000055298.6	0
ENSMUSG00000055301.8	0
ENSMUSG00000055302.5	19196.8368942605
ENSMUSG00000055305.15	324.808322075904
ENSMUSG00000055312.2	0
ENSMUSG00000055313.15	3.84358184796478
ENSMUSG00000055319.8	254.239053208698
ENSMUSG00000055320.18	4.11652715890019
ENSMUSG00000055322.16	104.587649296847
ENSMUSG00000055323.5	0
ENSMUSG00000055333.14	6.17511845999291
ENSMUSG00000055334.4	789.48221739148
ENSMUSG00000055341.10	142.09773216502
ENSMUSG00000055357.8	0
ENSMUSG00000055360.13	0
ENSMUSG00000055368.14	0
ENSMUSG00000055370.3	0
ENSMUSG00000055371.17	248.515660018593
ENSMUSG00000055373.8	80.7267983053
ENSMUSG00000055385.12	0
ENSMUSG00000055401.14	976.057675451307
ENSMUSG00000055403.13	0
ENSMUSG00000055407.14	3846.05655211726
ENSMUSG00000055408.7	0
ENSMUSG00000055409.14	1329.29413338841
ENSMUSG00000055413.12	0
ENSMUSG00000055415.8	7.89918399292032
ENSMUSG00000055416.6	0
ENSMUSG00000055421.8	633.141609002893
ENSMUSG00000055424.4	0
ENSMUSG00000055430.4	23857.7908204829
ENSMUSG00000055435.6	466.296804101478
ENSMUSG00000055436.18	1628.75212521279
ENSMUSG00000055446.5	0
ENSMUSG00000055447.19	3268.72849820466
ENSMUSG00000055452.6	4.36987159444767
ENSMUSG00000055456.1	0
ENSMUSG00000055471.7	140.179218457464
ENSMUSG00000055480.7	0
ENSMUSG00000055485.6	20.3137167780321
ENSMUSG00000055489.8	7.91148135741529
ENSMUSG00000055491.14	73.5434208030592
ENSMUSG00000055493.4	721.824177904742
ENSMUSG00000055494.5	20.81531816077
ENSMUSG00000055497.5	0
ENSMUSG00000055515.8	0
ENSMUSG00000055523.7	41.2832825919346
ENSMUSG00000055531.12	393.700654903552
ENSMUSG00000055538.7	217.478454131433
ENSMUSG00000055540.15	88.8136575589012
ENSMUSG00000055541.17	222.930400166683
ENSMUSG00000055546.6	0
ENSMUSG00000055547.4	0
ENSMUSG00000055553.16	2286.48559173982
ENSMUSG00000055555.1	0
ENSMUSG00000055560.8	0
ENSMUSG00000055561.9	0
ENSMUSG00000055567.18	254.722832776393
ENSMUSG00000055571.4	0
ENSMUSG00000055594.6	0
ENSMUSG00000055602.17	0
ENSMUSG00000055609.8	0
ENSMUSG00000055610.5	0
ENSMUSG00000055612.15	56.312222584044
ENSMUSG00000055621.8	0
ENSMUSG00000055629.5	1052.54615899299
ENSMUSG00000055632.18	9.48560643594204
ENSMUSG00000055633.6	769.800722479464
ENSMUSG00000055639.16	147.681578358534
ENSMUSG00000055643.4	0
ENSMUSG00000055652.14	91.8221110266832
ENSMUSG00000055653.13	366.706816220022
ENSMUSG00000055660.9	43.5692815014293
ENSMUSG00000055670.14	112.090945545467
ENSMUSG00000055675.6	1112.31350403793
ENSMUSG00000055676.4	119.028094853543
ENSMUSG00000055679.5	0
ENSMUSG00000055681.14	9653.10019211904
ENSMUSG00000055691.5	0
ENSMUSG00000055692.21	3627.5579161181
ENSMUSG00000055700.7	0
ENSMUSG00000055704.4	0
ENSMUSG00000055707.13	609.646058402334
ENSMUSG00000055717.13	427.140903144004
ENSMUSG00000055720.10	5908.78835086617
ENSMUSG00000055723.6	34.1837081954527
ENSMUSG00000055725.11	159.614360328976
ENSMUSG00000055730.16	0
ENSMUSG00000055732.1	0
ENSMUSG00000055733.6	974.95372168941
ENSMUSG00000055737.12	37.1798330871547
ENSMUSG00000055745.4	1064.26688945485
ENSMUSG00000055746.9	0
ENSMUSG00000055748.12	0
ENSMUSG00000055760.12	332.022911163157
ENSMUSG00000055761.14	23.2966079576888
ENSMUSG00000055762.16	3920.86179487921
ENSMUSG00000055763.9	0
ENSMUSG00000055771.2	0
ENSMUSG00000055775.16	39.1280914352278
ENSMUSG00000055780.10	0
ENSMUSG00000055782.9	384.421419467713
ENSMUSG00000055789.7	0
ENSMUSG00000055795.6	0
ENSMUSG00000055799.13	25.8075799719545
ENSMUSG00000055805.15	1794.41460406235
ENSMUSG00000055809.7	5.32753665739005
ENSMUSG00000055811.2	0
ENSMUSG00000055817.18	341.165595914566
ENSMUSG00000055818.2	124.429571755828
ENSMUSG00000055820.2	0
ENSMUSG00000055826.5	0
ENSMUSG00000055827.13	0
ENSMUSG00000055833.14	63.983218678937
ENSMUSG00000055835.10	454.006306155206
ENSMUSG00000055838.4	0
ENSMUSG00000055839.6	35930.2235036132
ENSMUSG00000055850.12	3295.5184316033
ENSMUSG00000055862.7	1420.51095814694
ENSMUSG00000055865.8	0
ENSMUSG00000055866.9	135.666148110979
ENSMUSG00000055872.1	0
ENSMUSG00000055874.6	0
ENSMUSG00000055882.8	0
ENSMUSG00000055884.8	9.85546371834165
ENSMUSG00000055891.7	0
ENSMUSG00000055895.6	0
ENSMUSG00000055897.13	159.732121639229
ENSMUSG00000055900.14	123.394252269374
ENSMUSG00000055912.8	78.8599085593548
ENSMUSG00000055917.15	631.813649695361
ENSMUSG00000055923.16	180.408111284502
ENSMUSG00000055926.3	0
ENSMUSG00000055932.15	3022.68794808915
ENSMUSG00000055933.13	0
ENSMUSG00000055937.1	0
ENSMUSG00000055942.13	0
ENSMUSG00000055943.5	1107.18859299044
ENSMUSG00000055944.3	0
ENSMUSG00000055945.8	199.166117819165
ENSMUSG00000055958.3	0
ENSMUSG00000055960.12	0
ENSMUSG00000055961.7	0
ENSMUSG00000055963.12	575.086250607479
ENSMUSG00000055968.1	0
ENSMUSG00000055971.11	0
ENSMUSG00000055972.5	0
ENSMUSG00000055976.6	61.1167779229625
ENSMUSG00000055978.5	0
ENSMUSG00000055980.2	49.635159413878
ENSMUSG00000055991.15	223.264769876923
ENSMUSG00000055994.15	13.8015756230729
ENSMUSG00000056004.16	427.534699712108
ENSMUSG00000056008.1	0
ENSMUSG00000056014.15	137.319644250192
ENSMUSG00000056018.14	0
ENSMUSG00000056019.12	13.8562895316
ENSMUSG00000056023.3	1006.23106951166
ENSMUSG00000056025.12	1.88405611770212
ENSMUSG00000056031.13	10.5314130149601
ENSMUSG00000056032.12	0
ENSMUSG00000056035.8	0
ENSMUSG00000056043.5	4.2169348278858
ENSMUSG00000056050.13	1140.36376123938
ENSMUSG00000056054.9	271.335635861554
ENSMUSG00000056055.13	55.9023208380732
ENSMUSG00000056061.3	0
ENSMUSG00000056069.10	1091.75802232239
ENSMUSG00000056071.12	0
ENSMUSG00000056073.16	473.873104247442
ENSMUSG00000056076.13	3470.84423565386
ENSMUSG00000056078.6	0
ENSMUSG00000056089.6	0
ENSMUSG00000056091.12	3064.46737003645
ENSMUSG00000056115.2	0
ENSMUSG00000056116.18	305.826060302925
ENSMUSG00000056121.16	1058.94100701147
ENSMUSG00000056124.5	1062.72840800641
ENSMUSG00000056128.3	0
ENSMUSG00000056130.10	0
ENSMUSG00000056131.13	448.04642278546
ENSMUSG00000056133.5	0
ENSMUSG00000056144.14	3.32980794707195
ENSMUSG00000056145.5	87.1640940793989
ENSMUSG00000056148.8	0
ENSMUSG00000056153.15	197.339803133736
ENSMUSG00000056155.6	70.0630481698863
ENSMUSG00000056158.14	549.567221738967
ENSMUSG00000056162.14	44.2638016911302
ENSMUSG00000056167.8	739.943033601516
ENSMUSG00000056174.8	12.1859703480644
ENSMUSG00000056184.5	0
ENSMUSG00000056185.5	3554.69665571708
ENSMUSG00000056197.6	0
ENSMUSG00000056201.8	75094.0727409034
ENSMUSG00000056203.4	0
ENSMUSG00000056204.8	65.2894859348854
ENSMUSG00000056209.7	310.444251267733
ENSMUSG00000056211.13	1385.66294257608
ENSMUSG00000056214.9	81.549972648423
ENSMUSG00000056215.13	0.545547294435681
ENSMUSG00000056216.9	255.189477183917
ENSMUSG00000056219.7	0
ENSMUSG00000056220.14	1.18048456834752
ENSMUSG00000056222.15	3731.09439044331
ENSMUSG00000056223.8	0
ENSMUSG00000056228.10	385.766451512247
ENSMUSG00000056234.15	654.497543027667
ENSMUSG00000056257.3	0
ENSMUSG00000056258.9	541.632331692792
ENSMUSG00000056260.15	134.023950565539
ENSMUSG00000056267.14	183.670939170137
ENSMUSG00000056268.15	21.2460380339443
ENSMUSG00000056270.3	0
ENSMUSG00000056271.13	0
ENSMUSG00000056281.4	0
ENSMUSG00000056288.11	18.6506386822194
ENSMUSG00000056290.16	0
ENSMUSG00000056293.12	0
ENSMUSG00000056296.17	4217.10436921559
ENSMUSG00000056300.14	0
ENSMUSG00000056305.4	1256.80887895203
ENSMUSG00000056306.5	566.95450909463
ENSMUSG00000056310.14	296.003243902507
ENSMUSG00000056313.5	37.9817835524691
ENSMUSG00000056316.2	228.940596611469
ENSMUSG00000056328.14	1.37908388378286
ENSMUSG00000056329.3	0
ENSMUSG00000056332.4	0
ENSMUSG00000056342.16	431.047844509544
ENSMUSG00000056350.7	0
ENSMUSG00000056359.6	0
ENSMUSG00000056366.5	15.8376321597865
ENSMUSG00000056367.14	2357.28036430874
ENSMUSG00000056370.15	0
ENSMUSG00000056379.3	0
ENSMUSG00000056380.13	0
ENSMUSG00000056383.10	357.485821601817
ENSMUSG00000056394.17	433.258873191838
ENSMUSG00000056399.2	0
ENSMUSG00000056411.2	20.9087968578829
ENSMUSG00000056412.6	29.5049355441351
ENSMUSG00000056413.16	3722.62721802633
ENSMUSG00000056418.3	18.8031696981761
ENSMUSG00000056423.7	0
ENSMUSG00000056426.3	0
ENSMUSG00000056427.10	245.315817111513
ENSMUSG00000056429.4	1742.06285071214
ENSMUSG00000056436.4	0
ENSMUSG00000056445.8	3.41105170285981
ENSMUSG00000056457.6	73.4197292916542
ENSMUSG00000056458.16	526.211779943529
ENSMUSG00000056459.14	238.25010728477
ENSMUSG00000056468.3	12.3930904262082
ENSMUSG00000056476.13	65.6340930450098
ENSMUSG00000056481.7	8.38134055819535
ENSMUSG00000056486.18	27446.1936159331
ENSMUSG00000056487.8	1.31291532355609
ENSMUSG00000056492.6	24.6090863190547
ENSMUSG00000056493.9	260.537582275831
ENSMUSG00000056494.7	0
ENSMUSG00000056498.13	9.45377061922916
ENSMUSG00000056501.3	221.762649925021
ENSMUSG00000056508.6	0
ENSMUSG00000056509.10	0
ENSMUSG00000056515.9	353.843710535109
ENSMUSG00000056529.7	4.10323102368481
ENSMUSG00000056531.11	0
ENSMUSG00000056536.14	61.1102234901098
ENSMUSG00000056537.11	251.011369567787
ENSMUSG00000056544.2	0
ENSMUSG00000056553.14	3480.8681795081
ENSMUSG00000056564.7	0
ENSMUSG00000056569.11	6.83674163909054
ENSMUSG00000056579.18	735.74994442458
ENSMUSG00000056586.8	55.4708206752736
ENSMUSG00000056592.14	76.2290216354706
ENSMUSG00000056596.8	16238.0356274179
ENSMUSG00000056598.16	197.181466762967
ENSMUSG00000056600.4	0
ENSMUSG00000056602.12	670.531059094993
ENSMUSG00000056605.7	0
ENSMUSG00000056608.14	48.1209605785755
ENSMUSG00000056612.7	1169.65833070053
ENSMUSG00000056617.12	0
ENSMUSG00000056629.16	15503.9437048123
ENSMUSG00000056632.8	0
ENSMUSG00000056643.5	0
ENSMUSG00000056648.5	291.497570701669
ENSMUSG00000056656.6	498.615214341821
ENSMUSG00000056665.2	4425.68159141727
ENSMUSG00000056666.13	110.821757652514
ENSMUSG00000056671.7	0
ENSMUSG00000056673.14	0
ENSMUSG00000056679.13	114.518364146654
ENSMUSG00000056682.8	27.133978700236
ENSMUSG00000056687.9	43.0133095375994
ENSMUSG00000056692.13	3063.15058447635
ENSMUSG00000056696.5	0
ENSMUSG00000056698.11	659.512339603231
ENSMUSG00000056699.7	0
ENSMUSG00000056706.3	0
ENSMUSG00000056708.5	793.415470123186
ENSMUSG00000056716.10	0
ENSMUSG00000056718.2	0
ENSMUSG00000056724.15	69.7145396116354
ENSMUSG00000056728.6	0
ENSMUSG00000056735.5	55.8671453817639
ENSMUSG00000056737.14	10.9742429831192
ENSMUSG00000056738.11	29.5222891854021
ENSMUSG00000056749.7	267.912037101519
ENSMUSG00000056752.16	4.62465176290573
ENSMUSG00000056753.3	18.5095623179623
ENSMUSG00000056755.13	668.676747617808
ENSMUSG00000056758.14	0
ENSMUSG00000056763.16	357.26996227987
ENSMUSG00000056770.15	3353.7023193058
ENSMUSG00000056771.7	22.3043916701374
ENSMUSG00000056772.3	2.57882600008317
ENSMUSG00000056777.5	0
ENSMUSG00000056782.5	0
ENSMUSG00000056797.6	0
ENSMUSG00000056812.14	5035.18944492117
ENSMUSG00000056815.1	0
ENSMUSG00000056820.7	5813.33779944702
ENSMUSG00000056821.13	0
ENSMUSG00000056822.4	0
ENSMUSG00000056824.15	0
ENSMUSG00000056829.4	5.84652289297999
ENSMUSG00000056832.14	61.7940068945664
ENSMUSG00000056836.8	52.5771946287531
ENSMUSG00000056849.6	0
ENSMUSG00000056851.14	14952.7335676615
ENSMUSG00000056853.3	0
ENSMUSG00000056854.4	183.778993677451
ENSMUSG00000056856.13	314.533998886693
ENSMUSG00000056858.1	0
ENSMUSG00000056863.5	0
ENSMUSG00000056870.9	33.5090385738198
ENSMUSG00000056877.2	0
ENSMUSG00000056880.12	10.8955585773024
ENSMUSG00000056883.5	0
ENSMUSG00000056885.5	0
ENSMUSG00000056888.11	24.8958271505657
ENSMUSG00000056895.4	3408.70090869983
ENSMUSG00000056899.10	404.238122966004
ENSMUSG00000056900.13	221.2291503024
ENSMUSG00000056901.1	0
ENSMUSG00000056904.3	15.1878381714087
ENSMUSG00000056910.5	0
ENSMUSG00000056912.12	0
ENSMUSG00000056917.13	481.522408290752
ENSMUSG00000056919.9	114.721114602896
ENSMUSG00000056921.2	0
ENSMUSG00000056926.2	0
ENSMUSG00000056938.16	2530.94399539945
ENSMUSG00000056941.17	981.942089208492
ENSMUSG00000056943.2	0
ENSMUSG00000056946.4	0
ENSMUSG00000056947.5	41.8711527956474
ENSMUSG00000056952.13	1510.29929108262
ENSMUSG00000056959.6	0
ENSMUSG00000056961.2	0
ENSMUSG00000056962.11	1197.97519726116
ENSMUSG00000056966.7	86.7562522980389
ENSMUSG00000056972.6	56.8975646493708
ENSMUSG00000056973.6	0
ENSMUSG00000056978.8	0
ENSMUSG00000056987.8	0
ENSMUSG00000056995.3	0
ENSMUSG00000056999.15	239.731783648489
ENSMUSG00000057000.12	0
ENSMUSG00000057003.12	40.2818588868045
ENSMUSG00000057021.13	0
ENSMUSG00000057036.7	1325.36593693348
ENSMUSG00000057037.8	0
ENSMUSG00000057047.5	0
ENSMUSG00000057050.7	0
ENSMUSG00000057054.11	177.773915932607
ENSMUSG00000057058.16	75.9227111401567
ENSMUSG00000057060.8	1064.1072734091
ENSMUSG00000057067.4	0
ENSMUSG00000057068.15	0
ENSMUSG00000057069.7	122.732036070162
ENSMUSG00000057072.11	0
ENSMUSG00000057074.6	0
ENSMUSG00000057092.12	0
ENSMUSG00000057093.14	53.2096037642789
ENSMUSG00000057098.14	109.245416551451
ENSMUSG00000057101.8	348.643236240305
ENSMUSG00000057103.11	1005.36454227695
ENSMUSG00000057110.15	32.6431667823996
ENSMUSG00000057113.13	12926.9632769625
ENSMUSG00000057116.5	0
ENSMUSG00000057123.14	31.6394334199785
ENSMUSG00000057130.12	1444.03385009597
ENSMUSG00000057132.16	105.874690216428
ENSMUSG00000057133.14	167.471970490659
ENSMUSG00000057134.6	302.172088833912
ENSMUSG00000057135.12	0
ENSMUSG00000057137.9	123.400681855887
ENSMUSG00000057143.15	12.1971440954989
ENSMUSG00000057147.13	358.542583447175
ENSMUSG00000057149.4	0
ENSMUSG00000057156.10	252.908253646929
ENSMUSG00000057157.3	6.15117917428823
ENSMUSG00000057160.2	4.76694537897829
ENSMUSG00000057163.3	0
ENSMUSG00000057170.6	0
ENSMUSG00000057173.8	0
ENSMUSG00000057174.5	0
ENSMUSG00000057176.4	1034.58058339021
ENSMUSG00000057177.12	6899.69287792262
ENSMUSG00000057179.6	0
ENSMUSG00000057181.15	609.229820704606
ENSMUSG00000057182.15	52.7297568562948
ENSMUSG00000057191.13	98.6387211934406
ENSMUSG00000057193.8	600.773166591775
ENSMUSG00000057195.13	0
ENSMUSG00000057203.3	0
ENSMUSG00000057207.2	0
ENSMUSG00000057215.6	0
ENSMUSG00000057216.6	0
ENSMUSG00000057219.11	246.944312771132
ENSMUSG00000057223.6	0
ENSMUSG00000057228.6	0
ENSMUSG00000057229.11	2984.94892824491
ENSMUSG00000057230.14	1618.7605789838
ENSMUSG00000057234.9	98.8621649305459
ENSMUSG00000057236.10	777.50511497032
ENSMUSG00000057240.14	0
ENSMUSG00000057244.6	8.11797720385882
ENSMUSG00000057246.16	135.163641592275
ENSMUSG00000057262.2	3556.46941132263
ENSMUSG00000057265.13	9.29587121065029
ENSMUSG00000057270.3	0
ENSMUSG00000057278.8	4297.46667863111
ENSMUSG00000057280.15	19.5199437479911
ENSMUSG00000057286.6	3.33211760436288
ENSMUSG00000057290.5	0
ENSMUSG00000057315.14	397.781319951272
ENSMUSG00000057321.2	0
ENSMUSG00000057322.12	51388.9153415877
ENSMUSG00000057329.7	93.9746179870789
ENSMUSG00000057335.11	534.861883460268
ENSMUSG00000057337.13	6.5666677939763
ENSMUSG00000057342.15	504.728939614094
ENSMUSG00000057346.12	0
ENSMUSG00000057349.2	0
ENSMUSG00000057359.7	30.4924076707645
ENSMUSG00000057363.12	1394.00814011883
ENSMUSG00000057367.12	505.031067757016
ENSMUSG00000057370.5	0
ENSMUSG00000057375.13	2802.85136507526
ENSMUSG00000057378.15	99.188544475023
ENSMUSG00000057381.1	0
ENSMUSG00000057388.9	3069.42177219501
ENSMUSG00000057396.7	12.3991454737006
ENSMUSG00000057400.14	0
ENSMUSG00000057402.5	0
ENSMUSG00000057406.16	362.025733911414
ENSMUSG00000057409.7	61.5007740533728
ENSMUSG00000057411.9	6861.78878000525
ENSMUSG00000057417.7	0
ENSMUSG00000057421.12	968.386585721659
ENSMUSG00000057424.3	0
ENSMUSG00000057425.3	0
ENSMUSG00000057439.12	0
ENSMUSG00000057440.8	74.2595081980039
ENSMUSG00000057443.13	0
ENSMUSG00000057444.3	0
ENSMUSG00000057446.3	0
ENSMUSG00000057447.2	0
ENSMUSG00000057454.5	0
ENSMUSG00000057455.12	4448.38986099747
ENSMUSG00000057457.11	8.09591061325489
ENSMUSG00000057461.3	0
ENSMUSG00000057464.4	0
ENSMUSG00000057465.5	0
ENSMUSG00000057469.8	897.595933081958
ENSMUSG00000057497.8	1160.31545484285
ENSMUSG00000057499.3	0
ENSMUSG00000057503.6	0
ENSMUSG00000057506.5	2626.23958129902
ENSMUSG00000057513.3	0
ENSMUSG00000057522.15	1551.33272493653
ENSMUSG00000057530.14	773.772365460735
ENSMUSG00000057531.14	5306.65857273182
ENSMUSG00000057534.13	0
ENSMUSG00000057540.3	0
ENSMUSG00000057541.14	164.498536421262
ENSMUSG00000057551.10	140.194855461556
ENSMUSG00000057554.13	851.250661997921
ENSMUSG00000057561.10	938.935708642766
ENSMUSG00000057564.6	0
ENSMUSG00000057572.15	2931.74416227631
ENSMUSG00000057577.2	0
ENSMUSG00000057580.4	19.5884219655088
ENSMUSG00000057592.1	0
ENSMUSG00000057594.12	1380.65850824674
ENSMUSG00000057596.13	4.56288403616574
ENSMUSG00000057604.9	34.7755110588771
ENSMUSG00000057605.4	13.1595533193632
ENSMUSG00000057606.14	38.9273697320116
ENSMUSG00000057609.6	0
ENSMUSG00000057614.6	1314.76551510405
ENSMUSG00000057615.5	133.686334850458
ENSMUSG00000057637.13	461.372365064526
ENSMUSG00000057649.6	1668.72517667748
ENSMUSG00000057650.3	0
ENSMUSG00000057654.6	0
ENSMUSG00000057657.4	0
ENSMUSG00000057666.18	162298.604081671
ENSMUSG00000057667.7	217.353639002967
ENSMUSG00000057672.16	537.867746366494
ENSMUSG00000057674.3	0
ENSMUSG00000057685.8	0
ENSMUSG00000057691.8	324.055436222229
ENSMUSG00000057696.4	8.84495744197289
ENSMUSG00000057697.2	0
ENSMUSG00000057699.5	0
ENSMUSG00000057706.7	96.1407644101251
ENSMUSG00000057710.7	0
ENSMUSG00000057715.13	486.179863429506
ENSMUSG00000057716.7	898.805631693878
ENSMUSG00000057719.11	717.478807404529
ENSMUSG00000057722.17	0
ENSMUSG00000057723.3	0
ENSMUSG00000057726.3	0
ENSMUSG00000057729.12	184.967031449371
ENSMUSG00000057735.6	0
ENSMUSG00000057738.14	5515.33901164514
ENSMUSG00000057751.14	13.1901406726756
ENSMUSG00000057754.2	0
ENSMUSG00000057761.1	0
ENSMUSG00000057762.6	0
ENSMUSG00000057766.14	555.340241349242
ENSMUSG00000057770.5	0
ENSMUSG00000057777.4	202.539185023065
ENSMUSG00000057778.14	305.647810940918
ENSMUSG00000057788.13	970.179816126974
ENSMUSG00000057789.14	198.754624282359
ENSMUSG00000057801.3	0
ENSMUSG00000057802.8	0
ENSMUSG00000057805.4	0
ENSMUSG00000057816.7	30.0699900792037
ENSMUSG00000057817.6	0
ENSMUSG00000057818.8	0
ENSMUSG00000057829.5	0
ENSMUSG00000057835.7	0.843368238626153
ENSMUSG00000057836.12	125.88013016929
ENSMUSG00000057841.5	20068.1572296533
ENSMUSG00000057842.14	0
ENSMUSG00000057855.2	0
ENSMUSG00000057858.8	1306.25683127901
ENSMUSG00000057863.6	32165.2516842582
ENSMUSG00000057880.12	3303.51474604878
ENSMUSG00000057886.5	5.26530075687488
ENSMUSG00000057890.5	0
ENSMUSG00000057894.10	187.186955433394
ENSMUSG00000057895.11	167.692761243039
ENSMUSG00000057897.14	14791.6744854854
ENSMUSG00000057899.7	0
ENSMUSG00000057903.4	0
ENSMUSG00000057913.3	0
ENSMUSG00000057914.15	973.717992615591
ENSMUSG00000057933.10	0
ENSMUSG00000057945.3	0
ENSMUSG00000057948.12	42.1045530283718
ENSMUSG00000057963.9	824.225955056814
ENSMUSG00000057967.12	217.957551961376
ENSMUSG00000057969.15	104.395105028904
ENSMUSG00000057977.10	0
ENSMUSG00000057981.5	0
ENSMUSG00000057982.8	107.761243260931
ENSMUSG00000057990.4	7.77393190226465
ENSMUSG00000057997.6	0
ENSMUSG00000058005.3	0
ENSMUSG00000058006.12	106.777891063523
ENSMUSG00000058013.11	1517.33378932435
ENSMUSG00000058014.4	0
ENSMUSG00000058017.6	0
ENSMUSG00000058019.13	19.8963242516583
ENSMUSG00000058022.14	0
ENSMUSG00000058028.14	0
ENSMUSG00000058030.5	0
ENSMUSG00000058046.1	0
ENSMUSG00000058050.5	0
ENSMUSG00000058052.2	0
ENSMUSG00000058056.16	49.6169318482306
ENSMUSG00000058057.5	0
ENSMUSG00000058063.4	0
ENSMUSG00000058064.6	846.418141078831
ENSMUSG00000058070.14	1072.69445437045
ENSMUSG00000058071.4	0
ENSMUSG00000058073.4	0
ENSMUSG00000058076.12	7773.25598417962
ENSMUSG00000058078.8	0
ENSMUSG00000058084.5	0
ENSMUSG00000058093.13	20.0745736136654
ENSMUSG00000058099.16	74.4646931578769
ENSMUSG00000058101.3	0
ENSMUSG00000058114.3	0
ENSMUSG00000058119.6	0
ENSMUSG00000058124.4	0
ENSMUSG00000058126.7	8.86658707038664
ENSMUSG00000058132.5	0
ENSMUSG00000058135.12	2689.91599009728
ENSMUSG00000058145.16	105.765418457298
ENSMUSG00000058147.1	0
ENSMUSG00000058152.8	93.3608109562206
ENSMUSG00000058153.15	1465.4331994355
ENSMUSG00000058159.14	0
ENSMUSG00000058163.14	0
ENSMUSG00000058172.1	0
ENSMUSG00000058173.12	38.6308596743916
ENSMUSG00000058174.7	0
ENSMUSG00000058176.3	0
ENSMUSG00000058183.14	77.1237641430275
ENSMUSG00000058186.13	0
ENSMUSG00000058188.3	0
ENSMUSG00000058192.16	248.884580953442
ENSMUSG00000058194.3	0
ENSMUSG00000058200.2	0
ENSMUSG00000058207.6	0
ENSMUSG00000058216.13	0
ENSMUSG00000058230.12	963.384991646556
ENSMUSG00000058239.13	2743.7787899127
ENSMUSG00000058240.14	2697.87981328276
ENSMUSG00000058244.4	0
ENSMUSG00000058246.8	27.4279606194699
ENSMUSG00000058248.12	554.402239584857
ENSMUSG00000058250.2	0
ENSMUSG00000058251.3	0
ENSMUSG00000058252.6	0
ENSMUSG00000058254.12	48033.6184848268
ENSMUSG00000058258.14	447.036447106037
ENSMUSG00000058260.2	1129.98001023312
ENSMUSG00000058267.13	3039.68755634738
ENSMUSG00000058270.3	0
ENSMUSG00000058275.3	0
ENSMUSG00000058281.1	0
ENSMUSG00000058287.5	0
ENSMUSG00000058290.4	1.97073068928218
ENSMUSG00000058291.14	611.891731943993
ENSMUSG00000058295.6	0
ENSMUSG00000058297.16	16051.7252805611
ENSMUSG00000058298.10	99.9219855112347
ENSMUSG00000058301.8	684.237283325852
ENSMUSG00000058317.12	3329.76468781512
ENSMUSG00000058318.15	316.918876097508
ENSMUSG00000058325.6	36.7220215581895
ENSMUSG00000058328.13	0
ENSMUSG00000058331.15	18.2655189347486
ENSMUSG00000058349.2	0
ENSMUSG00000058351.11	2822.38163985789
ENSMUSG00000058354.7	0
ENSMUSG00000058355.8	805.067722367535
ENSMUSG00000058357.2	0
ENSMUSG00000058360.5	0
ENSMUSG00000058368.3	0
ENSMUSG00000058385.8	0
ENSMUSG00000058388.14	453.594157175114
ENSMUSG00000058392.13	371.585311803836
ENSMUSG00000058396.7	18.4046601807349
ENSMUSG00000058398.6	0
ENSMUSG00000058400.13	124.183811735439
ENSMUSG00000058402.14	195.226747616797
ENSMUSG00000058407.12	2108.18242096015
ENSMUSG00000058420.8	485.410404224189
ENSMUSG00000058427.10	0
ENSMUSG00000058430.1	0
ENSMUSG00000058435.6	0
ENSMUSG00000058440.14	539.446085008997
ENSMUSG00000058441.7	1793.74112048094
ENSMUSG00000058443.5	612.505726244361
ENSMUSG00000058444.8	909.719667529508
ENSMUSG00000058446.14	105.755368326924
ENSMUSG00000058447.8	36.2698281145266
ENSMUSG00000058454.15	623.644360645742
ENSMUSG00000058463.3	0
ENSMUSG00000058470.10	0
ENSMUSG00000058486.11	413.385614301504
ENSMUSG00000058488.7	106.574703645091
ENSMUSG00000058491.8	0
ENSMUSG00000058492.5	15.3075658115171
ENSMUSG00000058498.12	273.078615614999
ENSMUSG00000058499.9	0
ENSMUSG00000058503.11	1112.54412643959
ENSMUSG00000058508.1	0
ENSMUSG00000058513.7	0
ENSMUSG00000058515.4	0
ENSMUSG00000058523.2	0
ENSMUSG00000058537.4	0
ENSMUSG00000058542.3	119.614466901176
ENSMUSG00000058546.8	30036.3652456495
ENSMUSG00000058550.15	0
ENSMUSG00000058558.12	13070.281725429
ENSMUSG00000058567.6	0
ENSMUSG00000058568.6	0
ENSMUSG00000058569.8	5838.91007527956
ENSMUSG00000058571.11	20.9458450092928
ENSMUSG00000058579.5	0
ENSMUSG00000058581.7	0
ENSMUSG00000058586.12	122.60381887893
ENSMUSG00000058587.9	1346.54374644258
ENSMUSG00000058589.14	3050.03166864067
ENSMUSG00000058590.2	0
ENSMUSG00000058594.15	1456.43240254956
ENSMUSG00000058600.13	11256.6710602363
ENSMUSG00000058603.10	374.436895845344
ENSMUSG00000058607.4	0
ENSMUSG00000058613.6	0
ENSMUSG00000058618.6	0
ENSMUSG00000058620.5	37.8231350658499
ENSMUSG00000058622.1	0
ENSMUSG00000058624.13	612.127691526688
ENSMUSG00000058625.6	10.4238266814216
ENSMUSG00000058626.16	0
ENSMUSG00000058628.4	0
ENSMUSG00000058631.6	0
ENSMUSG00000058638.14	65.7844392500156
ENSMUSG00000058643.3	0
ENSMUSG00000058655.9	3753.98715170252
ENSMUSG00000058656.13	227.59578304803
ENSMUSG00000058659.6	0
ENSMUSG00000058662.4	0
ENSMUSG00000058665.8	24.9537558523491
ENSMUSG00000058669.7	0
ENSMUSG00000058670.5	0
ENSMUSG00000058672.7	21084.7786358156
ENSMUSG00000058685.7	0
ENSMUSG00000058690.14	404.752302617502
ENSMUSG00000058692.4	0
ENSMUSG00000058700.2	0
ENSMUSG00000058704.9	679.430418329643
ENSMUSG00000058706.5	115.530992810804
ENSMUSG00000058709.11	2011.11155131665
ENSMUSG00000058715.11	506.884598944576
ENSMUSG00000058717.8	0
ENSMUSG00000058725.1	0
ENSMUSG00000058728.15	0
ENSMUSG00000058729.13	173.302887591133
ENSMUSG00000058740.14	1407.41139349397
ENSMUSG00000058741.4	0
ENSMUSG00000058743.6	66.9432317667793
ENSMUSG00000058745.4	0
ENSMUSG00000058748.9	77.4256738048546
ENSMUSG00000058755.3	11.9065018158613
ENSMUSG00000058756.13	19472.6211173339
ENSMUSG00000058761.5	126.996911892627
ENSMUSG00000058773.2	0
ENSMUSG00000058793.14	2842.10411558103
ENSMUSG00000058794.12	0
ENSMUSG00000058799.16	7547.53142928785
ENSMUSG00000058802.5	0
ENSMUSG00000058806.15	0
ENSMUSG00000058807.4	0
ENSMUSG00000058809.8	11.5612392624517
ENSMUSG00000058812.2	0
ENSMUSG00000058816.5	3.30558775710215
ENSMUSG00000058818.13	29.9697072565581
ENSMUSG00000058820.3	0
ENSMUSG00000058831.13	0
ENSMUSG00000058833.11	7957.16865707568
ENSMUSG00000058835.14	3637.1958350889
ENSMUSG00000058838.9	226.748201245427
ENSMUSG00000058856.3	0
ENSMUSG00000058869.9	0
ENSMUSG00000058873.1	0
ENSMUSG00000058881.13	50.5914511670799
ENSMUSG00000058883.16	27.3261172175737
ENSMUSG00000058884.6	0
ENSMUSG00000058886.9	1302.4162457432
ENSMUSG00000058897.18	410.291547456033
ENSMUSG00000058900.5	30.9423850918916
ENSMUSG00000058904.3	0
ENSMUSG00000058905.5	8.57903473766532
ENSMUSG00000058908.14	0
ENSMUSG00000058914.12	0
ENSMUSG00000058921.3	0
ENSMUSG00000058922.7	129.57505123784
ENSMUSG00000058925.11	40.2766153405224
ENSMUSG00000058927.6	1398.88641722155
ENSMUSG00000058932.6	88.9358821258107
ENSMUSG00000058933.5	0
ENSMUSG00000058934.8	0
ENSMUSG00000058935.14	0
ENSMUSG00000058952.12	0
ENSMUSG00000058953.3	0
ENSMUSG00000058966.13	2655.82270186361
ENSMUSG00000058975.7	6503.61661564901
ENSMUSG00000058976.4	0
ENSMUSG00000058979.7	271.890546631493
ENSMUSG00000058981.4	0
ENSMUSG00000058997.8	279.525774249962
ENSMUSG00000059003.12	292.074485639043
ENSMUSG00000059005.13	9632.79846058965
ENSMUSG00000059013.12	560.621241533378
ENSMUSG00000059014.8	0
ENSMUSG00000059022.15	35.6637303451664
ENSMUSG00000059023.2	0
ENSMUSG00000059027.14	0
ENSMUSG00000059030.5	0
ENSMUSG00000059031.3	0.665118876619049
ENSMUSG00000059033.7	4.0349712872622
ENSMUSG00000059040.5	10620.9224099605
ENSMUSG00000059042.3	0
ENSMUSG00000059043.2	0
ENSMUSG00000059049.14	108.558668046418
ENSMUSG00000059058.7	439.075308116866
ENSMUSG00000059060.15	0
ENSMUSG00000059064.8	0
ENSMUSG00000059069.5	0
ENSMUSG00000059070.16	17018.9110941842
ENSMUSG00000059077.6	0
ENSMUSG00000059087.4	0
ENSMUSG00000059089.4	21.0842059656538
ENSMUSG00000059105.4	0
ENSMUSG00000059106.5	0
ENSMUSG00000059108.4	0
ENSMUSG00000059112.6	0
ENSMUSG00000059113.2	0
ENSMUSG00000059114.8	0
ENSMUSG00000059119.9	4425.56766913197
ENSMUSG00000059128.3	0
ENSMUSG00000059134.2	0
ENSMUSG00000059136.4	0
ENSMUSG00000059142.16	39.5264136831589
ENSMUSG00000059146.12	714.180991332095
ENSMUSG00000059149.17	426.115540153169
ENSMUSG00000059150.3	0
ENSMUSG00000059159.6	0
ENSMUSG00000059169.9	0
ENSMUSG00000059173.19	421.608556065761
ENSMUSG00000059179.6	0
ENSMUSG00000059182.7	221.732593168653
ENSMUSG00000059183.12	363.137240876883
ENSMUSG00000059187.12	130.278685210364
ENSMUSG00000059189.3	0
ENSMUSG00000059195.10	289.966299129365
ENSMUSG00000059201.12	0
ENSMUSG00000059203.10	66.8733178163511
ENSMUSG00000059205.5	0
ENSMUSG00000059206.4	0
ENSMUSG00000059208.15	3809.96497336474
ENSMUSG00000059213.7	4780.55796845411
ENSMUSG00000059218.14	0
ENSMUSG00000059229.7	0
ENSMUSG00000059230.2	0
ENSMUSG00000059237.6	34.0585809511371
ENSMUSG00000059244.6	0
ENSMUSG00000059246.4	0
ENSMUSG00000059248.13	523.419466701959
ENSMUSG00000059251.1	0
ENSMUSG00000059252.5	11.9810662924565
ENSMUSG00000059256.6	0
ENSMUSG00000059263.9	721.493803277383
ENSMUSG00000059273.9	604.088024189626
ENSMUSG00000059277.12	81.2596736962205
ENSMUSG00000059278.9	11023.5238598316
ENSMUSG00000059279.11	0
ENSMUSG00000059280.4	0
ENSMUSG00000059288.14	103.854988550261
ENSMUSG00000059291.15	29645.7114656748
ENSMUSG00000059301.7	0
ENSMUSG00000059303.6	0
ENSMUSG00000059305.12	0
ENSMUSG00000059316.2	1696.739478133
ENSMUSG00000059319.3	0
ENSMUSG00000059323.14	81.1253390343262
ENSMUSG00000059325.14	678.94211308212
ENSMUSG00000059326.7	201.246744499277
ENSMUSG00000059327.9	19.7401102686701
ENSMUSG00000059334.6	0
ENSMUSG00000059336.14	31.2101180681299
ENSMUSG00000059343.4	19.9281288567862
ENSMUSG00000059352.5	0
ENSMUSG00000059355.13	3522.22293662971
ENSMUSG00000059361.6	17219.1200534818
ENSMUSG00000059363.10	345.926111707031
ENSMUSG00000059366.3	0
ENSMUSG00000059371.4	0
ENSMUSG00000059375.5	0
ENSMUSG00000059379.3	0
ENSMUSG00000059382.2	0
ENSMUSG00000059383.14	0
ENSMUSG00000059395.4	0
ENSMUSG00000059397.2	0
ENSMUSG00000059401.14	345.138799475088
ENSMUSG00000059406.8	20.847434881748
ENSMUSG00000059408.3	0
ENSMUSG00000059409.9	4876.74848413074
ENSMUSG00000059410.5	0
ENSMUSG00000059411.6	0
ENSMUSG00000059412.7	3866.62698418202
ENSMUSG00000059422.5	68.9388380893166
ENSMUSG00000059423.13	15.5795747749021
ENSMUSG00000059429.3	0
ENSMUSG00000059430.14	0
ENSMUSG00000059434.9	0
ENSMUSG00000059436.13	1639.07201731612
ENSMUSG00000059439.15	1520.77530353418
ENSMUSG00000059447.13	1432.91384901085
ENSMUSG00000059455.3	41.5271074940532
ENSMUSG00000059456.13	6917.65080668707
ENSMUSG00000059460.7	0
ENSMUSG00000059461.7	726.549081278708
ENSMUSG00000059463.7	0
ENSMUSG00000059473.4	0
ENSMUSG00000059474.13	48.9620503714957
ENSMUSG00000059475.13	362.463694872311
ENSMUSG00000059479.7	0
ENSMUSG00000059481.5	0
ENSMUSG00000059482.15	778.050069244641
ENSMUSG00000059483.5	0
ENSMUSG00000059486.11	441.685751452567
ENSMUSG00000059488.3	0
ENSMUSG00000059493.13	11.8299085862403
ENSMUSG00000059495.14	536.694471674284
ENSMUSG00000059498.13	164.051399254371
ENSMUSG00000059503.2	0
ENSMUSG00000059504.7	0
ENSMUSG00000059518.14	5454.17223276299
ENSMUSG00000059534.8	36222.4579486255
ENSMUSG00000059540.15	1674.55150567496
ENSMUSG00000059547.3	0
ENSMUSG00000059552.13	619.919320397655
ENSMUSG00000059554.12	2445.09621870637
ENSMUSG00000059555.6	23.010460146293
ENSMUSG00000059562.14	0
ENSMUSG00000059565.4	158.736253596231
ENSMUSG00000059571.7	0
ENSMUSG00000059585.4	0
ENSMUSG00000059586.10	1044.59507013419
ENSMUSG00000059588.13	7.90836019891403
ENSMUSG00000059595.2	0
ENSMUSG00000059602.14	132.992532527212
ENSMUSG00000059606.3	0
ENSMUSG00000059610.5	0
ENSMUSG00000059623.6	0
ENSMUSG00000059625.6	8.1970361486958
ENSMUSG00000059626.13	0
ENSMUSG00000059631.6	149.55027837641
ENSMUSG00000059632.4	0
ENSMUSG00000059639.2	0
ENSMUSG00000059645.6	0
ENSMUSG00000059647.5	0
ENSMUSG00000059648.3	0
ENSMUSG00000059654.7	0
ENSMUSG00000059657.5	0
ENSMUSG00000059658.5	309.228091857716
ENSMUSG00000059659.7	11.6650802057887
ENSMUSG00000059663.1	0
ENSMUSG00000059668.6	0
ENSMUSG00000059669.8	617.994501949926
ENSMUSG00000059674.7	324.783477654234
ENSMUSG00000059687.4	0
ENSMUSG00000059689.15	2048.84588942314
ENSMUSG00000059690.1	0
ENSMUSG00000059695.4	0
ENSMUSG00000059706.4	0
ENSMUSG00000059708.12	67.1027541777789
ENSMUSG00000059713.12	448.112060748742
ENSMUSG00000059714.13	4072.35071843551
ENSMUSG00000059729.2	0
ENSMUSG00000059734.7	14165.0893068766
ENSMUSG00000059741.13	0
ENSMUSG00000059742.10	86.7309397025937
ENSMUSG00000059743.12	5301.25310074666
ENSMUSG00000059751.7	8456.85492816879
ENSMUSG00000059762.4	0
ENSMUSG00000059763.4	0
ENSMUSG00000059768.7	0
ENSMUSG00000059772.12	306.038548773691
ENSMUSG00000059775.5	113.077512536131
ENSMUSG00000059776.7	0
ENSMUSG00000059791.14	147.244116782997
ENSMUSG00000059796.16	13574.6973943643
ENSMUSG00000059810.18	548.025743978363
ENSMUSG00000059811.13	789.876045171169
ENSMUSG00000059816.5	0
ENSMUSG00000059820.14	102.829032539311
ENSMUSG00000059821.6	0
ENSMUSG00000059824.12	8717.79276781082
ENSMUSG00000059827.5	0
ENSMUSG00000059830.3	0
ENSMUSG00000059832.4	0
ENSMUSG00000059834.12	107.649693056096
ENSMUSG00000059835.1	144.505830795084
ENSMUSG00000059839.9	127.195604842817
ENSMUSG00000059842.12	237.629059166189
ENSMUSG00000059845.5	0
ENSMUSG00000059851.15	253.31721904535
ENSMUSG00000059852.7	126.74593953754
ENSMUSG00000059854.8	0.717710397365323
ENSMUSG00000059857.15	364.048150985477
ENSMUSG00000059862.4	0
ENSMUSG00000059864.2	61.3267382553424
ENSMUSG00000059866.13	330.928445723105
ENSMUSG00000059867.3	0
ENSMUSG00000059873.4	0
ENSMUSG00000059874.2	0
ENSMUSG00000059877.3	0
ENSMUSG00000059878.12	499.093563093724
ENSMUSG00000059883.16	26.599979692255
ENSMUSG00000059887.7	0
ENSMUSG00000059890.16	643.42904105781
ENSMUSG00000059891.14	9.48985121150376
ENSMUSG00000059895.13	1364.85627002436
ENSMUSG00000059897.5	89.5668243168409
ENSMUSG00000059898.9	13.2348356624137
ENSMUSG00000059900.14	10.2855281482306
ENSMUSG00000059901.12	0
ENSMUSG00000059908.9	0
ENSMUSG00000059910.4	0
ENSMUSG00000059912.4	95.9329888886961
ENSMUSG00000059920.9	343.659058229639
ENSMUSG00000059921.15	82.2453667625042
ENSMUSG00000059923.13	5512.53181047752
ENSMUSG00000059934.12	0
ENSMUSG00000059939.13	313.494996433208
ENSMUSG00000059956.14	0
ENSMUSG00000059964.9	0
ENSMUSG00000059970.7	486.455773841017
ENSMUSG00000059972.7	0
ENSMUSG00000059974.10	5716.35042079342
ENSMUSG00000059975.15	71.2658490215179
ENSMUSG00000059981.12	1693.03569297431
ENSMUSG00000059991.7	507.917390292644
ENSMUSG00000059994.10	0
ENSMUSG00000059995.12	2294.08820325195
ENSMUSG00000060002.14	112.532183722791
ENSMUSG00000060012.9	58.3768689326292
ENSMUSG00000060017.8	0
ENSMUSG00000060019.6	176.384126475165
ENSMUSG00000060024.2	0
ENSMUSG00000060029.13	0
ENSMUSG00000060030.5	0
ENSMUSG00000060032.6	2574.3516321021
ENSMUSG00000060034.5	0
ENSMUSG00000060036.14	22782.893546077
ENSMUSG00000060038.14	2810.56577648491
ENSMUSG00000060044.8	0
ENSMUSG00000060049.5	0
ENSMUSG00000060057.4	0
ENSMUSG00000060063.9	459.191299503843
ENSMUSG00000060068.7	10.9084489619126
ENSMUSG00000060070.5	0
ENSMUSG00000060073.9	5469.73148879605
ENSMUSG00000060081.1	0
ENSMUSG00000060084.4	0
ENSMUSG00000060090.16	18.664559049135
ENSMUSG00000060093.6	0
ENSMUSG00000060096.5	0
ENSMUSG00000060098.11	807.386462229707
ENSMUSG00000060105.2	0
ENSMUSG00000060112.4	0
ENSMUSG00000060114.4	0
ENSMUSG00000060121.15	248.346243535144
ENSMUSG00000060126.14	28028.8830086497
ENSMUSG00000060128.5	0
ENSMUSG00000060131.11	0
ENSMUSG00000060143.7	7132.47265554857
ENSMUSG00000060147.15	915.684888080291
ENSMUSG00000060149.7	25.1714254462271
ENSMUSG00000060152.14	8578.34908156577
ENSMUSG00000060161.9	0
ENSMUSG00000060166.6	1212.58530899399
ENSMUSG00000060170.3	0
ENSMUSG00000060176.4	46.1620902915981
ENSMUSG00000060177.6	93.1044702085119
ENSMUSG00000060180.12	6.5599885147836
ENSMUSG00000060181.6	463.527556221232
ENSMUSG00000060183.6	0
ENSMUSG00000060187.4	18.3265063718633
ENSMUSG00000060188.6	0
ENSMUSG00000060198.7	13.0189451288813
ENSMUSG00000060201.5	0
ENSMUSG00000060204.6	0
ENSMUSG00000060205.3	0
ENSMUSG00000060206.11	167.714952679983
ENSMUSG00000060208.5	0
ENSMUSG00000060212.13	916.041761343325
ENSMUSG00000060216.15	1670.98661206957
ENSMUSG00000060224.4	6.41373102741443
ENSMUSG00000060227.15	970.272795438727
ENSMUSG00000060240.12	36910.4176504263
ENSMUSG00000060244.1	509.685776276289
ENSMUSG00000060245.5	0
ENSMUSG00000060254.7	0
ENSMUSG00000060256.1	0
ENSMUSG00000060257.2	614.851183223305
ENSMUSG00000060260.13	484.733986753796
ENSMUSG00000060261.15	3438.94565244352
ENSMUSG00000060268.12	0
ENSMUSG00000060275.14	402.530256245698
ENSMUSG00000060279.14	4540.27820300755
ENSMUSG00000060284.7	103.917005969681
ENSMUSG00000060288.13	1414.60176239126
ENSMUSG00000060301.6	103.050041772785
ENSMUSG00000060303.4	0
ENSMUSG00000060311.11	0
ENSMUSG00000060314.13	310.755181077629
ENSMUSG00000060317.9	0
ENSMUSG00000060332.9	0
ENSMUSG00000060335.2	0
ENSMUSG00000060336.6	29.2555861914692
ENSMUSG00000060371.12	1727.62368483043
ENSMUSG00000060373.15	8651.17170202454
ENSMUSG00000060375.2	0
ENSMUSG00000060376.7	1477.69722995768
ENSMUSG00000060377.4	17.5369781173839
ENSMUSG00000060380.3	46.6975250324897
ENSMUSG00000060397.6	79.0152174063776
ENSMUSG00000060402.8	121.617844908381
ENSMUSG00000060404.3	0
ENSMUSG00000060407.6	0
ENSMUSG00000060411.3	0
ENSMUSG00000060412.2	0
ENSMUSG00000060416.2	0
ENSMUSG00000060417.6	0
ENSMUSG00000060419.8	158.982793906245
ENSMUSG00000060424.14	6133.21884223173
ENSMUSG00000060427.15	125.02702391614
ENSMUSG00000060429.12	17.7178804641171
ENSMUSG00000060438.5	27.5967840828032
ENSMUSG00000060441.15	0
ENSMUSG00000060445.11	13.4688289152533
ENSMUSG00000060450.14	5768.26274623824
ENSMUSG00000060459.14	0
ENSMUSG00000060461.5	127.000126685883
ENSMUSG00000060467.4	83.7442719211506
ENSMUSG00000060469.3	0
ENSMUSG00000060470.7	0
ENSMUSG00000060475.13	1103.36520503798
ENSMUSG00000060477.14	372.036194360928
ENSMUSG00000060480.5	0
ENSMUSG00000060487.7	236.743929826816
ENSMUSG00000060491.14	0
ENSMUSG00000060499.7	0
ENSMUSG00000060503.6	0
ENSMUSG00000060508.16	0
ENSMUSG00000060509.5	0
ENSMUSG00000060510.14	45.8298117575537
ENSMUSG00000060512.7	83.221259391094
ENSMUSG00000060519.11	33.9359818452075
ENSMUSG00000060523.5	0
ENSMUSG00000060530.2	240.295589720157
ENSMUSG00000060534.16	87.3350399305131
ENSMUSG00000060538.14	852.684678271326
ENSMUSG00000060548.13	183.019428544584
ENSMUSG00000060550.16	33.0969208053131
ENSMUSG00000060556.4	0
ENSMUSG00000060560.8	0
ENSMUSG00000060565.5	0
ENSMUSG00000060566.4	0
ENSMUSG00000060568.14	282.869221659684
ENSMUSG00000060572.17	22.7446310767405
ENSMUSG00000060579.13	1597.71685444391
ENSMUSG00000060583.4	0
ENSMUSG00000060586.11	188.123958427058
ENSMUSG00000060591.9	82.9958805357178
ENSMUSG00000060594.6	21.1272155298012
ENSMUSG00000060600.15	436.790682517112
ENSMUSG00000060601.13	1479.4914903453
ENSMUSG00000060613.10	0
ENSMUSG00000060615.5	0
ENSMUSG00000060621.6	40.2390365921672
ENSMUSG00000060630.7	0
ENSMUSG00000060636.14	23193.7770836659
ENSMUSG00000060639.5	288.769397267301
ENSMUSG00000060647.2	0
ENSMUSG00000060657.8	347.076477095842
ENSMUSG00000060663.6	0
ENSMUSG00000060671.12	584.978419149796
ENSMUSG00000060673.2	0
ENSMUSG00000060675.13	83.3731037521804
ENSMUSG00000060678.5	0
ENSMUSG00000060679.14	1497.05175230511
ENSMUSG00000060680.2	16.2779027779746
ENSMUSG00000060681.15	1066.77283640393
ENSMUSG00000060685.4	0
ENSMUSG00000060688.4	0
ENSMUSG00000060691.4	0
ENSMUSG00000060699.2	0
ENSMUSG00000060701.1	0
ENSMUSG00000060703.12	620.121852372802
ENSMUSG00000060708.4	634.337168766802
ENSMUSG00000060715.9	0
ENSMUSG00000060716.7	41.066674191947
ENSMUSG00000060724.2	0
ENSMUSG00000060726.10	0
ENSMUSG00000060727.4	49.2655830357435
ENSMUSG00000060730.8	0
ENSMUSG00000060733.13	193.67709242092
ENSMUSG00000060735.4	88.4001664806539
ENSMUSG00000060738.4	0
ENSMUSG00000060739.8	2495.39175283595
ENSMUSG00000060742.1	0
ENSMUSG00000060743.12	14542.3643345703
ENSMUSG00000060747.3	0
ENSMUSG00000060756.5	0
ENSMUSG00000060759.4	0
ENSMUSG00000060765.8	0
ENSMUSG00000060771.15	108.242588324995
ENSMUSG00000060777.4	0
ENSMUSG00000060780.2	1227.81718671185
ENSMUSG00000060787.9	0
ENSMUSG00000060791.15	193.154548064638
ENSMUSG00000060794.8	0
ENSMUSG00000060795.5	0
ENSMUSG00000060798.7	20.7425015329356
ENSMUSG00000060802.8	1679.72179836706
ENSMUSG00000060803.6	20286.1960253704
ENSMUSG00000060807.7	0
ENSMUSG00000060808.4	0
ENSMUSG00000060811.4	0
ENSMUSG00000060816.3	0
ENSMUSG00000060827.2	0
ENSMUSG00000060843.11	16.100901879368
ENSMUSG00000060860.8	5989.93288502528
ENSMUSG00000060862.10	31.0934803749377
ENSMUSG00000060863.12	0
ENSMUSG00000060878.4	0
ENSMUSG00000060879.3	0
ENSMUSG00000060882.5	708.14850981561
ENSMUSG00000060888.4	0
ENSMUSG00000060890.11	0
ENSMUSG00000060904.14	3156.80409767682
ENSMUSG00000060913.6	0
ENSMUSG00000060918.2	0
ENSMUSG00000060923.5	2523.42858905584
ENSMUSG00000060924.15	64.4192445215634
ENSMUSG00000060935.6	408.696448192378
ENSMUSG00000060938.14	30394.1501054473
ENSMUSG00000060950.12	533.583300880226
ENSMUSG00000060956.4	0
ENSMUSG00000060961.16	408.438016268473
ENSMUSG00000060962.12	936.431072580258
ENSMUSG00000060967.6	0
ENSMUSG00000060969.9	55.4502522407503
ENSMUSG00000060974.3	0
ENSMUSG00000060981.7	227.869009263231
ENSMUSG00000060985.15	279.048361845608
ENSMUSG00000060988.12	254.370641251111
ENSMUSG00000060989.8	3.15006042898424
ENSMUSG00000060992.9	3051.68116969701
ENSMUSG00000061000.1	0
ENSMUSG00000061013.6	185.783620148057
ENSMUSG00000061022.5	0
ENSMUSG00000061024.8	910.00996648171
ENSMUSG00000061028.7	744.824369439565
ENSMUSG00000061032.9	29382.6681237194
ENSMUSG00000061039.5	0
ENSMUSG00000061046.9	7052.69216128927
ENSMUSG00000061048.8	25.2037294367152
ENSMUSG00000061062.5	53.5008078524467
ENSMUSG00000061065.3	0
ENSMUSG00000061068.7	0
ENSMUSG00000061079.14	175.52003374409
ENSMUSG00000061080.11	2349.12989584488
ENSMUSG00000061082.11	0
ENSMUSG00000061086.12	112.516203391264
ENSMUSG00000061099.12	0
ENSMUSG00000061100.5	0
ENSMUSG00000061104.5	102.417570214089
ENSMUSG00000061111.8	3985.64337469118
ENSMUSG00000061115.4	0
ENSMUSG00000061118.8	1867.13325873145
ENSMUSG00000061119.7	128.763674873851
ENSMUSG00000061126.5	0
ENSMUSG00000061130.13	1888.15451093013
ENSMUSG00000061132.13	76.9305020086293
ENSMUSG00000061136.16	554.155636851673
ENSMUSG00000061143.15	46.6777056760067
ENSMUSG00000061144.6	0
ENSMUSG00000061165.9	0
ENSMUSG00000061167.9	0
ENSMUSG00000061171.15	0
ENSMUSG00000061175.12	17.215686061264
ENSMUSG00000061184.8	0
ENSMUSG00000061186.15	7.64677590492321
ENSMUSG00000061195.8	0
ENSMUSG00000061207.11	1290.53667952521
ENSMUSG00000061208.6	0
ENSMUSG00000061210.4	0
ENSMUSG00000061232.16	889.529704686051
ENSMUSG00000061242.6	11.3784330090327
ENSMUSG00000061244.14	210.713936100061
ENSMUSG00000061246.6	0
ENSMUSG00000061259.11	0
ENSMUSG00000061272.8	9.72665350699455
ENSMUSG00000061273.3	401.173644703125
ENSMUSG00000061286.7	1371.84095457641
ENSMUSG00000061288.13	948.031326323975
ENSMUSG00000061292.10	0
ENSMUSG00000061295.5	0
ENSMUSG00000061296.2	0
ENSMUSG00000061298.14	181.160466541232
ENSMUSG00000061306.16	1205.4590799039
ENSMUSG00000061311.6	0
ENSMUSG00000061313.8	653.361285275283
ENSMUSG00000061315.14	24865.7719235662
ENSMUSG00000061322.15	45.662392815546
ENSMUSG00000061330.8	0
ENSMUSG00000061331.5	0
ENSMUSG00000061336.3	0
ENSMUSG00000061342.5	0
ENSMUSG00000061353.11	180.790421989322
ENSMUSG00000061356.13	0
ENSMUSG00000061360.8	1175.42919671144
ENSMUSG00000061361.2	0
ENSMUSG00000061367.3	0
ENSMUSG00000061371.7	156.802883174209
ENSMUSG00000061374.14	674.879956504312
ENSMUSG00000061376.2	0
ENSMUSG00000061387.3	0
ENSMUSG00000061388.11	0
ENSMUSG00000061390.6	0
ENSMUSG00000061392.2	0
ENSMUSG00000061393.14	125.590143332938
ENSMUSG00000061397.8	0
ENSMUSG00000061410.6	332.901236376998
ENSMUSG00000061411.12	192.318233644225
ENSMUSG00000061414.8	15.1853100330226
ENSMUSG00000061436.15	26.7385591297111
ENSMUSG00000061451.13	2696.26255379375
ENSMUSG00000061455.13	190.088446799338
ENSMUSG00000061457.3	0
ENSMUSG00000061458.9	330.388766206651
ENSMUSG00000061461.11	2050.39201770991
ENSMUSG00000061462.18	51.1664309861824
ENSMUSG00000061469.3	0
ENSMUSG00000061474.11	5358.71681233657
ENSMUSG00000061477.4	16011.0412291899
ENSMUSG00000061479.15	5469.82381266451
ENSMUSG00000061482.7	1.56741458774904
ENSMUSG00000061486.7	0
ENSMUSG00000061488.5	0
ENSMUSG00000061489.3	0
ENSMUSG00000061490.6	0
ENSMUSG00000061510.3	3.44157663300216
ENSMUSG00000061517.8	36.1777851503243
ENSMUSG00000061518.11	75556.4121032948
ENSMUSG00000061520.4	0
ENSMUSG00000061524.8	256.350236030537
ENSMUSG00000061525.2	0
ENSMUSG00000061527.7	0
ENSMUSG00000061531.8	0.453098579628284
ENSMUSG00000061533.16	204.139371775077
ENSMUSG00000061535.11	29.7715136917279
ENSMUSG00000061536.13	322.515581464046
ENSMUSG00000061540.3	0
ENSMUSG00000061544.13	0
ENSMUSG00000061549.6	0
ENSMUSG00000061559.15	1895.32368716119
ENSMUSG00000061561.5	0
ENSMUSG00000061576.15	5393.62693896161
ENSMUSG00000061577.12	0
ENSMUSG00000061578.8	228.180969055432
ENSMUSG00000061584.6	0
ENSMUSG00000061589.14	50.6352098092676
ENSMUSG00000061601.15	122.516676133574
ENSMUSG00000061602.3	0
ENSMUSG00000061603.8	103.046390017339
ENSMUSG00000061607.15	41.3786339841482
ENSMUSG00000061613.13	5213.50687939519
ENSMUSG00000061614.5	0
ENSMUSG00000061615.2	0
ENSMUSG00000061616.5	0
ENSMUSG00000061619.3	0
ENSMUSG00000061626.6	0
ENSMUSG00000061633.3	0
ENSMUSG00000061637.5	0
ENSMUSG00000061650.6	1638.63917505517
ENSMUSG00000061653.4	0
ENSMUSG00000061665.7	55.9924286840046
ENSMUSG00000061666.6	1454.13869437857
ENSMUSG00000061669.6	0
ENSMUSG00000061684.6	63.127958826421
ENSMUSG00000061689.15	2057.46456287377
ENSMUSG00000061701.11	0
ENSMUSG00000061702.10	5450.61486114959
ENSMUSG00000061707.5	0
ENSMUSG00000061718.12	98829.003152067
ENSMUSG00000061723.18	0
ENSMUSG00000061724.5	0
ENSMUSG00000061728.5	0
ENSMUSG00000061731.9	505.063808709694
ENSMUSG00000061740.8	139.588757692195
ENSMUSG00000061742.12	0
ENSMUSG00000061751.16	907.909770137795
ENSMUSG00000061755.10	140.421763684597
ENSMUSG00000061758.13	949.856423757588
ENSMUSG00000061759.15	626.516107371168
ENSMUSG00000061762.12	15969.2874631654
ENSMUSG00000061769.2	0
ENSMUSG00000061778.10	62.0974459240592
ENSMUSG00000061780.6	0
ENSMUSG00000061787.15	28415.8037269988
ENSMUSG00000061798.2	0
ENSMUSG00000061802.6	4.77599673863195
ENSMUSG00000061808.4	3114.40796602126
ENSMUSG00000061809.8	0
ENSMUSG00000061815.11	0
ENSMUSG00000061816.15	807.950424359301
ENSMUSG00000061825.10	0
ENSMUSG00000061829.4	0
ENSMUSG00000061833.6	0
ENSMUSG00000061838.7	210.231373784181
ENSMUSG00000061843.5	0
ENSMUSG00000061845.3	0
ENSMUSG00000061847.2	0
ENSMUSG00000061848.5	21.2766565988417
ENSMUSG00000061852.9	0
ENSMUSG00000061859.17	1019.55994567971
ENSMUSG00000061863.6	8.36180210597745
ENSMUSG00000061875.2	0
ENSMUSG00000061877.13	0
ENSMUSG00000061878.16	121.107254589159
ENSMUSG00000061882.12	4.22024325589714
ENSMUSG00000061887.14	2670.4299733422
ENSMUSG00000061894.15	27.7367992531699
ENSMUSG00000061897.5	679.116148880151
ENSMUSG00000061898.10	45.2430027477313
ENSMUSG00000061904.12	18358.8988784065
ENSMUSG00000061906.5	0
ENSMUSG00000061911.15	1131.19994624492
ENSMUSG00000061923.4	0
ENSMUSG00000061928.6	0
ENSMUSG00000061937.7	0
ENSMUSG00000061947.10	0
ENSMUSG00000061950.17	265.694266716861
ENSMUSG00000061952.6	0
ENSMUSG00000061958.5	0
ENSMUSG00000061959.13	0
ENSMUSG00000061961.3	0
ENSMUSG00000061969.8	0
ENSMUSG00000061972.3	0
ENSMUSG00000061974.2	0
ENSMUSG00000061977.2	0
ENSMUSG00000061979.8	307.065253862682
ENSMUSG00000061981.14	1557.49105156378
ENSMUSG00000061983.7	13377.8663712779
ENSMUSG00000061984.6	0
ENSMUSG00000061988.3	0
ENSMUSG00000061991.2	0
ENSMUSG00000061992.2	0
ENSMUSG00000062006.12	11678.3896995624
ENSMUSG00000062007.13	0
ENSMUSG00000062012.14	650.57312317452
ENSMUSG00000062014.13	730.076677040005
ENSMUSG00000062017.15	0
ENSMUSG00000062028.8	0
ENSMUSG00000062031.13	0
ENSMUSG00000062036.9	0
ENSMUSG00000062037.3	0
ENSMUSG00000062038.5	39.2668893537789
ENSMUSG00000062040.14	209.534294244509
ENSMUSG00000062042.1	0
ENSMUSG00000062044.16	1247.15504207287
ENSMUSG00000062046.1	0
ENSMUSG00000062054.7	823.613708605207
ENSMUSG00000062061.3	0
ENSMUSG00000062064.6	0
ENSMUSG00000062070.12	28033.9067941617
ENSMUSG00000062073.6	31.6327541407858
ENSMUSG00000062074.7	7.38110289329575
ENSMUSG00000062075.13	399.563844782928
ENSMUSG00000062077.14	0
ENSMUSG00000062078.15	224.900444201095
ENSMUSG00000062081.6	67.1801276970252
ENSMUSG00000062082.16	0
ENSMUSG00000062083.1	3.64669916970513
ENSMUSG00000062093.5	18.3016619501932
ENSMUSG00000062098.11	685.661811277413
ENSMUSG00000062101.12	19.9019423369606
ENSMUSG00000062103.5	0
ENSMUSG00000062105.5	0
ENSMUSG00000062110.14	681.009786954452
ENSMUSG00000062115.15	1084.25307185976
ENSMUSG00000062116.10	353.975548270202
ENSMUSG00000062121.3	0
ENSMUSG00000062124.7	0
ENSMUSG00000062127.11	150.080594417359
ENSMUSG00000062128.8	0
ENSMUSG00000062132.10	29.1539612706681
ENSMUSG00000062142.5	0
ENSMUSG00000062148.6	0
ENSMUSG00000062151.13	154.1247731222
ENSMUSG00000062152.4	0
ENSMUSG00000062154.14	0
ENSMUSG00000062157.6	30.4034234418936
ENSMUSG00000062162.2	0
ENSMUSG00000062165.3	0
ENSMUSG00000062168.12	10.1685783391883
ENSMUSG00000062169.13	588.616659979963
ENSMUSG00000062170.12	0
ENSMUSG00000062175.13	16.209767887892
ENSMUSG00000062181.14	0
ENSMUSG00000062184.11	620.867528350338
ENSMUSG00000062186.2	0
ENSMUSG00000062190.12	1239.74197851653
ENSMUSG00000062198.5	183.01125110931
ENSMUSG00000062199.2	0
ENSMUSG00000062200.14	0
ENSMUSG00000062201.4	0
ENSMUSG00000062202.14	377.4789329786
ENSMUSG00000062203.15	869.166236641508
ENSMUSG00000062204.1	0
ENSMUSG00000062209.15	198.58614414646
ENSMUSG00000062210.13	214.08431910765
ENSMUSG00000062224.6	0
ENSMUSG00000062226.5	0
ENSMUSG00000062232.14	601.587227152074
ENSMUSG00000062234.14	1356.95658664608
ENSMUSG00000062235.6	0
ENSMUSG00000062245.4	0
ENSMUSG00000062248.5	149.83545862867
ENSMUSG00000062252.9	760.466492230833
ENSMUSG00000062257.13	870.044499432178
ENSMUSG00000062270.14	16175.5827127521
ENSMUSG00000062272.4	0
ENSMUSG00000062275.7	0
ENSMUSG00000062278.2	0
ENSMUSG00000062279.6	0
ENSMUSG00000062282.4	0
ENSMUSG00000062284.5	0
ENSMUSG00000062296.8	309.228247915642
ENSMUSG00000062300.14	277.897465859853
ENSMUSG00000062309.8	2591.44493753853
ENSMUSG00000062310.7	0
ENSMUSG00000062312.5	0
ENSMUSG00000062314.3	0
ENSMUSG00000062319.2	0
ENSMUSG00000062327.10	0
ENSMUSG00000062328.8	20263.5002716358
ENSMUSG00000062329.4	0
ENSMUSG00000062342.3	0
ENSMUSG00000062345.10	0
ENSMUSG00000062352.15	5938.85649946186
ENSMUSG00000062353.6	189.608599891354
ENSMUSG00000062365.4	0
ENSMUSG00000062369.2	0
ENSMUSG00000062372.13	89.3091102593916
ENSMUSG00000062373.8	1224.05953035742
ENSMUSG00000062376.7	990.614789912781
ENSMUSG00000062380.4	11239.0887004743
ENSMUSG00000062382.9	274.452206259819
ENSMUSG00000062391.3	0
ENSMUSG00000062393.13	26.8013880503415
ENSMUSG00000062397.8	6524.53084332268
ENSMUSG00000062400.3	0
ENSMUSG00000062410.14	0
ENSMUSG00000062421.13	1488.32205924658
ENSMUSG00000062426.2	0
ENSMUSG00000062432.4	0
ENSMUSG00000062433.3	0
ENSMUSG00000062434.2	0
ENSMUSG00000062438.4	0
ENSMUSG00000062444.15	3253.49964801054
ENSMUSG00000062456.4	766.333614769921
ENSMUSG00000062458.5	7.96784947994809
ENSMUSG00000062461.7	0
ENSMUSG00000062464.6	0
ENSMUSG00000062470.10	34.4894880938214
ENSMUSG00000062472.6	0
ENSMUSG00000062477.5	0
ENSMUSG00000062478.16	0
ENSMUSG00000062480.12	66.0890955313238
ENSMUSG00000062483.4	0
ENSMUSG00000062488.9	103.987044766449
ENSMUSG00000062496.9	0
ENSMUSG00000062497.3	0
ENSMUSG00000062510.12	8.42762733876908
ENSMUSG00000062511.6	0
ENSMUSG00000062515.3	0
ENSMUSG00000062518.7	0
ENSMUSG00000062519.13	83.3149565693019
ENSMUSG00000062524.4	0
ENSMUSG00000062526.4	553.720828260862
ENSMUSG00000062527.6	0
ENSMUSG00000062528.2	0
ENSMUSG00000062542.11	472.131903554343
ENSMUSG00000062543.8	0
ENSMUSG00000062545.4	16.2551807440854
ENSMUSG00000062546.5	0
ENSMUSG00000062551.13	0
ENSMUSG00000062553.3	0
ENSMUSG00000062554.7	0
ENSMUSG00000062556.3	0
ENSMUSG00000062561.3	167.467070271812
ENSMUSG00000062563.15	314.431000656151
ENSMUSG00000062564.12	0
ENSMUSG00000062580.9	6160.75101833356
ENSMUSG00000062582.6	42.5976960715713
ENSMUSG00000062585.11	0
ENSMUSG00000062588.4	3.67210539990541
ENSMUSG00000062590.13	1167.85486289533
ENSMUSG00000062591.5	15659.177800089
ENSMUSG00000062593.17	0
ENSMUSG00000062598.3	0
ENSMUSG00000062604.11	1928.48733833526
ENSMUSG00000062608.5	0
ENSMUSG00000062609.14	0
ENSMUSG00000062611.4	3545.23046288701
ENSMUSG00000062619.6	242.596538978873
ENSMUSG00000062621.3	0
ENSMUSG00000062624.5	0
ENSMUSG00000062627.9	66.4142266124004
ENSMUSG00000062629.4	0
ENSMUSG00000062638.11	0
ENSMUSG00000062646.12	211.041969858544
ENSMUSG00000062647.16	26668.384937087
ENSMUSG00000062649.6	0
ENSMUSG00000062651.4	0
ENSMUSG00000062661.6	3800.74145060815
ENSMUSG00000062683.11	16897.2128794444
ENSMUSG00000062687.6	0
ENSMUSG00000062691.10	1540.29711997727
ENSMUSG00000062694.7	13.8501096377675
ENSMUSG00000062704.3	0
ENSMUSG00000062705.7	0
ENSMUSG00000062712.3	0
ENSMUSG00000062713.8	0
ENSMUSG00000062727.4	0
ENSMUSG00000062729.11	199.417745617537
ENSMUSG00000062732.10	0
ENSMUSG00000062737.13	0
ENSMUSG00000062742.4	191.756269056073
ENSMUSG00000062743.9	0
ENSMUSG00000062751.5	0
ENSMUSG00000062753.14	2971.27126261434
ENSMUSG00000062757.2	0
ENSMUSG00000062758.6	0
ENSMUSG00000062760.11	347.775054791594
ENSMUSG00000062761.7	1111.64392190465
ENSMUSG00000062762.17	2501.28474977901
ENSMUSG00000062773.6	0
ENSMUSG00000062778.12	219.930280192099
ENSMUSG00000062782.4	0
ENSMUSG00000062785.14	2737.76516019356
ENSMUSG00000062791.4	0
ENSMUSG00000062793.6	0
ENSMUSG00000062794.8	12.9979709437528
ENSMUSG00000062797.14	2071.642331731
ENSMUSG00000062814.9	0
ENSMUSG00000062818.7	0
ENSMUSG00000062822.8	121.873779905484
ENSMUSG00000062825.15	55526.7483087071
ENSMUSG00000062826.7	0
ENSMUSG00000062833.2	0
ENSMUSG00000062844.6	0
ENSMUSG00000062846.7	10.9560466290569
ENSMUSG00000062859.15	0
ENSMUSG00000062861.8	178.108379277602
ENSMUSG00000062866.16	144.783707536452
ENSMUSG00000062867.13	2168.4003988695
ENSMUSG00000062868.4	0
ENSMUSG00000062873.7	0
ENSMUSG00000062874.6	2.33665531197021
ENSMUSG00000062878.3	0
ENSMUSG00000062892.4	0
ENSMUSG00000062896.3	0
ENSMUSG00000062901.3	161.482280057227
ENSMUSG00000062905.2	0
ENSMUSG00000062906.12	14.9091187172459
ENSMUSG00000062908.12	547.451325967791
ENSMUSG00000062914.3	0
ENSMUSG00000062929.8	1702.89658750844
ENSMUSG00000062931.15	393.147429559203
ENSMUSG00000062933.7	6092.69705989093
ENSMUSG00000062937.7	405.251219803929
ENSMUSG00000062939.11	75.9549214958897
ENSMUSG00000062944.4	77.987825662517
ENSMUSG00000062949.13	42.7159255555991
ENSMUSG00000062952.1	0
ENSMUSG00000062960.10	4.70021501022129
ENSMUSG00000062961.7	179.619800281838
ENSMUSG00000062962.5	0
ENSMUSG00000062963.10	5260.52054657227
ENSMUSG00000062980.15	1.15233171866613
ENSMUSG00000062981.5	6509.98974040432
ENSMUSG00000062987.6	0
ENSMUSG00000062991.9	101.384934923946
ENSMUSG00000062995.12	1273.71088858392
ENSMUSG00000062997.6	13039.7611649085
ENSMUSG00000063001.10	0
ENSMUSG00000063011.7	66.5499345840353
ENSMUSG00000063015.12	2272.33981475722
ENSMUSG00000063018.6	1551.2457382491
ENSMUSG00000063019.5	3258.48101697856
ENSMUSG00000063020.2	0
ENSMUSG00000063021.3	0
ENSMUSG00000063047.9	63.0262090592799
ENSMUSG00000063049.4	979.367695253481
ENSMUSG00000063052.9	319.924676580563
ENSMUSG00000063058.2	0
ENSMUSG00000063060.6	0
ENSMUSG00000063063.12	2267.15491504334
ENSMUSG00000063065.13	5208.0660446842
ENSMUSG00000063077.15	1052.87419275147
ENSMUSG00000063087.15	266.034535416669
ENSMUSG00000063089.4	0
ENSMUSG00000063106.6	0
ENSMUSG00000063108.15	17.9907945634675
ENSMUSG00000063109.13	135.579067788793
ENSMUSG00000063116.4	0
ENSMUSG00000063120.5	0
ENSMUSG00000063129.1	1.03987637786564
ENSMUSG00000063130.4	0
ENSMUSG00000063133.2	0
ENSMUSG00000063137.5	0
ENSMUSG00000063142.15	438.705076295446
ENSMUSG00000063145.10	697.48279335034
ENSMUSG00000063146.11	1386.69623330951
ENSMUSG00000063157.9	0
ENSMUSG00000063160.12	2302.49779029458
ENSMUSG00000063163.13	0
ENSMUSG00000063166.4	0
ENSMUSG00000063171.4	2756.38811419988
ENSMUSG00000063172.13	833.631191661349
ENSMUSG00000063173.2	0
ENSMUSG00000063176.2	0
ENSMUSG00000063177.6	0
ENSMUSG00000063179.13	1335.15894627021
ENSMUSG00000063188.4	0
ENSMUSG00000063193.9	0
ENSMUSG00000063200.4	6067.50431693214
ENSMUSG00000063206.4	0
ENSMUSG00000063216.3	0
ENSMUSG00000063221.6	0
ENSMUSG00000063225.1	0
ENSMUSG00000063229.15	7723.11182623735
ENSMUSG00000063230.5	0
ENSMUSG00000063232.16	0
ENSMUSG00000063234.5	53.8200399439559
ENSMUSG00000063235.16	1383.7151211902
ENSMUSG00000063236.6	1596.42116791528
ENSMUSG00000063239.17	1109.48198904558
ENSMUSG00000063240.6	0
ENSMUSG00000063245.11	198.647443699425
ENSMUSG00000063251.6	0
ENSMUSG00000063252.7	0
ENSMUSG00000063253.11	6571.46392218726
ENSMUSG00000063260.2	123.372872333641
ENSMUSG00000063268.12	55.2231567481984
ENSMUSG00000063273.11	262.725108634611
ENSMUSG00000063275.15	334.88448291187
ENSMUSG00000063277.7	0
ENSMUSG00000063281.9	553.294478009589
ENSMUSG00000063286.7	0
ENSMUSG00000063296.5	222.732862045138
ENSMUSG00000063297.7	321.186186423604
ENSMUSG00000063305.10	0
ENSMUSG00000063314.5	0
ENSMUSG00000063316.13	21613.9207466297
ENSMUSG00000063317.7	119.164520691633
ENSMUSG00000063320.11	756.345720296371
ENSMUSG00000063328.6	0
ENSMUSG00000063334.16	1097.89902651996
ENSMUSG00000063350.6	0
ENSMUSG00000063354.7	0
ENSMUSG00000063358.17	4674.13910425299
ENSMUSG00000063362.13	172.57821701031
ENSMUSG00000063364.10	101.770741326287
ENSMUSG00000063374.4	0
ENSMUSG00000063376.6	0
ENSMUSG00000063380.3	0
ENSMUSG00000063382.6	164.81533400914
ENSMUSG00000063383.5	17.4698107864367
ENSMUSG00000063386.2	0
ENSMUSG00000063388.5	0
ENSMUSG00000063394.3	0
ENSMUSG00000063406.11	204.399489124572
ENSMUSG00000063409.12	32.9262558584641
ENSMUSG00000063410.8	1033.21669954833
ENSMUSG00000063412.4	41.09900939402
ENSMUSG00000063415.12	82.3716488354653
ENSMUSG00000063428.8	162.537013149558
ENSMUSG00000063430.9	1307.27819918696
ENSMUSG00000063434.6	319.321481488609
ENSMUSG00000063439.7	2056.52812168864
ENSMUSG00000063442.5	0
ENSMUSG00000063445.14	726.526858630179
ENSMUSG00000063446.4	488.248255168292
ENSMUSG00000063447.7	0
ENSMUSG00000063450.14	114.00234301164
ENSMUSG00000063455.16	211.739205456141
ENSMUSG00000063457.14	38521.0709577799
ENSMUSG00000063458.13	229.759713448541
ENSMUSG00000063478.2	0
ENSMUSG00000063480.8	5779.68749723943
ENSMUSG00000063488.6	5.84205963632318
ENSMUSG00000063506.14	290.23918201713
ENSMUSG00000063507.5	0
ENSMUSG00000063511.11	2992.09625636646
ENSMUSG00000063514.3	0
ENSMUSG00000063522.5	0
ENSMUSG00000063524.13	21507.2247547652
ENSMUSG00000063529.3	0
ENSMUSG00000063531.7	221.187888587013
ENSMUSG00000063535.7	37.5632986206198
ENSMUSG00000063543.5	74.6828621371151
ENSMUSG00000063548.3	0
ENSMUSG00000063549.4	0
ENSMUSG00000063550.8	164.546508627426
ENSMUSG00000063556.5	259.669088711269
ENSMUSG00000063558.4	17.5202487078172
ENSMUSG00000063564.13	101.787626793779
ENSMUSG00000063568.11	412.036306269824
ENSMUSG00000063576.12	5111.96476292912
ENSMUSG00000063582.2	0
ENSMUSG00000063583.6	0
ENSMUSG00000063586.1	0
ENSMUSG00000063590.3	0
ENSMUSG00000063594.5	30.7635114981842
ENSMUSG00000063600.14	36.2024110908993
ENSMUSG00000063605.5	0.733284978286623
ENSMUSG00000063611.5	28.7999906850399
ENSMUSG00000063615.6	0
ENSMUSG00000063623.4	48.5510874316345
ENSMUSG00000063626.6	141.311762031232
ENSMUSG00000063628.2	0
ENSMUSG00000063632.6	72.9047693505309
ENSMUSG00000063646.18	5455.25692897693
ENSMUSG00000063651.11	0
ENSMUSG00000063652.10	65.8182101849993
ENSMUSG00000063656.6	0
ENSMUSG00000063659.11	791.224073527865
ENSMUSG00000063660.4	0
ENSMUSG00000063661.6	269.726834712078
ENSMUSG00000063663.11	3.49089093732211
ENSMUSG00000063672.7	0
ENSMUSG00000063681.14	17.4637869505293
ENSMUSG00000063683.12	0
ENSMUSG00000063684.9	11.1741219735401
ENSMUSG00000063687.3	111.729733872116
ENSMUSG00000063689.4	0
ENSMUSG00000063694.5	16638.295833874
ENSMUSG00000063696.7	3739.70741459705
ENSMUSG00000063698.9	669.259904872184
ENSMUSG00000063704.13	0
ENSMUSG00000063713.7	0
ENSMUSG00000063714.15	1311.61120989951
ENSMUSG00000063715.2	0
ENSMUSG00000063727.3	0
ENSMUSG00000063728.10	0
ENSMUSG00000063730.13	0
ENSMUSG00000063739.2	0
ENSMUSG00000063751.6	0
ENSMUSG00000063754.7	17.5427210490262
ENSMUSG00000063760.9	45.6937292468987
ENSMUSG00000063762.5	0
ENSMUSG00000063764.2	0
ENSMUSG00000063765.12	348.884439369283
ENSMUSG00000063767.4	0
ENSMUSG00000063777.3	0
ENSMUSG00000063779.6	0
ENSMUSG00000063780.7	0
ENSMUSG00000063785.12	771.105054617141
ENSMUSG00000063787.4	5152.12037095454
ENSMUSG00000063796.9	13.6943638285545
ENSMUSG00000063800.5	712.273963487823
ENSMUSG00000063801.7	836.020063955045
ENSMUSG00000063802.5	5482.02616909471
ENSMUSG00000063804.8	7.59427801893198
ENSMUSG00000063808.14	546.431737120183
ENSMUSG00000063810.7	27.9093681067047
ENSMUSG00000063816.3	0
ENSMUSG00000063820.11	0
ENSMUSG00000063821.6	0
ENSMUSG00000063823.2	0
ENSMUSG00000063827.2	0
ENSMUSG00000063830.5	0
ENSMUSG00000063838.6	125.075870046685
ENSMUSG00000063842.5	0
ENSMUSG00000063844.5	0
ENSMUSG00000063846.8	0
ENSMUSG00000063849.6	972.371618472901
ENSMUSG00000063851.12	0
ENSMUSG00000063856.7	8067.48971848142
ENSMUSG00000063867.2	0
ENSMUSG00000063870.12	1872.76944675303
ENSMUSG00000063873.10	2921.31705837846
ENSMUSG00000063875.6	75.6232984051305
ENSMUSG00000063881.11	0
ENSMUSG00000063882.12	48495.2828966923
ENSMUSG00000063884.6	954.947938409113
ENSMUSG00000063885.5	0
ENSMUSG00000063887.13	354.162255971748
ENSMUSG00000063888.7	1397.5226894376
ENSMUSG00000063889.16	330.207270839803
ENSMUSG00000063894.15	31.0697283587431
ENSMUSG00000063895.7	0
ENSMUSG00000063900.5	0
ENSMUSG00000063902.13	516.361715829394
ENSMUSG00000063903.5	0
ENSMUSG00000063904.4	863.958583682152
ENSMUSG00000063905.2	0
ENSMUSG00000063911.4	0
ENSMUSG00000063919.11	198.025178329029
ENSMUSG00000063929.6	0
ENSMUSG00000063931.14	845.116742830145
ENSMUSG00000063932.5	0
ENSMUSG00000063935.3	34.871549105961
ENSMUSG00000063952.16	528.736859594221
ENSMUSG00000063953.3	214.845694512448
ENSMUSG00000063954.7	1373.83609272517
ENSMUSG00000063971.7	0
ENSMUSG00000063972.13	5.57476362227506
ENSMUSG00000063975.13	0
ENSMUSG00000063994.5	0
ENSMUSG00000063998.4	0
ENSMUSG00000064006.6	0
ENSMUSG00000064010.12	0
ENSMUSG00000064016.4	0
ENSMUSG00000064023.4	251.130410553025
ENSMUSG00000064030.15	1249.9605578149
ENSMUSG00000064032.2	0
ENSMUSG00000064036.15	465.631529166934
ENSMUSG00000064037.13	977.978030642379
ENSMUSG00000064039.4	0
ENSMUSG00000064043.13	130.064167986572
ENSMUSG00000064044.2	0
ENSMUSG00000064052.3	0
ENSMUSG00000064057.12	0
ENSMUSG00000064061.13	337.873990947549
ENSMUSG00000064063.6	118.758863721224
ENSMUSG00000064065.15	144.860488035583
ENSMUSG00000064068.15	4195.33706650035
ENSMUSG00000064080.12	96.9640948111732
ENSMUSG00000064081.4	8.02964841827309
ENSMUSG00000064084.2	0
ENSMUSG00000064090.14	79.6678828605766
ENSMUSG00000064105.13	1015.11472931905
ENSMUSG00000064109.8	0
ENSMUSG00000064110.2	0
ENSMUSG00000064115.13	713.067174709334
ENSMUSG00000064120.14	359.49478648274
ENSMUSG00000064121.4	0
ENSMUSG00000064125.14	233.70026969114
ENSMUSG00000064127.13	385.659770314674
ENSMUSG00000064128.8	51.8362940237234
ENSMUSG00000064129.4	0
ENSMUSG00000064137.6	0
ENSMUSG00000064138.14	234.682966445262
ENSMUSG00000064140.3	0
ENSMUSG00000064141.14	26.2743804374033
ENSMUSG00000064145.12	842.343281385923
ENSMUSG00000064147.7	0
ENSMUSG00000064156.8	0
ENSMUSG00000064158.6	0
ENSMUSG00000064165.8	0
ENSMUSG00000064177.8	0
ENSMUSG00000064179.13	696.615236133329
ENSMUSG00000064181.6	1454.23310942323
ENSMUSG00000064193.8	93.3590943190449
ENSMUSG00000064194.10	0
ENSMUSG00000064201.8	1.28532428240493
ENSMUSG00000064202.15	366.980073646808
ENSMUSG00000064208.6	11.6904240128189
ENSMUSG00000064210.7	63.7540007986043
ENSMUSG00000064213.5	0
ENSMUSG00000064215.13	1418.47359072366
ENSMUSG00000064220.6	0
ENSMUSG00000064223.4	0
ENSMUSG00000064224.10	0
ENSMUSG00000064225.6	377.233547497231
ENSMUSG00000064231.1	4.8097364620306
ENSMUSG00000064232.2	0
ENSMUSG00000064246.10	279.945226740946
ENSMUSG00000064247.14	622.302699452389
ENSMUSG00000064252.9	0
ENSMUSG00000064254.6	609.368587411572
ENSMUSG00000064259.2	0
ENSMUSG00000064262.7	0
ENSMUSG00000064263.6	0
ENSMUSG00000064264.14	3961.63617257751
ENSMUSG00000064267.13	150.040955704393
ENSMUSG00000064272.3	0
ENSMUSG00000064280.14	4.90427635303384
ENSMUSG00000064281.7	151.117037520874
ENSMUSG00000064284.12	760.886693799858
ENSMUSG00000064288.4	0
ENSMUSG00000064289.15	468.734116775114
ENSMUSG00000064293.14	398.199305497761
ENSMUSG00000064294.12	4.64865347178044
ENSMUSG00000064299.6	0
ENSMUSG00000064302.13	1324.89011631996
ENSMUSG00000064307.13	366.34354458206
ENSMUSG00000064308.10	0
ENSMUSG00000064310.10	0
ENSMUSG00000064317.5	164.275997820122
ENSMUSG00000064325.4	20.080878353838
ENSMUSG00000064326.13	1334.86977093507
ENSMUSG00000064329.13	539.284003248027
ENSMUSG00000064330.9	0
ENSMUSG00000064333.2	0
ENSMUSG00000064336.1	0
ENSMUSG00000064337.1	5033.51503702
ENSMUSG00000064338.1	0
ENSMUSG00000064339.1	4316.78128136131
ENSMUSG00000064340.1	0
ENSMUSG00000064341.1	7292.53309185055
ENSMUSG00000064342.1	0
ENSMUSG00000064343.1	0
ENSMUSG00000064344.1	0
ENSMUSG00000064345.1	2923.16004005029
ENSMUSG00000064346.1	0
ENSMUSG00000064347.1	0
ENSMUSG00000064348.1	0
ENSMUSG00000064349.1	0
ENSMUSG00000064350.1	0
ENSMUSG00000064351.1	19891.7170471714
ENSMUSG00000064352.1	0
ENSMUSG00000064353.1	0
ENSMUSG00000064354.1	14522.2242166281
ENSMUSG00000064355.1	0
ENSMUSG00000064356.3	2086.38883809033
ENSMUSG00000064357.1	3962.87414888545
ENSMUSG00000064358.1	8737.00356080926
ENSMUSG00000064359.1	0
ENSMUSG00000064360.1	0
ENSMUSG00000064361.1	0
ENSMUSG00000064363.1	5683.13995224183
ENSMUSG00000064364.1	0
ENSMUSG00000064365.1	0
ENSMUSG00000064366.1	0
ENSMUSG00000064367.1	2427.31610234174
ENSMUSG00000064368.1	0
ENSMUSG00000064369.1	0
ENSMUSG00000064370.1	9979.3928123318
ENSMUSG00000064371.1	0
ENSMUSG00000064372.1	0
ENSMUSG00000064373.12	645.260287173671
ENSMUSG00000064377.1	0
ENSMUSG00000064380.1	0
ENSMUSG00000064382.1	0
ENSMUSG00000064386.1	0
ENSMUSG00000064387.1	0
ENSMUSG00000064389.1	0
ENSMUSG00000064390.1	0
ENSMUSG00000064391.1	0
ENSMUSG00000064392.1	0
ENSMUSG00000064393.1	0
ENSMUSG00000064394.1	0
ENSMUSG00000064395.1	0
ENSMUSG00000064397.1	0
ENSMUSG00000064398.1	0
ENSMUSG00000064399.1	0
ENSMUSG00000064400.2	0
ENSMUSG00000064403.1	0
ENSMUSG00000064405.1	0
ENSMUSG00000064407.1	0
ENSMUSG00000064408.1	0
ENSMUSG00000064409.1	0
ENSMUSG00000064410.1	0
ENSMUSG00000064412.1	0
ENSMUSG00000064413.1	0
ENSMUSG00000064414.1	0
ENSMUSG00000064416.1	0
ENSMUSG00000064417.1	0
ENSMUSG00000064419.1	0
ENSMUSG00000064422.1	0
ENSMUSG00000064424.1	0
ENSMUSG00000064427.1	0
ENSMUSG00000064428.1	0
ENSMUSG00000064429.1	0
ENSMUSG00000064432.1	0
ENSMUSG00000064433.1	0
ENSMUSG00000064435.1	0
ENSMUSG00000064436.1	0
ENSMUSG00000064437.1	0
ENSMUSG00000064440.1	0
ENSMUSG00000064441.1	0
ENSMUSG00000064442.1	0
ENSMUSG00000064443.1	0
ENSMUSG00000064444.1	0
ENSMUSG00000064446.1	0
ENSMUSG00000064450.1	0
ENSMUSG00000064451.1	0
ENSMUSG00000064452.1	0
ENSMUSG00000064453.1	0
ENSMUSG00000064455.1	0
ENSMUSG00000064460.1	0
ENSMUSG00000064463.1	0
ENSMUSG00000064464.1	0
ENSMUSG00000064467.1	0
ENSMUSG00000064468.1	0
ENSMUSG00000064471.1	0
ENSMUSG00000064472.1	0
ENSMUSG00000064476.1	0
ENSMUSG00000064477.1	0
ENSMUSG00000064481.1	0
ENSMUSG00000064485.1	0
ENSMUSG00000064486.1	0
ENSMUSG00000064487.1	0
ENSMUSG00000064489.1	0
ENSMUSG00000064490.1	0
ENSMUSG00000064491.1	0
ENSMUSG00000064492.1	0
ENSMUSG00000064493.1	0
ENSMUSG00000064494.1	0
ENSMUSG00000064495.1	0
ENSMUSG00000064496.1	0
ENSMUSG00000064497.1	0
ENSMUSG00000064500.1	0
ENSMUSG00000064507.1	0
ENSMUSG00000064508.1	0
ENSMUSG00000064510.1	0
ENSMUSG00000064511.1	0
ENSMUSG00000064512.1	0
ENSMUSG00000064513.1	0
ENSMUSG00000064514.1	0
ENSMUSG00000064515.1	0
ENSMUSG00000064517.1	0
ENSMUSG00000064519.1	0
ENSMUSG00000064522.1	0
ENSMUSG00000064524.1	0
ENSMUSG00000064525.1	0
ENSMUSG00000064526.1	0
ENSMUSG00000064527.1	0
ENSMUSG00000064529.1	0
ENSMUSG00000064530.1	0
ENSMUSG00000064532.1	0
ENSMUSG00000064536.1	0
ENSMUSG00000064540.1	0
ENSMUSG00000064541.1	0
ENSMUSG00000064542.1	0
ENSMUSG00000064543.1	0
ENSMUSG00000064545.1	0
ENSMUSG00000064547.1	0
ENSMUSG00000064548.1	0
ENSMUSG00000064549.1	0
ENSMUSG00000064550.1	0
ENSMUSG00000064551.1	0
ENSMUSG00000064553.1	0
ENSMUSG00000064554.1	0
ENSMUSG00000064555.1	0
ENSMUSG00000064556.1	0
ENSMUSG00000064558.1	0
ENSMUSG00000064563.1	0
ENSMUSG00000064565.1	0
ENSMUSG00000064566.1	0
ENSMUSG00000064567.1	0
ENSMUSG00000064569.1	0
ENSMUSG00000064570.1	0
ENSMUSG00000064572.1	0
ENSMUSG00000064573.1	0
ENSMUSG00000064574.1	0
ENSMUSG00000064575.1	0
ENSMUSG00000064577.1	0
ENSMUSG00000064579.1	0
ENSMUSG00000064580.1	0
ENSMUSG00000064581.1	0
ENSMUSG00000064582.1	0
ENSMUSG00000064584.1	0
ENSMUSG00000064585.1	0
ENSMUSG00000064586.1	0
ENSMUSG00000064587.1	0
ENSMUSG00000064588.1	0
ENSMUSG00000064590.1	0
ENSMUSG00000064591.1	0
ENSMUSG00000064595.1	0
ENSMUSG00000064596.1	0
ENSMUSG00000064597.1	0
ENSMUSG00000064600.1	0
ENSMUSG00000064601.1	0
ENSMUSG00000064602.1	0
ENSMUSG00000064604.1	0
ENSMUSG00000064605.3	0
ENSMUSG00000064606.1	0
ENSMUSG00000064609.1	0
ENSMUSG00000064612.2	0
ENSMUSG00000064613.1	0
ENSMUSG00000064616.1	0
ENSMUSG00000064617.1	0
ENSMUSG00000064618.1	0
ENSMUSG00000064619.1	0
ENSMUSG00000064620.1	0
ENSMUSG00000064621.1	0
ENSMUSG00000064622.1	0
ENSMUSG00000064624.1	0
ENSMUSG00000064626.1	0
ENSMUSG00000064630.1	0
ENSMUSG00000064631.1	0
ENSMUSG00000064632.1	0
ENSMUSG00000064634.1	0
ENSMUSG00000064637.1	0
ENSMUSG00000064642.1	0
ENSMUSG00000064644.1	0
ENSMUSG00000064646.1	0
ENSMUSG00000064647.1	0
ENSMUSG00000064648.2	0
ENSMUSG00000064652.1	0
ENSMUSG00000064653.1	0
ENSMUSG00000064655.1	0
ENSMUSG00000064658.1	0
ENSMUSG00000064659.1	0
ENSMUSG00000064663.1	0
ENSMUSG00000064664.1	0
ENSMUSG00000064665.1	0
ENSMUSG00000064666.1	0
ENSMUSG00000064669.1	0
ENSMUSG00000064670.1	0
ENSMUSG00000064671.1	0
ENSMUSG00000064672.1	0
ENSMUSG00000064673.1	0
ENSMUSG00000064675.1	0
ENSMUSG00000064677.1	0
ENSMUSG00000064679.1	0
ENSMUSG00000064682.1	0
ENSMUSG00000064685.1	0
ENSMUSG00000064686.1	0
ENSMUSG00000064687.1	0
ENSMUSG00000064688.1	0
ENSMUSG00000064689.1	0
ENSMUSG00000064691.1	0
ENSMUSG00000064692.1	0
ENSMUSG00000064693.1	0
ENSMUSG00000064694.1	0
ENSMUSG00000064696.1	0
ENSMUSG00000064697.1	0
ENSMUSG00000064698.1	0
ENSMUSG00000064702.1	0
ENSMUSG00000064704.1	0
ENSMUSG00000064706.1	0
ENSMUSG00000064707.1	0
ENSMUSG00000064709.1	0
ENSMUSG00000064714.1	0
ENSMUSG00000064715.1	0
ENSMUSG00000064717.1	0
ENSMUSG00000064718.1	0
ENSMUSG00000064719.1	0
ENSMUSG00000064720.1	0
ENSMUSG00000064721.4	0
ENSMUSG00000064722.1	0
ENSMUSG00000064724.1	0
ENSMUSG00000064725.1	0
ENSMUSG00000064726.1	0
ENSMUSG00000064727.1	0
ENSMUSG00000064728.1	0
ENSMUSG00000064731.1	0
ENSMUSG00000064732.1	0
ENSMUSG00000064734.1	0
ENSMUSG00000064735.1	0
ENSMUSG00000064737.1	0
ENSMUSG00000064738.1	0
ENSMUSG00000064739.1	0
ENSMUSG00000064740.1	0
ENSMUSG00000064741.1	0
ENSMUSG00000064742.1	0
ENSMUSG00000064743.1	0
ENSMUSG00000064745.1	0
ENSMUSG00000064746.1	0
ENSMUSG00000064748.1	0
ENSMUSG00000064751.1	0
ENSMUSG00000064755.1	0
ENSMUSG00000064758.1	0
ENSMUSG00000064759.1	0
ENSMUSG00000064761.1	0
ENSMUSG00000064762.1	0
ENSMUSG00000064763.1	0
ENSMUSG00000064764.1	0
ENSMUSG00000064765.1	0
ENSMUSG00000064766.1	0
ENSMUSG00000064767.1	0
ENSMUSG00000064768.1	0
ENSMUSG00000064769.1	0
ENSMUSG00000064770.1	0
ENSMUSG00000064772.1	0
ENSMUSG00000064775.1	0
ENSMUSG00000064776.2	0
ENSMUSG00000064777.1	0
ENSMUSG00000064778.1	0
ENSMUSG00000064779.1	0
ENSMUSG00000064780.1	0
ENSMUSG00000064781.2	0
ENSMUSG00000064782.1	0
ENSMUSG00000064783.1	0
ENSMUSG00000064788.1	0
ENSMUSG00000064791.1	0
ENSMUSG00000064792.1	0
ENSMUSG00000064793.1	0
ENSMUSG00000064795.1	0
ENSMUSG00000064796.1	0
ENSMUSG00000064797.1	0
ENSMUSG00000064798.1	177.896546250121
ENSMUSG00000064800.1	0
ENSMUSG00000064801.1	0
ENSMUSG00000064802.1	0
ENSMUSG00000064805.1	0
ENSMUSG00000064806.2	0
ENSMUSG00000064811.1	0
ENSMUSG00000064814.1	0
ENSMUSG00000064816.1	0
ENSMUSG00000064818.1	0
ENSMUSG00000064822.1	0
ENSMUSG00000064823.1	0
ENSMUSG00000064824.1	0
ENSMUSG00000064829.3	0
ENSMUSG00000064830.1	0
ENSMUSG00000064831.1	0
ENSMUSG00000064833.1	0
ENSMUSG00000064834.1	0
ENSMUSG00000064836.1	0
ENSMUSG00000064837.1	0
ENSMUSG00000064840.1	0
ENSMUSG00000064841.1	0
ENSMUSG00000064842.1	0
ENSMUSG00000064843.1	0
ENSMUSG00000064844.1	0
ENSMUSG00000064845.1	0
ENSMUSG00000064850.1	0
ENSMUSG00000064851.1	0
ENSMUSG00000064853.1	986.043509960246
ENSMUSG00000064854.1	0
ENSMUSG00000064855.1	0
ENSMUSG00000064856.1	0
ENSMUSG00000064857.1	0
ENSMUSG00000064858.2	0
ENSMUSG00000064859.1	0
ENSMUSG00000064860.1	0
ENSMUSG00000064862.1	0
ENSMUSG00000064867.1	0
ENSMUSG00000064871.1	0
ENSMUSG00000064872.1	0
ENSMUSG00000064876.1	0
ENSMUSG00000064877.3	0
ENSMUSG00000064880.1	0
ENSMUSG00000064882.1	0
ENSMUSG00000064883.1	0
ENSMUSG00000064884.1	0
ENSMUSG00000064887.1	0
ENSMUSG00000064889.1	0
ENSMUSG00000064890.1	0
ENSMUSG00000064897.1	0
ENSMUSG00000064899.1	0
ENSMUSG00000064900.1	0
ENSMUSG00000064901.1	0
ENSMUSG00000064904.1	0
ENSMUSG00000064905.1	0
ENSMUSG00000064906.1	0
ENSMUSG00000064907.1	0
ENSMUSG00000064909.1	0
ENSMUSG00000064915.1	0
ENSMUSG00000064916.1	0
ENSMUSG00000064917.1	0
ENSMUSG00000064918.2	0
ENSMUSG00000064919.1	0
ENSMUSG00000064921.1	0
ENSMUSG00000064923.1	0
ENSMUSG00000064925.1	0
ENSMUSG00000064926.1	0
ENSMUSG00000064927.1	0
ENSMUSG00000064928.1	0
ENSMUSG00000064930.1	0
ENSMUSG00000064932.1	0
ENSMUSG00000064936.1	0
ENSMUSG00000064938.1	0
ENSMUSG00000064939.1	0
ENSMUSG00000064940.1	0
ENSMUSG00000064941.1	0
ENSMUSG00000064943.1	0
ENSMUSG00000064945.1	0
ENSMUSG00000064948.1	0
ENSMUSG00000064949.1	0
ENSMUSG00000064952.1	0
ENSMUSG00000064954.1	0
ENSMUSG00000064956.1	0
ENSMUSG00000064958.1	0
ENSMUSG00000064959.1	0
ENSMUSG00000064960.1	0
ENSMUSG00000064961.1	0
ENSMUSG00000064964.1	0
ENSMUSG00000064966.1	0
ENSMUSG00000064967.1	0
ENSMUSG00000064968.1	0
ENSMUSG00000064970.1	0
ENSMUSG00000064971.1	0
ENSMUSG00000064972.1	0
ENSMUSG00000064977.1	0
ENSMUSG00000064981.1	0
ENSMUSG00000064982.1	0
ENSMUSG00000064983.1	0
ENSMUSG00000064984.1	0
ENSMUSG00000064987.2	0
ENSMUSG00000064992.1	0
ENSMUSG00000064994.1	0
ENSMUSG00000064995.1	0
ENSMUSG00000064999.1	0
ENSMUSG00000065004.1	0
ENSMUSG00000065005.1	0
ENSMUSG00000065006.1	0
ENSMUSG00000065007.1	0
ENSMUSG00000065011.1	0
ENSMUSG00000065012.1	0
ENSMUSG00000065013.1	0
ENSMUSG00000065014.1	0
ENSMUSG00000065016.1	0
ENSMUSG00000065017.1	0
ENSMUSG00000065018.1	0
ENSMUSG00000065022.1	0
ENSMUSG00000065027.1	0
ENSMUSG00000065028.1	0
ENSMUSG00000065029.1	0
ENSMUSG00000065030.1	0
ENSMUSG00000065031.1	0
ENSMUSG00000065034.1	0
ENSMUSG00000065036.1	0
ENSMUSG00000065037.1	0
ENSMUSG00000065040.1	0
ENSMUSG00000065041.1	0
ENSMUSG00000065042.1	0
ENSMUSG00000065044.1	0
ENSMUSG00000065045.1	0
ENSMUSG00000065047.1	0
ENSMUSG00000065048.1	0
ENSMUSG00000065049.1	0
ENSMUSG00000065050.1	0
ENSMUSG00000065053.1	0
ENSMUSG00000065055.1	0
ENSMUSG00000065057.1	0
ENSMUSG00000065061.1	0
ENSMUSG00000065068.1	0
ENSMUSG00000065070.1	0
ENSMUSG00000065072.1	0
ENSMUSG00000065074.1	0
ENSMUSG00000065078.1	0
ENSMUSG00000065079.1	0
ENSMUSG00000065080.1	0
ENSMUSG00000065083.1	0
ENSMUSG00000065084.1	0
ENSMUSG00000065086.1	0
ENSMUSG00000065087.1	0
ENSMUSG00000065088.1	0
ENSMUSG00000065089.1	0
ENSMUSG00000065090.1	0
ENSMUSG00000065091.1	0
ENSMUSG00000065094.1	0
ENSMUSG00000065095.1	0
ENSMUSG00000065096.1	0
ENSMUSG00000065097.1	0
ENSMUSG00000065100.1	0
ENSMUSG00000065102.1	0
ENSMUSG00000065104.1	0
ENSMUSG00000065105.1	0
ENSMUSG00000065107.1	0
ENSMUSG00000065110.4	0
ENSMUSG00000065111.1	0
ENSMUSG00000065115.1	0
ENSMUSG00000065118.1	1032.3144038372
ENSMUSG00000065122.1	0
ENSMUSG00000065124.1	0
ENSMUSG00000065126.1	0
ENSMUSG00000065127.1	0
ENSMUSG00000065130.1	0
ENSMUSG00000065132.1	0
ENSMUSG00000065138.1	0
ENSMUSG00000065141.1	0
ENSMUSG00000065143.1	0
ENSMUSG00000065145.1	0
ENSMUSG00000065147.1	0
ENSMUSG00000065151.1	0
ENSMUSG00000065155.1	0
ENSMUSG00000065158.1	0
ENSMUSG00000065159.1	0
ENSMUSG00000065160.1	0
ENSMUSG00000065162.1	0
ENSMUSG00000065164.1	0
ENSMUSG00000065165.1	0
ENSMUSG00000065173.1	0
ENSMUSG00000065176.1	0
ENSMUSG00000065178.1	0
ENSMUSG00000065181.1	0
ENSMUSG00000065182.1	0
ENSMUSG00000065185.1	0
ENSMUSG00000065187.1	0
ENSMUSG00000065188.1	0
ENSMUSG00000065191.1	0
ENSMUSG00000065192.1	0
ENSMUSG00000065193.1	0
ENSMUSG00000065195.1	0
ENSMUSG00000065196.1	0
ENSMUSG00000065198.1	0
ENSMUSG00000065199.1	0
ENSMUSG00000065200.1	0
ENSMUSG00000065201.1	0
ENSMUSG00000065202.1	0
ENSMUSG00000065203.1	0
ENSMUSG00000065204.1	0
ENSMUSG00000065206.1	0
ENSMUSG00000065208.1	0
ENSMUSG00000065211.3	0
ENSMUSG00000065212.1	0
ENSMUSG00000065215.1	0
ENSMUSG00000065219.1	0
ENSMUSG00000065220.1	0
ENSMUSG00000065221.1	0
ENSMUSG00000065223.1	0
ENSMUSG00000065226.1	0
ENSMUSG00000065227.1	0
ENSMUSG00000065228.1	0
ENSMUSG00000065231.1	0
ENSMUSG00000065232.1	0
ENSMUSG00000065233.1	0
ENSMUSG00000065235.1	0
ENSMUSG00000065236.1	0
ENSMUSG00000065237.1	0
ENSMUSG00000065238.1	0
ENSMUSG00000065239.1	0
ENSMUSG00000065242.1	0
ENSMUSG00000065244.1	0
ENSMUSG00000065245.1	0
ENSMUSG00000065246.1	0
ENSMUSG00000065248.1	0
ENSMUSG00000065251.1	0
ENSMUSG00000065253.1	0
ENSMUSG00000065254.1	0
ENSMUSG00000065255.1	0
ENSMUSG00000065256.1	0
ENSMUSG00000065258.1	0
ENSMUSG00000065259.1	0
ENSMUSG00000065260.1	0
ENSMUSG00000065261.1	0
ENSMUSG00000065262.1	0
ENSMUSG00000065265.1	0
ENSMUSG00000065266.1	0
ENSMUSG00000065269.1	0
ENSMUSG00000065270.1	0
ENSMUSG00000065272.1	0
ENSMUSG00000065273.1	0
ENSMUSG00000065274.1	0
ENSMUSG00000065275.1	0
ENSMUSG00000065277.1	0
ENSMUSG00000065279.1	0
ENSMUSG00000065280.1	0
ENSMUSG00000065281.1	0
ENSMUSG00000065282.1	0
ENSMUSG00000065283.1	0
ENSMUSG00000065287.1	0
ENSMUSG00000065289.1	0
ENSMUSG00000065291.1	0
ENSMUSG00000065293.1	0
ENSMUSG00000065295.1	0
ENSMUSG00000065296.1	0
ENSMUSG00000065297.1	0
ENSMUSG00000065298.1	0
ENSMUSG00000065299.1	0
ENSMUSG00000065301.1	0
ENSMUSG00000065303.1	0
ENSMUSG00000065304.1	0
ENSMUSG00000065305.1	0
ENSMUSG00000065307.1	0
ENSMUSG00000065309.1	0
ENSMUSG00000065311.1	0
ENSMUSG00000065312.1	0
ENSMUSG00000065313.1	0
ENSMUSG00000065314.1	0
ENSMUSG00000065315.1	0
ENSMUSG00000065319.1	0
ENSMUSG00000065320.1	0
ENSMUSG00000065321.1	0
ENSMUSG00000065322.1	0
ENSMUSG00000065327.1	0
ENSMUSG00000065328.1	0
ENSMUSG00000065329.1	0
ENSMUSG00000065330.1	0
ENSMUSG00000065331.1	0
ENSMUSG00000065333.1	0
ENSMUSG00000065336.1	0
ENSMUSG00000065337.1	0
ENSMUSG00000065340.1	0
ENSMUSG00000065341.1	0
ENSMUSG00000065343.1	0
ENSMUSG00000065344.1	0
ENSMUSG00000065346.1	0
ENSMUSG00000065347.1	0
ENSMUSG00000065348.1	0
ENSMUSG00000065353.1	0
ENSMUSG00000065360.1	0
ENSMUSG00000065361.1	0
ENSMUSG00000065362.1	0
ENSMUSG00000065367.1	0
ENSMUSG00000065368.2	0
ENSMUSG00000065371.1	0
ENSMUSG00000065372.1	0
ENSMUSG00000065373.1	0
ENSMUSG00000065374.1	0
ENSMUSG00000065378.1	0
ENSMUSG00000065379.1	0
ENSMUSG00000065380.1	0
ENSMUSG00000065381.1	0
ENSMUSG00000065382.1	0
ENSMUSG00000065384.1	0
ENSMUSG00000065385.1	0
ENSMUSG00000065387.1	0
ENSMUSG00000065388.1	0
ENSMUSG00000065389.1	0
ENSMUSG00000065392.1	0
ENSMUSG00000065394.1	0
ENSMUSG00000065395.1	0
ENSMUSG00000065396.1	0
ENSMUSG00000065397.1	0
ENSMUSG00000065398.1	0
ENSMUSG00000065399.2	0
ENSMUSG00000065400.1	0
ENSMUSG00000065401.1	0
ENSMUSG00000065402.1	0
ENSMUSG00000065403.1	0
ENSMUSG00000065404.1	0
ENSMUSG00000065405.3	0
ENSMUSG00000065406.3	0
ENSMUSG00000065407.1	0
ENSMUSG00000065408.1	0
ENSMUSG00000065409.1	0
ENSMUSG00000065410.1	0
ENSMUSG00000065411.2	0
ENSMUSG00000065412.3	0
ENSMUSG00000065413.2	0
ENSMUSG00000065414.1	0
ENSMUSG00000065415.1	0
ENSMUSG00000065416.1	0
ENSMUSG00000065417.1	0
ENSMUSG00000065418.1	0
ENSMUSG00000065420.2	0
ENSMUSG00000065421.3	0
ENSMUSG00000065422.1	0
ENSMUSG00000065423.1	0
ENSMUSG00000065424.2	0
ENSMUSG00000065425.1	0
ENSMUSG00000065426.3	0
ENSMUSG00000065427.1	0
ENSMUSG00000065428.4	0
ENSMUSG00000065429.1	0
ENSMUSG00000065430.1	0
ENSMUSG00000065431.1	0
ENSMUSG00000065432.1	0
ENSMUSG00000065433.1	0
ENSMUSG00000065434.1	0
ENSMUSG00000065435.1	0
ENSMUSG00000065436.1	0
ENSMUSG00000065437.1	0
ENSMUSG00000065438.2	0
ENSMUSG00000065439.1	0
ENSMUSG00000065440.1	0
ENSMUSG00000065441.2	0
ENSMUSG00000065442.1	0
ENSMUSG00000065443.1	0
ENSMUSG00000065444.1	0
ENSMUSG00000065445.3	0
ENSMUSG00000065446.1	0
ENSMUSG00000065447.1	0
ENSMUSG00000065448.2	0
ENSMUSG00000065449.1	0
ENSMUSG00000065450.1	0
ENSMUSG00000065451.1	0
ENSMUSG00000065452.1	0
ENSMUSG00000065453.1	0
ENSMUSG00000065454.2	0
ENSMUSG00000065455.1	0
ENSMUSG00000065456.1	0
ENSMUSG00000065457.3	0
ENSMUSG00000065458.1	0
ENSMUSG00000065460.1	0
ENSMUSG00000065462.3	0
ENSMUSG00000065463.1	0
ENSMUSG00000065464.2	0
ENSMUSG00000065465.1	0
ENSMUSG00000065466.1	0
ENSMUSG00000065468.1	0
ENSMUSG00000065469.1	0
ENSMUSG00000065470.1	0
ENSMUSG00000065471.1	0
ENSMUSG00000065472.1	0
ENSMUSG00000065473.1	0
ENSMUSG00000065474.1	0
ENSMUSG00000065475.2	0
ENSMUSG00000065476.2	0
ENSMUSG00000065477.3	0
ENSMUSG00000065479.2	0
ENSMUSG00000065480.1	0
ENSMUSG00000065481.1	0
ENSMUSG00000065482.1	0
ENSMUSG00000065483.2	0
ENSMUSG00000065484.1	0
ENSMUSG00000065485.1	0
ENSMUSG00000065486.1	0
ENSMUSG00000065488.2	0
ENSMUSG00000065489.1	0
ENSMUSG00000065490.1	0
ENSMUSG00000065491.1	0
ENSMUSG00000065492.1	0
ENSMUSG00000065493.1	0
ENSMUSG00000065494.1	0
ENSMUSG00000065495.1	0
ENSMUSG00000065497.1	0
ENSMUSG00000065498.4	0
ENSMUSG00000065499.1	0
ENSMUSG00000065500.3	3730.44578249516
ENSMUSG00000065501.1	0
ENSMUSG00000065502.1	0
ENSMUSG00000065503.1	0
ENSMUSG00000065505.1	0
ENSMUSG00000065507.3	0
ENSMUSG00000065508.1	0
ENSMUSG00000065509.3	0
ENSMUSG00000065510.1	0
ENSMUSG00000065511.1	0
ENSMUSG00000065512.3	0
ENSMUSG00000065513.1	0
ENSMUSG00000065514.1	0
ENSMUSG00000065515.1	0
ENSMUSG00000065516.1	0
ENSMUSG00000065518.2	0
ENSMUSG00000065519.1	0
ENSMUSG00000065520.2	0
ENSMUSG00000065521.1	0
ENSMUSG00000065523.1	0
ENSMUSG00000065524.1	0
ENSMUSG00000065526.4	0
ENSMUSG00000065527.1	0
ENSMUSG00000065528.1	0
ENSMUSG00000065529.1	0
ENSMUSG00000065530.1	0
ENSMUSG00000065532.1	0
ENSMUSG00000065533.1	0
ENSMUSG00000065534.1	0
ENSMUSG00000065536.2	0
ENSMUSG00000065537.2	0
ENSMUSG00000065538.1	0
ENSMUSG00000065539.1	0
ENSMUSG00000065540.1	0
ENSMUSG00000065541.1	0
ENSMUSG00000065542.1	0
ENSMUSG00000065543.1	0
ENSMUSG00000065544.1	0
ENSMUSG00000065546.1	0
ENSMUSG00000065547.1	0
ENSMUSG00000065548.1	0
ENSMUSG00000065549.3	0
ENSMUSG00000065551.1	0
ENSMUSG00000065552.1	0
ENSMUSG00000065553.1	0
ENSMUSG00000065555.1	0
ENSMUSG00000065556.1	0
ENSMUSG00000065557.3	0
ENSMUSG00000065559.1	0
ENSMUSG00000065560.1	0
ENSMUSG00000065561.2	0
ENSMUSG00000065562.1	0
ENSMUSG00000065563.1	0
ENSMUSG00000065564.1	0
ENSMUSG00000065565.1	0
ENSMUSG00000065567.1	0
ENSMUSG00000065568.1	0
ENSMUSG00000065569.2	0
ENSMUSG00000065570.1	0
ENSMUSG00000065571.1	0
ENSMUSG00000065572.1	0
ENSMUSG00000065573.1	0
ENSMUSG00000065574.1	0
ENSMUSG00000065575.1	0
ENSMUSG00000065577.1	0
ENSMUSG00000065578.1	0
ENSMUSG00000065579.1	0
ENSMUSG00000065580.2	0
ENSMUSG00000065581.1	0
ENSMUSG00000065582.1	0
ENSMUSG00000065583.1	0
ENSMUSG00000065585.1	0
ENSMUSG00000065586.1	0
ENSMUSG00000065587.1	0
ENSMUSG00000065589.1	0
ENSMUSG00000065590.1	0
ENSMUSG00000065591.1	0
ENSMUSG00000065592.2	0
ENSMUSG00000065593.1	0
ENSMUSG00000065594.1	0
ENSMUSG00000065596.1	0
ENSMUSG00000065597.1	0
ENSMUSG00000065599.2	0
ENSMUSG00000065600.1	0
ENSMUSG00000065601.1	0
ENSMUSG00000065602.1	0
ENSMUSG00000065603.1	0
ENSMUSG00000065604.2	0
ENSMUSG00000065606.1	0
ENSMUSG00000065607.1	0
ENSMUSG00000065608.1	0
ENSMUSG00000065609.1	0
ENSMUSG00000065610.1	0
ENSMUSG00000065611.1	0
ENSMUSG00000065612.1	0
ENSMUSG00000065613.1	0
ENSMUSG00000065616.3	0
ENSMUSG00000065617.1	0
ENSMUSG00000065619.2	0
ENSMUSG00000065620.1	0
ENSMUSG00000065622.1	0
ENSMUSG00000065623.1	0
ENSMUSG00000065625.1	0
ENSMUSG00000065627.1	0
ENSMUSG00000065628.1	0
ENSMUSG00000065629.2	0
ENSMUSG00000065630.1	0
ENSMUSG00000065634.1	0
ENSMUSG00000065635.1	0
ENSMUSG00000065636.1	0
ENSMUSG00000065637.1	0
ENSMUSG00000065640.1	0
ENSMUSG00000065642.1	0
ENSMUSG00000065643.1	0
ENSMUSG00000065644.1	0
ENSMUSG00000065645.1	0
ENSMUSG00000065647.1	0
ENSMUSG00000065648.1	0
ENSMUSG00000065649.1	0
ENSMUSG00000065651.1	0
ENSMUSG00000065653.1	0
ENSMUSG00000065656.1	0
ENSMUSG00000065657.1	0
ENSMUSG00000065658.1	0
ENSMUSG00000065659.1	0
ENSMUSG00000065660.1	0
ENSMUSG00000065661.1	0
ENSMUSG00000065662.1	0
ENSMUSG00000065663.1	0
ENSMUSG00000065664.1	0
ENSMUSG00000065665.1	0
ENSMUSG00000065667.1	0
ENSMUSG00000065669.1	0
ENSMUSG00000065673.1	0
ENSMUSG00000065674.1	0
ENSMUSG00000065675.1	0
ENSMUSG00000065676.1	0
ENSMUSG00000065678.1	0
ENSMUSG00000065680.1	0
ENSMUSG00000065683.1	0
ENSMUSG00000065684.1	0
ENSMUSG00000065685.1	0
ENSMUSG00000065686.1	0
ENSMUSG00000065687.1	0
ENSMUSG00000065689.1	0
ENSMUSG00000065691.1	0
ENSMUSG00000065692.1	0
ENSMUSG00000065694.1	0
ENSMUSG00000065698.1	0
ENSMUSG00000065700.1	0
ENSMUSG00000065701.1	329.069733412433
ENSMUSG00000065702.1	0
ENSMUSG00000065705.1	0
ENSMUSG00000065706.1	0
ENSMUSG00000065708.1	0
ENSMUSG00000065709.1	0
ENSMUSG00000065714.1	0
ENSMUSG00000065715.1	0
ENSMUSG00000065716.1	0
ENSMUSG00000065718.1	0
ENSMUSG00000065719.1	0
ENSMUSG00000065721.1	0
ENSMUSG00000065722.1	0
ENSMUSG00000065725.1	0
ENSMUSG00000065726.1	0
ENSMUSG00000065727.1	0
ENSMUSG00000065728.1	0
ENSMUSG00000065729.1	0
ENSMUSG00000065732.1	0
ENSMUSG00000065733.1	0
ENSMUSG00000065734.1	0
ENSMUSG00000065735.1	0
ENSMUSG00000065737.1	0
ENSMUSG00000065738.1	0
ENSMUSG00000065739.1	0
ENSMUSG00000065742.1	0
ENSMUSG00000065743.1	0
ENSMUSG00000065745.1	0
ENSMUSG00000065746.1	0
ENSMUSG00000065747.1	0
ENSMUSG00000065749.1	0
ENSMUSG00000065750.1	0
ENSMUSG00000065751.1	0
ENSMUSG00000065752.1	0
ENSMUSG00000065757.1	0
ENSMUSG00000065758.1	0
ENSMUSG00000065760.1	0
ENSMUSG00000065763.1	0
ENSMUSG00000065764.1	0
ENSMUSG00000065765.1	0
ENSMUSG00000065767.1	0
ENSMUSG00000065768.1	0
ENSMUSG00000065769.1	0
ENSMUSG00000065770.1	0
ENSMUSG00000065771.1	0
ENSMUSG00000065773.1	0
ENSMUSG00000065778.1	0
ENSMUSG00000065782.1	0
ENSMUSG00000065787.1	0
ENSMUSG00000065788.1	0
ENSMUSG00000065789.1	0
ENSMUSG00000065791.1	0
ENSMUSG00000065792.1	0
ENSMUSG00000065794.1	0
ENSMUSG00000065795.1	0
ENSMUSG00000065797.1	0
ENSMUSG00000065798.1	0
ENSMUSG00000065799.1	0
ENSMUSG00000065800.1	0
ENSMUSG00000065802.1	0
ENSMUSG00000065803.1	0
ENSMUSG00000065804.1	0
ENSMUSG00000065806.1	0
ENSMUSG00000065807.1	0
ENSMUSG00000065808.1	0
ENSMUSG00000065811.1	0
ENSMUSG00000065812.1	0
ENSMUSG00000065813.1	0
ENSMUSG00000065815.1	0
ENSMUSG00000065817.1	0
ENSMUSG00000065818.1	0
ENSMUSG00000065819.1	0
ENSMUSG00000065820.1	0
ENSMUSG00000065822.1	0
ENSMUSG00000065823.1	0
ENSMUSG00000065824.1	270.242200403806
ENSMUSG00000065825.1	0
ENSMUSG00000065828.1	0
ENSMUSG00000065836.1	0
ENSMUSG00000065837.1	0
ENSMUSG00000065840.1	0
ENSMUSG00000065843.1	0
ENSMUSG00000065845.1	0
ENSMUSG00000065847.1	0
ENSMUSG00000065851.1	0
ENSMUSG00000065852.1	0
ENSMUSG00000065853.1	0
ENSMUSG00000065858.1	0
ENSMUSG00000065859.2	0
ENSMUSG00000065862.1	0
ENSMUSG00000065864.1	0
ENSMUSG00000065865.1	0
ENSMUSG00000065866.1	0
ENSMUSG00000065869.1	0
ENSMUSG00000065870.2	0
ENSMUSG00000065872.1	0
ENSMUSG00000065873.1	0
ENSMUSG00000065874.1	0
ENSMUSG00000065875.1	0
ENSMUSG00000065876.1	0
ENSMUSG00000065878.1	0
ENSMUSG00000065881.1	0
ENSMUSG00000065882.1	0
ENSMUSG00000065883.2	0
ENSMUSG00000065884.1	0
ENSMUSG00000065887.1	0
ENSMUSG00000065889.1	0
ENSMUSG00000065892.1	0
ENSMUSG00000065893.1	0
ENSMUSG00000065894.1	0
ENSMUSG00000065898.1	0
ENSMUSG00000065899.1	0
ENSMUSG00000065903.1	0
ENSMUSG00000065904.1	0
ENSMUSG00000065905.1	0
ENSMUSG00000065906.1	0
ENSMUSG00000065907.1	0
ENSMUSG00000065911.1	0
ENSMUSG00000065913.1	0
ENSMUSG00000065915.1	0
ENSMUSG00000065916.1	0
ENSMUSG00000065919.1	0
ENSMUSG00000065922.1	28616.8651683179
ENSMUSG00000065924.1	0
ENSMUSG00000065926.1	0
ENSMUSG00000065934.1	0
ENSMUSG00000065935.1	0
ENSMUSG00000065936.1	0
ENSMUSG00000065937.1	0
ENSMUSG00000065939.1	0
ENSMUSG00000065940.1	0
ENSMUSG00000065943.1	0
ENSMUSG00000065944.1	0
ENSMUSG00000065945.1	0
ENSMUSG00000065947.3	4301.9503788761
ENSMUSG00000065952.13	0
ENSMUSG00000065954.11	902.72902156472
ENSMUSG00000065956.2	0
ENSMUSG00000065968.8	18.2558433433947
ENSMUSG00000065979.12	799.425697779557
ENSMUSG00000065987.12	0
ENSMUSG00000065990.12	9305.06333455236
ENSMUSG00000065999.13	0
ENSMUSG00000066000.12	0
ENSMUSG00000066007.15	0
ENSMUSG00000066009.8	0
ENSMUSG00000066026.14	518.202044516494
ENSMUSG00000066027.7	0
ENSMUSG00000066030.6	0
ENSMUSG00000066031.13	0
ENSMUSG00000066036.14	1239.19231129287
ENSMUSG00000066037.14	1690.12895806208
ENSMUSG00000066042.4	124.457037950639
ENSMUSG00000066043.13	78.286895070108
ENSMUSG00000066057.7	594.637811691088
ENSMUSG00000066058.11	4.75455437972827
ENSMUSG00000066060.5	0
ENSMUSG00000066061.6	0
ENSMUSG00000066068.5	145.678606101934
ENSMUSG00000066071.6	0
ENSMUSG00000066072.13	0
ENSMUSG00000066090.5	0
ENSMUSG00000066097.6	0
ENSMUSG00000066100.7	0
ENSMUSG00000066101.5	0
ENSMUSG00000066107.6	330.650319289057
ENSMUSG00000066108.7	0
ENSMUSG00000066113.16	23.9759281054886
ENSMUSG00000066116.3	0
ENSMUSG00000066122.6	0
ENSMUSG00000066129.15	321.704642062248
ENSMUSG00000066137.12	0
ENSMUSG00000066141.2	0
ENSMUSG00000066148.3	111.61631097218
ENSMUSG00000066149.11	1276.74949244283
ENSMUSG00000066150.12	159.104394241455
ENSMUSG00000066151.12	357.888232567385
ENSMUSG00000066152.11	181.65173688933
ENSMUSG00000066153.2	0
ENSMUSG00000066154.11	0
ENSMUSG00000066158.7	0
ENSMUSG00000066170.7	12.4096325662648
ENSMUSG00000066175.2	30.797625760603
ENSMUSG00000066176.3	0
ENSMUSG00000066178.4	53.7200692371604
ENSMUSG00000066180.5	5.04828660628209
ENSMUSG00000066189.9	1902.15374952109
ENSMUSG00000066191.12	138.28916971544
ENSMUSG00000066196.11	0
ENSMUSG00000066197.5	66.915234975023
ENSMUSG00000066224.14	0
ENSMUSG00000066232.4	1014.38946571811
ENSMUSG00000066233.6	668.266315274892
ENSMUSG00000066235.7	1423.30533135312
ENSMUSG00000066239.2	0
ENSMUSG00000066240.3	0
ENSMUSG00000066241.2	0
ENSMUSG00000066242.3	0
ENSMUSG00000066245.5	0
ENSMUSG00000066257.4	0
ENSMUSG00000066258.13	0
ENSMUSG00000066262.4	0
ENSMUSG00000066263.10	0
ENSMUSG00000066268.6	0
ENSMUSG00000066269.7	0
ENSMUSG00000066270.3	168.181316183241
ENSMUSG00000066272.5	0
ENSMUSG00000066273.6	0
ENSMUSG00000066278.6	536.879462738654
ENSMUSG00000066279.3	14.7274985040575
ENSMUSG00000066306.13	588.034907246912
ENSMUSG00000066315.9	245.432267535195
ENSMUSG00000066319.6	0
ENSMUSG00000066324.2	609.176792221669
ENSMUSG00000066357.6	1956.53509860991
ENSMUSG00000066359.6	0
ENSMUSG00000066361.3	0
ENSMUSG00000066362.5	6029.25408253698
ENSMUSG00000066363.12	0
ENSMUSG00000066364.2	0
ENSMUSG00000066366.14	0
ENSMUSG00000066368.1	0
ENSMUSG00000066372.6	0
ENSMUSG00000066378.3	0
ENSMUSG00000066382.4	0
ENSMUSG00000066383.7	0
ENSMUSG00000066389.1	0
ENSMUSG00000066392.12	1696.02751066728
ENSMUSG00000066406.16	19.5176340907001
ENSMUSG00000066407.3	208.365919771147
ENSMUSG00000066415.4	257.750762273223
ENSMUSG00000066438.6	279.824250637437
ENSMUSG00000066440.5	376.800393120425
ENSMUSG00000066441.14	594.918435051937
ENSMUSG00000066442.17	196.735203520457
ENSMUSG00000066443.5	35.8090202734002
ENSMUSG00000066456.14	2194.15189162319
ENSMUSG00000066457.6	0
ENSMUSG00000066463.13	0
ENSMUSG00000066475.6	0
ENSMUSG00000066477.13	26.7121229172054
ENSMUSG00000066478.3	0
ENSMUSG00000066487.3	8.29366721589489
ENSMUSG00000066489.2	0
ENSMUSG00000066491.4	73.6338719764258
ENSMUSG00000066500.5	0
ENSMUSG00000066510.5	0
ENSMUSG00000066512.3	0
ENSMUSG00000066513.4	0
ENSMUSG00000066515.3	0
ENSMUSG00000066516.5	0
ENSMUSG00000066537.5	0
ENSMUSG00000066538.5	0
ENSMUSG00000066543.8	0
ENSMUSG00000066551.12	7719.93514232635
ENSMUSG00000066553.5	6191.8684379942
ENSMUSG00000066554.6	822.963352808299
ENSMUSG00000066568.12	828.006645560979
ENSMUSG00000066571.13	128.10395560144
ENSMUSG00000066583.4	0
ENSMUSG00000066584.10	0
ENSMUSG00000066586.3	0
ENSMUSG00000066592.3	39.793584850867
ENSMUSG00000066595.9	64.2114377885493
ENSMUSG00000066607.5	5430.35607676118
ENSMUSG00000066613.14	173.945752607638
ENSMUSG00000066620.2	0
ENSMUSG00000066621.12	526.753269731913
ENSMUSG00000066626.5	0
ENSMUSG00000066629.2	0
ENSMUSG00000066632.3	0
ENSMUSG00000066637.2	27.5940062517371
ENSMUSG00000066640.11	175.934679650983
ENSMUSG00000066643.12	233.234405573241
ENSMUSG00000066647.8	261.031786512921
ENSMUSG00000066652.5	0
ENSMUSG00000066671.4	0
ENSMUSG00000066672.2	0
ENSMUSG00000066677.12	0
ENSMUSG00000066680.4	0
ENSMUSG00000066682.11	0
ENSMUSG00000066684.10	0
ENSMUSG00000066687.5	81.9225453387186
ENSMUSG00000066688.4	0
ENSMUSG00000066693.2	46.9752457159321
ENSMUSG00000066697.3	0
ENSMUSG00000066704.6	0
ENSMUSG00000066705.7	7186.50340490295
ENSMUSG00000066714.6	0
ENSMUSG00000066720.7	0
ENSMUSG00000066721.3	289.170434923128
ENSMUSG00000066724.3	176.71796558846
ENSMUSG00000066735.8	594.413618875943
ENSMUSG00000066747.6	0
ENSMUSG00000066748.4	0
ENSMUSG00000066749.3	0
ENSMUSG00000066750.3	0
ENSMUSG00000066752.4	0
ENSMUSG00000066755.2	20.5662185007843
ENSMUSG00000066756.5	0
ENSMUSG00000066760.12	223.132151852205
ENSMUSG00000066767.6	0
ENSMUSG00000066771.2	0
ENSMUSG00000066772.12	0
ENSMUSG00000066797.6	12.6435321843495
ENSMUSG00000066798.3	42.6434210436148
ENSMUSG00000066800.11	145.058681600413
ENSMUSG00000066803.2	0
ENSMUSG00000066804.3	0
ENSMUSG00000066807.2	0
ENSMUSG00000066809.1	0
ENSMUSG00000066810.2	0
ENSMUSG00000066820.7	0
ENSMUSG00000066828.5	0
ENSMUSG00000066829.7	221.653284531136
ENSMUSG00000066838.7	61.5154434983287
ENSMUSG00000066839.12	2596.15991562846
ENSMUSG00000066842.18	0
ENSMUSG00000066850.2	0
ENSMUSG00000066861.14	0
ENSMUSG00000066867.8	0
ENSMUSG00000066877.11	495.465778144537
ENSMUSG00000066878.5	4.31868459502696
ENSMUSG00000066880.15	314.230466222445
ENSMUSG00000066892.14	147.395461758723
ENSMUSG00000066894.14	43.1735498150542
ENSMUSG00000066896.6	0
ENSMUSG00000066897.8	0
ENSMUSG00000066899.6	0
ENSMUSG00000066900.11	3368.12566091391
ENSMUSG00000066902.7	28.1324685163749
ENSMUSG00000066905.4	0
ENSMUSG00000066912.3	0
ENSMUSG00000066914.4	0
ENSMUSG00000066936.4	0
ENSMUSG00000066938.1	0
ENSMUSG00000066952.11	80.4825052294061
ENSMUSG00000066958.1	0
ENSMUSG00000066964.2	0
ENSMUSG00000066975.12	0
ENSMUSG00000066979.6	1459.45165522576
ENSMUSG00000066983.6	0
ENSMUSG00000067001.11	0
ENSMUSG00000067006.12	0
ENSMUSG00000067010.4	0
ENSMUSG00000067017.5	296.352844866233
ENSMUSG00000067028.11	58.9660188113275
ENSMUSG00000067038.6	92.380486282559
ENSMUSG00000067047.4	0
ENSMUSG00000067049.8	0
ENSMUSG00000067058.7	42.9542260071705
ENSMUSG00000067063.1	0
ENSMUSG00000067064.4	0
ENSMUSG00000067071.8	788.050198659516
ENSMUSG00000067081.13	13.6007290735167
ENSMUSG00000067085.1	0
ENSMUSG00000067101.5	0
ENSMUSG00000067103.6	0
ENSMUSG00000067106.6	76.1515856930542
ENSMUSG00000067121.2	79.0895321902927
ENSMUSG00000067122.2	0
ENSMUSG00000067144.7	0
ENSMUSG00000067147.7	0
ENSMUSG00000067148.15	1506.33438980371
ENSMUSG00000067149.6	0
ENSMUSG00000067150.6	323.029729903959
ENSMUSG00000067156.5	0
ENSMUSG00000067158.9	0
ENSMUSG00000067161.6	17.650931614265
ENSMUSG00000067173.3	0
ENSMUSG00000067186.2	0
ENSMUSG00000067189.5	0
ENSMUSG00000067194.6	939.639124134195
ENSMUSG00000067199.4	519.057585273275
ENSMUSG00000067201.11	0
ENSMUSG00000067203.8	0
ENSMUSG00000067206.3	0
ENSMUSG00000067212.8	149.022958647622
ENSMUSG00000067215.5	0
ENSMUSG00000067219.9	0
ENSMUSG00000067220.12	0
ENSMUSG00000067224.3	37.7227898200343
ENSMUSG00000067225.2	0
ENSMUSG00000067229.3	0
ENSMUSG00000067231.4	0
ENSMUSG00000067235.14	0
ENSMUSG00000067242.11	1529.5616456195
ENSMUSG00000067261.4	0
ENSMUSG00000067262.9	0
ENSMUSG00000067274.10	4647.22519843867
ENSMUSG00000067276.5	0
ENSMUSG00000067279.3	124.865067001509
ENSMUSG00000067285.4	0
ENSMUSG00000067288.13	26012.1400758955
ENSMUSG00000067292.3	0
ENSMUSG00000067297.5	0
ENSMUSG00000067299.11	0
ENSMUSG00000067321.5	0
ENSMUSG00000067331.5	0
ENSMUSG00000067336.6	258.727840942044
ENSMUSG00000067338.6	0
ENSMUSG00000067341.6	0
ENSMUSG00000067344.7	78.4341513281976
ENSMUSG00000067351.1	0
ENSMUSG00000067352.6	16.6203250771481
ENSMUSG00000067356.5	0
ENSMUSG00000067360.12	0
ENSMUSG00000067365.10	1498.07474321548
ENSMUSG00000067367.9	544.320523086759
ENSMUSG00000067369.12	347.30603830361
ENSMUSG00000067370.4	244.224628887887
ENSMUSG00000067377.12	436.668489161788
ENSMUSG00000067389.3	0
ENSMUSG00000067399.10	0
ENSMUSG00000067424.13	177.643170602989
ENSMUSG00000067430.7	54.6277645524976
ENSMUSG00000067438.5	0
ENSMUSG00000067441.5	0
ENSMUSG00000067455.5	0
ENSMUSG00000067482.2	0
ENSMUSG00000067513.1	0
ENSMUSG00000067519.1	0
ENSMUSG00000067522.3	0
ENSMUSG00000067524.4	0
ENSMUSG00000067525.3	0
ENSMUSG00000067526.3	0
ENSMUSG00000067528.3	0
ENSMUSG00000067529.2	0
ENSMUSG00000067541.7	0
ENSMUSG00000067543.8	0
ENSMUSG00000067545.3	0
ENSMUSG00000067547.6	10.8126293959238
ENSMUSG00000067555.2	0
ENSMUSG00000067561.12	0
ENSMUSG00000067562.11	0
ENSMUSG00000067567.12	527.695797176124
ENSMUSG00000067571.4	0
ENSMUSG00000067575.5	1803.76493948884
ENSMUSG00000067577.8	0
ENSMUSG00000067578.3	444.72048507493
ENSMUSG00000067586.4	105.632269835635
ENSMUSG00000067591.12	0
ENSMUSG00000067594.6	190.995080920785
ENSMUSG00000067596.4	0
ENSMUSG00000067597.5	0
ENSMUSG00000067599.13	0
ENSMUSG00000067604.8	54.2772584528058
ENSMUSG00000067608.5	234.541078579795
ENSMUSG00000067610.1	0
ENSMUSG00000067613.6	0
ENSMUSG00000067614.5	0
ENSMUSG00000067615.4	0
ENSMUSG00000067616.11	0
ENSMUSG00000067627.2	0
ENSMUSG00000067629.13	1508.65238058784
ENSMUSG00000067642.11	0
ENSMUSG00000067649.3	0
ENSMUSG00000067653.12	12.1517312393055
ENSMUSG00000067656.13	0
ENSMUSG00000067679.3	0
ENSMUSG00000067684.1	0
ENSMUSG00000067698.4	0
ENSMUSG00000067700.5	0
ENSMUSG00000067702.5	0
ENSMUSG00000067704.1	0
ENSMUSG00000067713.7	1983.49014129327
ENSMUSG00000067714.13	15.0620866953928
ENSMUSG00000067716.3	0
ENSMUSG00000067719.5	696.870109936542
ENSMUSG00000067722.4	517.436549182474
ENSMUSG00000067724.5	58.779560802462
ENSMUSG00000067736.2	0
ENSMUSG00000067745.4	0
ENSMUSG00000067750.3	0
ENSMUSG00000067764.11	0
ENSMUSG00000067767.5	0
ENSMUSG00000067768.12	0
ENSMUSG00000067771.9	22.9519696359793
ENSMUSG00000067773.6	0
ENSMUSG00000067780.3	0
ENSMUSG00000067786.16	7947.06147192421
ENSMUSG00000067787.10	4186.84158517576
ENSMUSG00000067795.13	0
ENSMUSG00000067813.3	0
ENSMUSG00000067818.6	55.4004385510701
ENSMUSG00000067825.11	177.896702308046
ENSMUSG00000067835.4	0
ENSMUSG00000067847.13	12712.1323455298
ENSMUSG00000067848.12	0
ENSMUSG00000067851.11	830.020042486973
ENSMUSG00000067855.7	0
ENSMUSG00000067860.11	64.8952524045909
ENSMUSG00000067869.4	2.25772121347328
ENSMUSG00000067870.5	308.725585339013
ENSMUSG00000067872.2	34.2398890484754
ENSMUSG00000067873.11	3283.17465548141
ENSMUSG00000067878.13	32.9563750380012
ENSMUSG00000067879.3	648.177072216271
ENSMUSG00000067882.14	0
ENSMUSG00000067889.6	765.641060910076
ENSMUSG00000067909.4	0
ENSMUSG00000067916.9	0
ENSMUSG00000067919.8	8.28168196725004
ENSMUSG00000067924.4	11763.9128445598
ENSMUSG00000067925.4	14518.1890268598
ENSMUSG00000067928.6	70.6044755351004
ENSMUSG00000067929.3	0
ENSMUSG00000067931.6	53.7866123364073
ENSMUSG00000067941.5	0
ENSMUSG00000067942.6	218.896458861726
ENSMUSG00000067949.5	0
ENSMUSG00000067951.5	0
ENSMUSG00000067971.5	0
ENSMUSG00000067973.11	0
ENSMUSG00000067995.4	854.334397808754
ENSMUSG00000067996.5	0
ENSMUSG00000067998.11	0
ENSMUSG00000068008.8	0
ENSMUSG00000068009.11	0
ENSMUSG00000068011.4	11.6125823197974
ENSMUSG00000068014.5	0
ENSMUSG00000068015.8	190.275809944169
ENSMUSG00000068036.16	973.706818868156
ENSMUSG00000068037.11	180.577902306971
ENSMUSG00000068039.13	5425.57056048912
ENSMUSG00000068040.10	1673.71141465276
ENSMUSG00000068048.8	0
ENSMUSG00000068062.3	0
ENSMUSG00000068067.2	0
ENSMUSG00000068068.1	0
ENSMUSG00000068071.2	0
ENSMUSG00000068073.2	0
ENSMUSG00000068074.3	0
ENSMUSG00000068075.3	0
ENSMUSG00000068078.4	0
ENSMUSG00000068079.5	12.9714410964921
ENSMUSG00000068082.12	0
ENSMUSG00000068083.2	0
ENSMUSG00000068085.6	0
ENSMUSG00000068086.6	0
ENSMUSG00000068099.5	6035.72998704174
ENSMUSG00000068101.11	66.188254736909
ENSMUSG00000068105.11	0
ENSMUSG00000068113.6	0
ENSMUSG00000068114.7	209.452363833851
ENSMUSG00000068115.13	99.5601808177683
ENSMUSG00000068117.10	17.6230908804338
ENSMUSG00000068120.4	0
ENSMUSG00000068122.10	24.8345275976009
ENSMUSG00000068129.5	0
ENSMUSG00000068130.11	7.50785314003202
ENSMUSG00000068134.13	122.957414925538
ENSMUSG00000068141.5	13.2487248177443
ENSMUSG00000068149.5	0
ENSMUSG00000068151.7	0
ENSMUSG00000068154.5	40.8786868154159
ENSMUSG00000068165.3	0
ENSMUSG00000068167.6	0
ENSMUSG00000068173.12	0
ENSMUSG00000068180.13	0
ENSMUSG00000068181.1	0
ENSMUSG00000068182.3	0
ENSMUSG00000068184.7	2498.77702376959
ENSMUSG00000068196.5	7.39795714920256
ENSMUSG00000068200.6	7.13206565648001
ENSMUSG00000068205.14	473.646820256101
ENSMUSG00000068206.13	1991.65009807897
ENSMUSG00000068218.6	0
ENSMUSG00000068219.8	0
ENSMUSG00000068220.6	2330.8825732642
ENSMUSG00000068226.3	0
ENSMUSG00000068227.9	6.69270017425728
ENSMUSG00000068231.5	0
ENSMUSG00000068232.3	0
ENSMUSG00000068234.7	0
ENSMUSG00000068240.5	2179.07881844987
ENSMUSG00000068243.6	0
ENSMUSG00000068245.14	7.89877824231515
ENSMUSG00000068246.6	0
ENSMUSG00000068250.13	833.533499400259
ENSMUSG00000068252.6	15.0992596931428
ENSMUSG00000068259.4	0
ENSMUSG00000068262.4	34.6280363196925
ENSMUSG00000068263.11	175.255390714768
ENSMUSG00000068264.11	1367.14791823074
ENSMUSG00000068267.5	802.144538950007
ENSMUSG00000068270.15	0.339956583957517
ENSMUSG00000068284.14	57.1093664652664
ENSMUSG00000068289.6	0
ENSMUSG00000068290.11	4225.6780979838
ENSMUSG00000068299.11	233.71259826722
ENSMUSG00000068302.8	0
ENSMUSG00000068303.6	350.974960121844
ENSMUSG00000068314.5	0
ENSMUSG00000068323.12	4.56619246417708
ENSMUSG00000068324.5	0
ENSMUSG00000068327.5	0
ENSMUSG00000068328.9	2137.0157144064
ENSMUSG00000068329.12	1427.34314289462
ENSMUSG00000068335.6	29.4011258123831
ENSMUSG00000068341.8	0
ENSMUSG00000068348.4	0
ENSMUSG00000068349.12	0
ENSMUSG00000068373.15	432.086597270349
ENSMUSG00000068391.8	1718.31726410405
ENSMUSG00000068392.3	0
ENSMUSG00000068394.4	23.2970761314639
ENSMUSG00000068396.9	9743.8829573648
ENSMUSG00000068397.4	0
ENSMUSG00000068399.5	0
ENSMUSG00000068407.3	60.2462243937903
ENSMUSG00000068417.8	105.617818871774
ENSMUSG00000068428.7	0
ENSMUSG00000068431.3	0
ENSMUSG00000068437.4	0
ENSMUSG00000068452.8	0
ENSMUSG00000068457.14	0
ENSMUSG00000068463.4	0
ENSMUSG00000068466.6	0
ENSMUSG00000068479.5	1196.86272273656
ENSMUSG00000068480.6	0
ENSMUSG00000068487.6	5.17725287555426
ENSMUSG00000068506.3	0
ENSMUSG00000068522.4	171.719742364538
ENSMUSG00000068523.12	505.391343082817
ENSMUSG00000068535.2	0
ENSMUSG00000068536.11	0
ENSMUSG00000068537.2	0
ENSMUSG00000068547.7	0
ENSMUSG00000068551.12	2681.91436968235
ENSMUSG00000068566.12	858.113278040987
ENSMUSG00000068574.2	0
ENSMUSG00000068579.5	0
ENSMUSG00000068580.11	1407.37265991697
ENSMUSG00000068587.10	0
ENSMUSG00000068600.10	0
ENSMUSG00000068601.2	17.8002478369654
ENSMUSG00000068604.4	0
ENSMUSG00000068606.6	0
ENSMUSG00000068614.7	0
ENSMUSG00000068615.4	250.928440386409
ENSMUSG00000068617.5	74.2743024892999
ENSMUSG00000068629.4	7.1805060364196
ENSMUSG00000068631.8	0
ENSMUSG00000068647.2	0
ENSMUSG00000068663.14	670.643545647378
ENSMUSG00000068674.3	0
ENSMUSG00000068680.1	0
ENSMUSG00000068686.12	145.386746570481
ENSMUSG00000068689.8	0
ENSMUSG00000068696.6	8414.23547762247
ENSMUSG00000068697.7	0
ENSMUSG00000068699.12	5.46109102965908
ENSMUSG00000068706.3	254.336402142352
ENSMUSG00000068732.5	734.113084060178
ENSMUSG00000068735.14	1961.20141783881
ENSMUSG00000068739.13	7969.67669976949
ENSMUSG00000068740.13	921.520112379496
ENSMUSG00000068742.11	1660.29511483508
ENSMUSG00000068744.12	52.0571784108578
ENSMUSG00000068745.6	0
ENSMUSG00000068747.14	2678.29466853368
ENSMUSG00000068748.7	82.7196580083561
ENSMUSG00000068749.9	4371.57222008025
ENSMUSG00000068758.8	0
ENSMUSG00000068762.11	33.9860764391528
ENSMUSG00000068776.7	0
ENSMUSG00000068794.7	0
ENSMUSG00000068798.10	902.054258308332
ENSMUSG00000068806.5	0
ENSMUSG00000068808.2	0
ENSMUSG00000068809.4	0
ENSMUSG00000068810.5	0
ENSMUSG00000068814.2	0
ENSMUSG00000068815.3	0
ENSMUSG00000068816.3	0
ENSMUSG00000068817.5	0
ENSMUSG00000068818.5	0
ENSMUSG00000068819.3	0
ENSMUSG00000068823.10	4260.24474111578
ENSMUSG00000068824.4	0
ENSMUSG00000068854.7	20.5075407209605
ENSMUSG00000068855.3	0
ENSMUSG00000068856.3	1728.84574323001
ENSMUSG00000068859.5	390.61798028661
ENSMUSG00000068860.5	13.6617165106313
ENSMUSG00000068874.13	88.9202763333043
ENSMUSG00000068876.16	29.1514955554521
ENSMUSG00000068877.12	0
ENSMUSG00000068879.4	0
ENSMUSG00000068882.13	6228.91805634868
ENSMUSG00000068885.4	0
ENSMUSG00000068887.4	0
ENSMUSG00000068888.3	0
ENSMUSG00000068889.1	0
ENSMUSG00000068890.8	0
ENSMUSG00000068893.5	26.3805934612013
ENSMUSG00000068917.12	360.819811901281
ENSMUSG00000068921.14	6082.37679324858
ENSMUSG00000068922.14	576.836096909627
ENSMUSG00000068923.14	12294.8161626929
ENSMUSG00000068940.7	0
ENSMUSG00000068947.2	0
ENSMUSG00000068948.4	0
ENSMUSG00000068950.3	0
ENSMUSG00000068957.1	0
ENSMUSG00000068959.6	18.3820629931858
ENSMUSG00000068962.7	45.6842097134698
ENSMUSG00000068964.5	0
ENSMUSG00000068966.10	26.6225768798042
ENSMUSG00000068969.3	0
ENSMUSG00000068999.13	0
ENSMUSG00000069008.3	250.033791513607
ENSMUSG00000069011.5	2.91538052127431
ENSMUSG00000069014.4	52.665835530189
ENSMUSG00000069020.9	2319.73997499152
ENSMUSG00000069036.3	0
ENSMUSG00000069038.2	0
ENSMUSG00000069041.8	0
ENSMUSG00000069044.6	0
ENSMUSG00000069045.11	0
ENSMUSG00000069049.11	0
ENSMUSG00000069053.11	0
ENSMUSG00000069072.9	621.149930771533
ENSMUSG00000069074.2	0
ENSMUSG00000069080.5	0
ENSMUSG00000069083.4	114.545206109765
ENSMUSG00000069085.5	0
ENSMUSG00000069089.8	286.87625857836
ENSMUSG00000069094.12	232.693446381802
ENSMUSG00000069114.8	34.7692687418746
ENSMUSG00000069117.4	110.970824182534
ENSMUSG00000069118.3	0
ENSMUSG00000069125.2	0
ENSMUSG00000069132.3	46.2575977417368
ENSMUSG00000069135.11	582.202273509263
ENSMUSG00000069136.4	0
ENSMUSG00000069170.14	0
ENSMUSG00000069171.14	720.069805922767
ENSMUSG00000069184.4	16.7027236615815
ENSMUSG00000069188.5	0
ENSMUSG00000069189.5	0
ENSMUSG00000069196.6	0
ENSMUSG00000069206.14	116.742845022089
ENSMUSG00000069208.9	131.710672730744
ENSMUSG00000069223.10	0
ENSMUSG00000069227.4	1129.06292023069
ENSMUSG00000069236.5	180.907309375194
ENSMUSG00000069237.8	1153.28957099858
ENSMUSG00000069248.11	0
ENSMUSG00000069255.13	606.53429458816
ENSMUSG00000069258.10	0
ENSMUSG00000069259.10	0
ENSMUSG00000069265.2	0
ENSMUSG00000069266.5	0
ENSMUSG00000069267.2	0
ENSMUSG00000069268.4	0
ENSMUSG00000069270.6	0
ENSMUSG00000069272.6	0
ENSMUSG00000069273.2	0
ENSMUSG00000069274.3	0
ENSMUSG00000069280.2	0
ENSMUSG00000069289.2	0
ENSMUSG00000069292.4	0
ENSMUSG00000069294.2	0
ENSMUSG00000069295.2	0
ENSMUSG00000069296.4	0
ENSMUSG00000069297.1	0
ENSMUSG00000069299.2	0
ENSMUSG00000069300.3	0
ENSMUSG00000069301.5	0
ENSMUSG00000069302.5	0
ENSMUSG00000069303.7	0
ENSMUSG00000069305.3	0
ENSMUSG00000069306.5	0
ENSMUSG00000069307.7	0
ENSMUSG00000069308.7	0
ENSMUSG00000069309.2	0
ENSMUSG00000069310.4	0
ENSMUSG00000069315.2	0
ENSMUSG00000069324.6	0
ENSMUSG00000069355.12	0
ENSMUSG00000069372.3	188.829402671514
ENSMUSG00000069376.2	41.719370857731
ENSMUSG00000069378.14	0
ENSMUSG00000069379.3	6.49129181617081
ENSMUSG00000069385.10	0
ENSMUSG00000069390.5	0
ENSMUSG00000069421.4	0
ENSMUSG00000069430.3	0
ENSMUSG00000069439.3	0
ENSMUSG00000069441.3	0
ENSMUSG00000069456.4	0
ENSMUSG00000069475.1	0
ENSMUSG00000069476.13	0
ENSMUSG00000069495.12	388.563165587303
ENSMUSG00000069515.6	0
ENSMUSG00000069516.8	332.542178303012
ENSMUSG00000069518.5	0
ENSMUSG00000069520.6	632.108755231656
ENSMUSG00000069539.11	258.330954427023
ENSMUSG00000069540.4	0
ENSMUSG00000069554.4	0
ENSMUSG00000069565.12	1690.77772206816
ENSMUSG00000069581.12	46.886199063891
ENSMUSG00000069582.3	0
ENSMUSG00000069583.2	0
ENSMUSG00000069584.4	0
ENSMUSG00000069588.3	0
ENSMUSG00000069601.14	970.028190246983
ENSMUSG00000069607.4	34.0851732215679
ENSMUSG00000069609.7	0
ENSMUSG00000069620.6	0
ENSMUSG00000069622.5	0
ENSMUSG00000069631.14	599.727266378002
ENSMUSG00000069633.12	0
ENSMUSG00000069662.5	1369.42367974035
ENSMUSG00000069668.4	0
ENSMUSG00000069670.8	371.373666045865
ENSMUSG00000069678.10	1480.51928783977
ENSMUSG00000069682.6	271.262351059944
ENSMUSG00000069706.3	0
ENSMUSG00000069707.1	0
ENSMUSG00000069708.3	0
ENSMUSG00000069712.5	0
ENSMUSG00000069713.2	14.3791460037315
ENSMUSG00000069717.7	0
ENSMUSG00000069718.4	0
ENSMUSG00000069720.4	0
ENSMUSG00000069721.2	0
ENSMUSG00000069722.4	0
ENSMUSG00000069727.5	14.8223817224958
ENSMUSG00000069729.14	230.331353628047
ENSMUSG00000069733.11	0
ENSMUSG00000069743.5	7.1945824612603
ENSMUSG00000069744.7	9363.77510379218
ENSMUSG00000069755.5	0
ENSMUSG00000069763.3	39.82573278343
ENSMUSG00000069769.13	388.349366229967
ENSMUSG00000069785.4	0
ENSMUSG00000069792.5	0
ENSMUSG00000069793.12	6.42827562603031
ENSMUSG00000069796.3	0
ENSMUSG00000069804.2	0
ENSMUSG00000069805.10	0
ENSMUSG00000069806.5	2794.57910900669
ENSMUSG00000069808.13	212.381758356796
ENSMUSG00000069814.6	1007.19890955131
ENSMUSG00000069816.5	0
ENSMUSG00000069818.6	0
ENSMUSG00000069823.11	0
ENSMUSG00000069824.5	0
ENSMUSG00000069825.12	0
ENSMUSG00000069830.10	0
ENSMUSG00000069833.13	11.8799407570156
ENSMUSG00000069835.10	348.807128273207
ENSMUSG00000069844.12	221.012978864602
ENSMUSG00000069855.9	19.8700440970777
ENSMUSG00000069862.6	0
ENSMUSG00000069867.3	0
ENSMUSG00000069873.4	0
ENSMUSG00000069874.7	3.73109529557927
ENSMUSG00000069890.3	0
ENSMUSG00000069892.9	16.9639022049671
ENSMUSG00000069893.10	0
ENSMUSG00000069895.4	119.522704841238
ENSMUSG00000069899.3	49.8644397173808
ENSMUSG00000069910.2	18.1351169325659
ENSMUSG00000069911.11	89.3277747872292
ENSMUSG00000069913.3	17.5727153822234
ENSMUSG00000069917.7	2737.97883470456
ENSMUSG00000069919.7	1182.74175896405
ENSMUSG00000069920.10	42.8532877412397
ENSMUSG00000069922.12	0
ENSMUSG00000069925.6	0
ENSMUSG00000069939.8	3.48489831299968
ENSMUSG00000069962.3	0
ENSMUSG00000069971.5	0
ENSMUSG00000069972.6	22.8731291722375
ENSMUSG00000069986.4	0
ENSMUSG00000069996.3	158.792684141934
ENSMUSG00000069998.5	0
ENSMUSG00000070000.13	941.255946661019
ENSMUSG00000070002.7	230.761074730501
ENSMUSG00000070003.7	7216.2961112609
ENSMUSG00000070023.5	0
ENSMUSG00000070025.8	6.18688522754267
ENSMUSG00000070031.11	0
ENSMUSG00000070034.13	0
ENSMUSG00000070044.15	319.852203280164
ENSMUSG00000070047.14	230.923905569512
ENSMUSG00000070056.6	187.591083036138
ENSMUSG00000070063.1	0
ENSMUSG00000070065.1	0
ENSMUSG00000070071.1	0
ENSMUSG00000070072.1	0
ENSMUSG00000070073.1	0
ENSMUSG00000070074.1	0
ENSMUSG00000070075.1	0
ENSMUSG00000070076.2	0
ENSMUSG00000070077.2	0
ENSMUSG00000070078.1	0
ENSMUSG00000070080.1	0
ENSMUSG00000070081.2	0
ENSMUSG00000070084.3	0
ENSMUSG00000070099.1	0
ENSMUSG00000070100.1	0
ENSMUSG00000070101.1	0
ENSMUSG00000070102.1	0
ENSMUSG00000070103.2	0
ENSMUSG00000070104.1	0
ENSMUSG00000070105.3	0
ENSMUSG00000070106.1	0
ENSMUSG00000070107.1	0
ENSMUSG00000070108.2	0
ENSMUSG00000070109.2	0
ENSMUSG00000070110.2	0
ENSMUSG00000070111.4	0
ENSMUSG00000070126.1	0
ENSMUSG00000070127.2	0
ENSMUSG00000070128.3	0
ENSMUSG00000070129.2	0
ENSMUSG00000070130.1	0
ENSMUSG00000070133.1	0
ENSMUSG00000070136.1	0
ENSMUSG00000070138.1	0
ENSMUSG00000070139.1	0
ENSMUSG00000070140.1	0
ENSMUSG00000070141.2	0
ENSMUSG00000070144.1	0
ENSMUSG00000070150.1	0
ENSMUSG00000070166.1	0
ENSMUSG00000070167.1	0
ENSMUSG00000070170.1	0
ENSMUSG00000070173.1	0
ENSMUSG00000070175.1	0
ENSMUSG00000070178.1	0
ENSMUSG00000070182.1	0
ENSMUSG00000070192.1	0
ENSMUSG00000070203.1	0
ENSMUSG00000070209.1	0
ENSMUSG00000070214.1	0
ENSMUSG00000070219.1	0
ENSMUSG00000070225.1	0
ENSMUSG00000070227.1	0
ENSMUSG00000070235.1	0
ENSMUSG00000070236.1	0
ENSMUSG00000070240.1	0
ENSMUSG00000070249.1	0
ENSMUSG00000070258.1	0
ENSMUSG00000070263.1	0
ENSMUSG00000070271.7	0
ENSMUSG00000070280.13	0
ENSMUSG00000070282.6	8.0279317810974
ENSMUSG00000070283.4	3652.55090493281
ENSMUSG00000070284.10	566.995833233187
ENSMUSG00000070287.3	1488.05972587455
ENSMUSG00000070291.4	0
ENSMUSG00000070298.6	0
ENSMUSG00000070304.12	4184.93886453022
ENSMUSG00000070305.10	16.4982877797488
ENSMUSG00000070306.3	19.7939814644019
ENSMUSG00000070311.4	0
ENSMUSG00000070313.8	0
ENSMUSG00000070315.12	355.145795438666
ENSMUSG00000070319.6	7725.01950952491
ENSMUSG00000070323.11	0
ENSMUSG00000070324.6	0
ENSMUSG00000070327.14	40.3656307809784
ENSMUSG00000070330.2	2.82358724975218
ENSMUSG00000070331.14	0
ENSMUSG00000070332.4	0
ENSMUSG00000070334.4	0
ENSMUSG00000070335.4	0
ENSMUSG00000070336.3	0
ENSMUSG00000070337.4	0
ENSMUSG00000070342.3	0
ENSMUSG00000070343.3	149.205015823
ENSMUSG00000070345.3	9.53261108297106
ENSMUSG00000070348.5	172.667294873936
ENSMUSG00000070354.13	0
ENSMUSG00000070360.5	0
ENSMUSG00000070366.5	547.968158604015
ENSMUSG00000070368.9	0
ENSMUSG00000070369.13	0
ENSMUSG00000070371.11	296.416797403924
ENSMUSG00000070372.11	288.293170903178
ENSMUSG00000070374.7	0
ENSMUSG00000070375.7	0
ENSMUSG00000070377.6	0
ENSMUSG00000070378.3	0
ENSMUSG00000070379.5	0
ENSMUSG00000070380.2	0
ENSMUSG00000070382.8	0
ENSMUSG00000070383.5	0
ENSMUSG00000070385.12	0
ENSMUSG00000070388.3	0
ENSMUSG00000070390.12	0
ENSMUSG00000070392.5	91.2918261973186
ENSMUSG00000070394.10	7111.89872778629
ENSMUSG00000070407.5	0
ENSMUSG00000070417.6	0
ENSMUSG00000070419.11	0
ENSMUSG00000070420.4	316.934606736354
ENSMUSG00000070421.4	0
ENSMUSG00000070423.6	0
ENSMUSG00000070424.12	0
ENSMUSG00000070425.13	0
ENSMUSG00000070426.12	1111.09247562065
ENSMUSG00000070427.4	25.8822068717197
ENSMUSG00000070436.12	6.37868041744525
ENSMUSG00000070438.5	0
ENSMUSG00000070443.6	55.2569588947671
ENSMUSG00000070448.13	0
ENSMUSG00000070458.5	0
ENSMUSG00000070459.6	0
ENSMUSG00000070460.7	0
ENSMUSG00000070461.3	316.900867012955
ENSMUSG00000070462.4	830.843435311191
ENSMUSG00000070464.1	0
ENSMUSG00000070465.9	0
ENSMUSG00000070469.12	3.15205797042505
ENSMUSG00000070471.3	9.26013394581084
ENSMUSG00000070473.4	0
ENSMUSG00000070476.10	589.248163979523
ENSMUSG00000070489.5	0
ENSMUSG00000070490.4	95.1757646247048
ENSMUSG00000070493.3	38735.1059313716
ENSMUSG00000070495.11	0
ENSMUSG00000070498.3	675.9258255065
ENSMUSG00000070501.14	0
ENSMUSG00000070504.9	0
ENSMUSG00000070509.15	275.210710198796
ENSMUSG00000070520.4	295.823558807589
ENSMUSG00000070522.4	9.23450923451547
ENSMUSG00000070524.1	9.60405440106496
ENSMUSG00000070526.2	0
ENSMUSG00000070527.3	7.92096967925913
ENSMUSG00000070529.7	130.002743587268
ENSMUSG00000070530.5	0
ENSMUSG00000070531.4	0
ENSMUSG00000070532.5	151.92466849466
ENSMUSG00000070533.11	0
ENSMUSG00000070544.6	1260.37455284705
ENSMUSG00000070546.2	0
ENSMUSG00000070547.4	0
ENSMUSG00000070550.2	0
ENSMUSG00000070551.3	0
ENSMUSG00000070552.2	0
ENSMUSG00000070563.6	0
ENSMUSG00000070564.15	18.5568166576715
ENSMUSG00000070565.11	108.522462607804
ENSMUSG00000070568.12	0
ENSMUSG00000070570.5	2655.79367508955
ENSMUSG00000070572.7	78.3295613068203
ENSMUSG00000070574.2	0
ENSMUSG00000070576.4	469.82605407678
ENSMUSG00000070577.5	0
ENSMUSG00000070583.1	59.5984279468533
ENSMUSG00000070594.10	0
ENSMUSG00000070601.5	0
ENSMUSG00000070604.5	57.3955142766622
ENSMUSG00000070605.4	32.1442183843877
ENSMUSG00000070606.4	0
ENSMUSG00000070609.3	0
ENSMUSG00000070610.4	107.879816072394
ENSMUSG00000070616.13	0
ENSMUSG00000070617.2	0
ENSMUSG00000070618.10	0
ENSMUSG00000070619.5	0
ENSMUSG00000070621.3	0
ENSMUSG00000070637.2	0
ENSMUSG00000070639.5	309.522042565365
ENSMUSG00000070641.3	0
ENSMUSG00000070643.11	151.363671465643
ENSMUSG00000070644.13	69.6398815002852
ENSMUSG00000070645.5	0
ENSMUSG00000070661.7	0
ENSMUSG00000070667.7	0
ENSMUSG00000070677.8	0
ENSMUSG00000070683.7	0
ENSMUSG00000070686.10	0
ENSMUSG00000070687.11	212.118675906725
ENSMUSG00000070690.7	0
ENSMUSG00000070691.10	0
ENSMUSG00000070692.6	0
ENSMUSG00000070695.4	88.8463360884094
ENSMUSG00000070697.4	1645.83847046577
ENSMUSG00000070699.5	410.125564246936
ENSMUSG00000070702.9	0
ENSMUSG00000070704.10	0
ENSMUSG00000070705.3	780.75483399025
ENSMUSG00000070708.5	0
ENSMUSG00000070709.12	97.4771820571957
ENSMUSG00000070713.5	402.17534931252
ENSMUSG00000070717.1	0
ENSMUSG00000070719.4	9.88701863078942
ENSMUSG00000070720.4	391.917443417025
ENSMUSG00000070729.5	22.3518644909416
ENSMUSG00000070730.11	1657.02994608057
ENSMUSG00000070732.2	0
ENSMUSG00000070733.13	197.2619926523
ENSMUSG00000070737.10	125.873825429117
ENSMUSG00000070738.10	714.492482950521
ENSMUSG00000070777.5	0
ENSMUSG00000070778.5	0
ENSMUSG00000070780.11	0
ENSMUSG00000070794.11	0
ENSMUSG00000070796.11	0
ENSMUSG00000070797.4	0
ENSMUSG00000070798.4	0
ENSMUSG00000070799.4	0
ENSMUSG00000070802.5	11082.8149160893
ENSMUSG00000070803.6	417.211374334427
ENSMUSG00000070806.5	0
ENSMUSG00000070808.4	108.50058328671
ENSMUSG00000070810.10	0
ENSMUSG00000070811.6	0
ENSMUSG00000070814.15	477.221483087597
ENSMUSG00000070815.3	0
ENSMUSG00000070816.3	0
ENSMUSG00000070817.3	0
ENSMUSG00000070820.3	0
ENSMUSG00000070821.6	0
ENSMUSG00000070822.5	412.855423106895
ENSMUSG00000070828.10	0
ENSMUSG00000070834.5	0
ENSMUSG00000070837.5	13.3108358719194
ENSMUSG00000070841.5	0
ENSMUSG00000070844.11	0
ENSMUSG00000070847.13	0
ENSMUSG00000070852.2	0
ENSMUSG00000070853.5	0
ENSMUSG00000070855.8	0
ENSMUSG00000070856.5	0
ENSMUSG00000070857.4	0
ENSMUSG00000070858.12	6904.76753831824
ENSMUSG00000070866.4	185.724848733478
ENSMUSG00000070867.4	34.5834349647094
ENSMUSG00000070868.11	0
ENSMUSG00000070870.6	0
ENSMUSG00000070871.10	145.798208895702
ENSMUSG00000070873.5	0
ENSMUSG00000070875.5	0
ENSMUSG00000070877.4	0
ENSMUSG00000070880.10	17722.5654166622
ENSMUSG00000070883.3	46.4075694077224
ENSMUSG00000070890.3	0
ENSMUSG00000070891.2	0
ENSMUSG00000070896.2	0
ENSMUSG00000070902.5	0
ENSMUSG00000070904.4	0
ENSMUSG00000070908.1	0
ENSMUSG00000070923.4	424.112817589249
ENSMUSG00000070933.10	0
ENSMUSG00000070934.6	4266.90079888923
ENSMUSG00000070939.9	264.2189263049
ENSMUSG00000070942.8	0
ENSMUSG00000070943.3	0
ENSMUSG00000070953.13	1772.59907944826
ENSMUSG00000070960.4	0
ENSMUSG00000070972.13	157.843227725849
ENSMUSG00000070977.4	0
ENSMUSG00000070979.5	0
ENSMUSG00000070980.4	0
ENSMUSG00000070983.3	0
ENSMUSG00000070985.3	0
ENSMUSG00000070990.2	0
ENSMUSG00000070995.10	0
ENSMUSG00000070997.4	4.41078998239922
ENSMUSG00000070999.2	0
ENSMUSG00000071000.3	0
ENSMUSG00000071001.4	0
ENSMUSG00000071005.7	0
ENSMUSG00000071014.10	10951.7058778712
ENSMUSG00000071015.2	13.4108377902998
ENSMUSG00000071019.11	0
ENSMUSG00000071033.1	0
ENSMUSG00000071035.5	37.2434422974104
ENSMUSG00000071036.2	0
ENSMUSG00000071037.6	347.993879214118
ENSMUSG00000071040.2	0
ENSMUSG00000071041.4	9.81838435534666
ENSMUSG00000071042.12	116.562348425961
ENSMUSG00000071047.5	47.1441940256054
ENSMUSG00000071052.4	0
ENSMUSG00000071054.12	3797.67756536538
ENSMUSG00000071064.15	313.472711361508
ENSMUSG00000071065.6	0
ENSMUSG00000071068.7	23.2485733283543
ENSMUSG00000071072.12	2926.05457123277
ENSMUSG00000071073.5	1718.37793942531
ENSMUSG00000071074.9	3418.30730396977
ENSMUSG00000071076.6	5986.36558812785
ENSMUSG00000071078.6	1429.77555534941
ENSMUSG00000071089.3	0
ENSMUSG00000071102.1	0
ENSMUSG00000071103.10	0
ENSMUSG00000071104.10	0
ENSMUSG00000071112.12	46.7260524211913
ENSMUSG00000071113.4	7.45969366435754
ENSMUSG00000071138.4	0
ENSMUSG00000071141.7	0
ENSMUSG00000071147.2	0
ENSMUSG00000071149.3	0
ENSMUSG00000071150.1	0
ENSMUSG00000071151.3	8.85975173326888
ENSMUSG00000071158.9	0
ENSMUSG00000071165.3	0
ENSMUSG00000071169.1	0
ENSMUSG00000071172.13	2748.88815759085
ENSMUSG00000071176.10	89.900975545986
ENSMUSG00000071177.4	0
ENSMUSG00000071178.11	0
ENSMUSG00000071179.8	0
ENSMUSG00000071180.5	605.603284218819
ENSMUSG00000071181.2	43.5015211503669
ENSMUSG00000071185.5	0
ENSMUSG00000071192.6	0
ENSMUSG00000071195.4	0
ENSMUSG00000071202.5	0
ENSMUSG00000071203.6	1.26235255583564
ENSMUSG00000071204.10	0
ENSMUSG00000071207.4	0
ENSMUSG00000071226.11	11.7393325665337
ENSMUSG00000071229.3	0
ENSMUSG00000071230.7	48.9617070440606
ENSMUSG00000071234.3	4317.88429877565
ENSMUSG00000071235.12	3.30699227842772
ENSMUSG00000071237.4	0
ENSMUSG00000071252.6	21.7993570130481
ENSMUSG00000071253.8	299.920329033176
ENSMUSG00000071256.4	152.983396669874
ENSMUSG00000071262.10	0
ENSMUSG00000071265.10	1154.60176845569
ENSMUSG00000071266.13	102.235481827125
ENSMUSG00000071267.11	35.6804909663182
ENSMUSG00000071273.4	2.26415079998588
ENSMUSG00000071275.1	0
ENSMUSG00000071276.1	0
ENSMUSG00000071280.2	0
ENSMUSG00000071281.12	85.2641200533404
ENSMUSG00000071291.10	65.3820282844478
ENSMUSG00000071294.2	0
ENSMUSG00000071302.10	190.672540401264
ENSMUSG00000071303.4	44.5076890164189
ENSMUSG00000071311.2	0
ENSMUSG00000071317.4	13.5932382931136
ENSMUSG00000071322.12	1.68408349252623
ENSMUSG00000071324.11	63.1309863501672
ENSMUSG00000071332.12	0
ENSMUSG00000071335.5	0
ENSMUSG00000071337.11	343.566297398982
ENSMUSG00000071340.2	0
ENSMUSG00000071341.4	341.853748940924
ENSMUSG00000071342.5	84.7124864998272
ENSMUSG00000071343.2	205.479878139784
ENSMUSG00000071347.3	0
ENSMUSG00000071350.12	56.8623267698915
ENSMUSG00000071356.7	0
ENSMUSG00000071359.13	1067.01784734628
ENSMUSG00000071361.1	0
ENSMUSG00000071362.3	0
ENSMUSG00000071369.11	130.952043945427
ENSMUSG00000071379.2	6148.7210122758
ENSMUSG00000071392.6	21.292324814518
ENSMUSG00000071398.8	71.4520885492882
ENSMUSG00000071414.5	5.80841354767957
ENSMUSG00000071415.6	16852.1139493731
ENSMUSG00000071419.7	14.8343357595557
ENSMUSG00000071424.10	302.804716450533
ENSMUSG00000071428.2	0
ENSMUSG00000071434.2	0
ENSMUSG00000071451.10	1603.03321735386
ENSMUSG00000071452.4	0
ENSMUSG00000071454.13	5096.39036927733
ENSMUSG00000071456.6	265.424036813822
ENSMUSG00000071470.4	0
ENSMUSG00000071471.2	0
ENSMUSG00000071475.3	0
ENSMUSG00000071477.10	826.321407239807
ENSMUSG00000071478.6	0
ENSMUSG00000071481.4	0
ENSMUSG00000071489.1	7.8398195582263
ENSMUSG00000071490.5	0
ENSMUSG00000071491.2	0
ENSMUSG00000071493.5	0
ENSMUSG00000071494.5	0
ENSMUSG00000071497.4	45.5922915956076
ENSMUSG00000071506.4	0
ENSMUSG00000071510.3	0
ENSMUSG00000071516.2	0
ENSMUSG00000071517.6	0
ENSMUSG00000071519.6	0
ENSMUSG00000071521.4	0
ENSMUSG00000071522.3	0
ENSMUSG00000071528.4	63628.340959802
ENSMUSG00000071531.3	105.997570226622
ENSMUSG00000071532.6	0
ENSMUSG00000071533.11	2976.44732944966
ENSMUSG00000071537.6	0
ENSMUSG00000071540.4	0
ENSMUSG00000071547.4	455.513139056446
ENSMUSG00000071550.14	0
ENSMUSG00000071551.13	0
ENSMUSG00000071552.5	0
ENSMUSG00000071553.10	276.327585556888
ENSMUSG00000071561.2	0
ENSMUSG00000071562.6	0
ENSMUSG00000071568.5	219.678933297993
ENSMUSG00000071573.14	34.2915130100863
ENSMUSG00000071586.4	0
ENSMUSG00000071591.3	0
ENSMUSG00000071604.5	169.039822040599
ENSMUSG00000071613.11	76.6092411640944
ENSMUSG00000071629.3	0
ENSMUSG00000071632.10	1133.26599711483
ENSMUSG00000071633.11	0
ENSMUSG00000071636.8	33.8594510387566
ENSMUSG00000071637.5	4.86460642848279
ENSMUSG00000071640.3	0
ENSMUSG00000071644.10	10042.2841561322
ENSMUSG00000071645.6	532.502318844899
ENSMUSG00000071646.9	440.736201401728
ENSMUSG00000071647.5	106.548517125265
ENSMUSG00000071648.4	316.976461471856
ENSMUSG00000071649.6	5786.84197281395
ENSMUSG00000071650.6	1715.50098036519
ENSMUSG00000071652.8	312.58592780813
ENSMUSG00000071653.9	1646.93306075216
ENSMUSG00000071654.6	2682.18681560792
ENSMUSG00000071655.12	6071.11568458761
ENSMUSG00000071656.7	34.8208927034855
ENSMUSG00000071657.12	4893.61928217762
ENSMUSG00000071658.5	15668.2870572329
ENSMUSG00000071659.4	2648.45511358662
ENSMUSG00000071660.10	560.076536951738
ENSMUSG00000071661.7	105.352926149772
ENSMUSG00000071662.4	5701.00050086104
ENSMUSG00000071665.10	21.1757183329108
ENSMUSG00000071669.14	28.9371031780004
ENSMUSG00000071671.5	0
ENSMUSG00000071679.4	0
ENSMUSG00000071680.6	0
ENSMUSG00000071686.2	0
ENSMUSG00000071691.11	77.0134936131779
ENSMUSG00000071708.11	1962.77064269849
ENSMUSG00000071711.12	1052.3110109115
ENSMUSG00000071713.6	9.28063995716413
ENSMUSG00000071714.7	8.93153837879792
ENSMUSG00000071715.12	68.8796609241327
ENSMUSG00000071716.5	0
ENSMUSG00000071719.2	276.803094054555
ENSMUSG00000071721.5	0
ENSMUSG00000071722.4	0
ENSMUSG00000071723.7	617.770808520141
ENSMUSG00000071724.5	0
ENSMUSG00000071726.2	0
ENSMUSG00000071738.4	0
ENSMUSG00000071745.1	0
ENSMUSG00000071748.2	0
ENSMUSG00000071749.3	0
ENSMUSG00000071750.3	0
ENSMUSG00000071753.13	486.188384192214
ENSMUSG00000071757.10	127.762719342497
ENSMUSG00000071763.9	0
ENSMUSG00000071764.2	0
ENSMUSG00000071766.12	0
ENSMUSG00000071767.4	0
ENSMUSG00000071769.11	0
ENSMUSG00000071770.5	0
ENSMUSG00000071771.4	0
ENSMUSG00000071772.13	0
ENSMUSG00000071773.4	0
ENSMUSG00000071788.5	0
ENSMUSG00000071793.12	564.299932577721
ENSMUSG00000071796.13	360.823838195748
ENSMUSG00000071815.6	0
ENSMUSG00000071816.5	0
ENSMUSG00000071818.9	0
ENSMUSG00000071847.13	44.3159562496863
ENSMUSG00000071855.5	352.004973638845
ENSMUSG00000071856.10	22.4038942031576
ENSMUSG00000071858.4	0
ENSMUSG00000071862.3	269.604547721998
ENSMUSG00000071866.12	185897.696993122
ENSMUSG00000071867.5	35.8544331295936
ENSMUSG00000071890.4	0
ENSMUSG00000071893.7	0
ENSMUSG00000071909.2	0
ENSMUSG00000071937.4	0
ENSMUSG00000071952.3	0
ENSMUSG00000071984.11	40.6426648095504
ENSMUSG00000072049.6	0
ENSMUSG00000072066.7	15.8947181487746
ENSMUSG00000072068.4	0
ENSMUSG00000072082.7	39.1669498585685
ENSMUSG00000072100.4	0
ENSMUSG00000072109.11	0
ENSMUSG00000072115.11	83.5943626783349
ENSMUSG00000072145.3	0
ENSMUSG00000072188.4	0
ENSMUSG00000072214.7	17328.9113294435
ENSMUSG00000072235.6	23643.6506014264
ENSMUSG00000072244.11	0
ENSMUSG00000072249.3	0
ENSMUSG00000072255.3	0
ENSMUSG00000072258.10	632.355264330085
ENSMUSG00000072259.3	0
ENSMUSG00000072294.5	37.5449774202174
ENSMUSG00000072295.7	0
ENSMUSG00000072324.4	253.049610915452
ENSMUSG00000072381.3	0
ENSMUSG00000072387.3	0
ENSMUSG00000072407.4	0
ENSMUSG00000072419.5	0
ENSMUSG00000072421.4	256.669031159856
ENSMUSG00000072423.5	5.44099076891095
ENSMUSG00000072437.4	398.396968465646
ENSMUSG00000072460.5	18.202065782418
ENSMUSG00000072473.4	0
ENSMUSG00000072476.6	226.153495704597
ENSMUSG00000072477.5	0
ENSMUSG00000072479.10	0
ENSMUSG00000072487.11	18.1853363728512
ENSMUSG00000072492.5	21.1571474398283
ENSMUSG00000072494.7	47.1179762941948
ENSMUSG00000072501.5	221.40306125409
ENSMUSG00000072511.3	0
ENSMUSG00000072541.2	58.0679366641742
ENSMUSG00000072553.10	0
ENSMUSG00000072568.4	34.7733574595112
ENSMUSG00000072571.3	1.43320477219475
ENSMUSG00000072572.9	0
ENSMUSG00000072573.2	0
ENSMUSG00000072574.4	0
ENSMUSG00000072575.4	0
ENSMUSG00000072576.5	16.3647334074797
ENSMUSG00000072582.9	398.226958962083
ENSMUSG00000072584.2	0
ENSMUSG00000072589.4	0
ENSMUSG00000072591.10	261.139653750724
ENSMUSG00000072592.2	0
ENSMUSG00000072594.3	27.8521260597915
ENSMUSG00000072595.3	0
ENSMUSG00000072596.4	0
ENSMUSG00000072598.3	0
ENSMUSG00000072599.3	0
ENSMUSG00000072600.4	0
ENSMUSG00000072601.4	0
ENSMUSG00000072605.10	0
ENSMUSG00000072612.3	0
ENSMUSG00000072616.5	0
ENSMUSG00000072618.2	0
ENSMUSG00000072620.3	24.8607765405965
ENSMUSG00000072621.13	0
ENSMUSG00000072623.6	237.974914739714
ENSMUSG00000072624.3	0
ENSMUSG00000072625.1	0
ENSMUSG00000072640.11	326.472835904627
ENSMUSG00000072647.6	17.5480270184784
ENSMUSG00000072653.14	49.1319038171344
ENSMUSG00000072660.5	0
ENSMUSG00000072662.2	71.1504597917262
ENSMUSG00000072663.12	0.617926960079959
ENSMUSG00000072664.11	0
ENSMUSG00000072672.10	0
ENSMUSG00000072673.2	0
ENSMUSG00000072674.10	41.5950551146257
ENSMUSG00000072675.12	0
ENSMUSG00000072676.12	15.4349715015386
ENSMUSG00000072677.4	0
ENSMUSG00000072679.10	0
ENSMUSG00000072680.11	188.555864340463
ENSMUSG00000072683.3	0
ENSMUSG00000072686.2	0
ENSMUSG00000072688.2	0
ENSMUSG00000072692.7	274.593969278947
ENSMUSG00000072693.2	0
ENSMUSG00000072694.8	8842.64528775516
ENSMUSG00000072704.6	1726.73933578068
ENSMUSG00000072707.3	0
ENSMUSG00000072708.3	0
ENSMUSG00000072709.3	0
ENSMUSG00000072714.2	0
ENSMUSG00000072717.8	0
ENSMUSG00000072718.6	0
ENSMUSG00000072720.9	57.0260627448677
ENSMUSG00000072721.8	0
ENSMUSG00000072722.2	0
ENSMUSG00000072723.12	0
ENSMUSG00000072726.3	0
ENSMUSG00000072731.6	0
ENSMUSG00000072738.3	0
ENSMUSG00000072739.4	0
ENSMUSG00000072753.12	0
ENSMUSG00000072754.9	0
ENSMUSG00000072761.10	0
ENSMUSG00000072762.9	343.787056939776
ENSMUSG00000072763.2	5.95429649602858
ENSMUSG00000072768.1	0
ENSMUSG00000072769.6	1231.21718951361
ENSMUSG00000072770.9	317.343540923189
ENSMUSG00000072772.3	21183.2534649762
ENSMUSG00000072774.10	34.8984222806568
ENSMUSG00000072778.3	0
ENSMUSG00000072780.3	0
ENSMUSG00000072789.4	5.39679516453307
ENSMUSG00000072791.11	0
ENSMUSG00000072809.2	9.08388212524454
ENSMUSG00000072812.4	0
ENSMUSG00000072813.5	0
ENSMUSG00000072814.10	0
ENSMUSG00000072821.4	0
ENSMUSG00000072822.2	0
ENSMUSG00000072825.11	2620.53660048551
ENSMUSG00000072834.4	0
ENSMUSG00000072837.1	913.021104145803
ENSMUSG00000072844.6	0
ENSMUSG00000072845.3	17.683110758413
ENSMUSG00000072847.4	470.67791186653
ENSMUSG00000072849.10	0
ENSMUSG00000072852.4	0
ENSMUSG00000072872.3	664.250539112412
ENSMUSG00000072874.4	0
ENSMUSG00000072875.2	760.591962802584
ENSMUSG00000072878.4	0
ENSMUSG00000072884.10	0
ENSMUSG00000072888.2	0
ENSMUSG00000072889.9	139.904868625203
ENSMUSG00000072893.12	223.287523122397
ENSMUSG00000072898.3	0
ENSMUSG00000072900.2	0
ENSMUSG00000072902.4	0
ENSMUSG00000072905.5	0
ENSMUSG00000072915.3	201.435449742263
ENSMUSG00000072919.4	0
ENSMUSG00000072923.6	0
ENSMUSG00000072929.6	0
ENSMUSG00000072930.3	0
ENSMUSG00000072931.4	0
ENSMUSG00000072934.10	0
ENSMUSG00000072940.5	170.103512857829
ENSMUSG00000072941.5	27.0359119001264
ENSMUSG00000072944.11	16.2113596787277
ENSMUSG00000072945.3	0
ENSMUSG00000072946.12	427.035033447641
ENSMUSG00000072949.6	160.303387279715
ENSMUSG00000072950.5	0
ENSMUSG00000072952.7	0
ENSMUSG00000072955.14	153.446014782931
ENSMUSG00000072962.3	0
ENSMUSG00000072963.2	0
ENSMUSG00000072964.14	906.593359116718
ENSMUSG00000072966.11	1290.76049780133
ENSMUSG00000072968.4	0
ENSMUSG00000072969.2	248.837014497883
ENSMUSG00000072972.3	0
ENSMUSG00000072974.4	8.1658869868532
ENSMUSG00000072978.3	139.167401294525
ENSMUSG00000072980.3	31.8430890121859
ENSMUSG00000072982.1	97.7938860103188
ENSMUSG00000072983.4	0
ENSMUSG00000072995.1	0
ENSMUSG00000072999.9	0
ENSMUSG00000073000.3	67.1218244562216
ENSMUSG00000073001.3	0
ENSMUSG00000073002.9	0
ENSMUSG00000073006.2	0
ENSMUSG00000073007.10	0
ENSMUSG00000073008.11	0
ENSMUSG00000073010.9	0
ENSMUSG00000073012.2	0
ENSMUSG00000073016.3	19.0655030702072
ENSMUSG00000073018.6	0
ENSMUSG00000073027.10	0
ENSMUSG00000073028.4	0
ENSMUSG00000073043.5	0
ENSMUSG00000073045.9	0
ENSMUSG00000073051.4	0
ENSMUSG00000073052.4	0
ENSMUSG00000073060.4	161.082584499555
ENSMUSG00000073062.3	31.9655008486054
ENSMUSG00000073063.3	17.8901372018018
ENSMUSG00000073067.10	0
ENSMUSG00000073069.2	0
ENSMUSG00000073073.4	39.4121480704277
ENSMUSG00000073077.7	0
ENSMUSG00000073079.6	3697.15531865118
ENSMUSG00000073085.2	0
ENSMUSG00000073094.9	0
ENSMUSG00000073096.11	1182.61438448561
ENSMUSG00000073102.7	481.03703693222
ENSMUSG00000073103.2	0
ENSMUSG00000073110.3	0
ENSMUSG00000073111.3	0
ENSMUSG00000073116.4	0
ENSMUSG00000073117.2	0
ENSMUSG00000073119.3	0
ENSMUSG00000073125.10	63.0768654617554
ENSMUSG00000073130.10	0
ENSMUSG00000073131.12	413.37356662969
ENSMUSG00000073139.9	1946.47666595423
ENSMUSG00000073141.8	0
ENSMUSG00000073144.4	0
ENSMUSG00000073145.6	0
ENSMUSG00000073147.3	466.634045277539
ENSMUSG00000073152.4	0
ENSMUSG00000073154.10	224.982218553828
ENSMUSG00000073155.12	1437.75092682135
ENSMUSG00000073158.4	16.5787824574963
ENSMUSG00000073164.11	27.0946833147051
ENSMUSG00000073173.2	0
ENSMUSG00000073174.6	0
ENSMUSG00000073176.4	11.9667089633507
ENSMUSG00000073177.8	0
ENSMUSG00000073179.3	0
ENSMUSG00000073184.4	0
ENSMUSG00000073197.9	0
ENSMUSG00000073198.5	17.1456160529106
ENSMUSG00000073207.1	237.098524644144
ENSMUSG00000073208.12	0
ENSMUSG00000073209.4	7.64287445679664
ENSMUSG00000073226.9	0
ENSMUSG00000073233.4	1.96757831919591
ENSMUSG00000073234.4	0
ENSMUSG00000073236.4	128.014035025018
ENSMUSG00000073242.4	0
ENSMUSG00000073243.2	0
ENSMUSG00000073245.10	0
ENSMUSG00000073247.3	0
ENSMUSG00000073255.10	0
ENSMUSG00000073257.3	0
ENSMUSG00000073267.5	0
ENSMUSG00000073274.4	0
ENSMUSG00000073290.1	0
ENSMUSG00000073291.3	0
ENSMUSG00000073293.4	398.726406745455
ENSMUSG00000073294.4	4.65689333022377
ENSMUSG00000073295.4	355.369083117846
ENSMUSG00000073367.5	0
ENSMUSG00000073371.4	851.945900054077
ENSMUSG00000073374.3	3.12122092443257
ENSMUSG00000073375.3	0
ENSMUSG00000073377.9	0
ENSMUSG00000073380.2	0
ENSMUSG00000073386.5	0
ENSMUSG00000073394.4	4.73220688485923
ENSMUSG00000073396.5	0
ENSMUSG00000073399.9	25.6548304749027
ENSMUSG00000073400.6	0
ENSMUSG00000073402.11	0
ENSMUSG00000073403.11	0
ENSMUSG00000073405.6	13.5514459807817
ENSMUSG00000073406.10	1023.43879661874
ENSMUSG00000073407.1	0
ENSMUSG00000073408.2	0
ENSMUSG00000073409.12	8.05923700086506
ENSMUSG00000073411.12	2204.45670853096
ENSMUSG00000073412.6	867.043505533215
ENSMUSG00000073413.9	0
ENSMUSG00000073414.8	0
ENSMUSG00000073415.4	227.09970611584
ENSMUSG00000073418.4	41.798429802568
ENSMUSG00000073420.10	0
ENSMUSG00000073421.6	0
ENSMUSG00000073422.11	2542.69053784212
ENSMUSG00000073423.10	1820.34159955856
ENSMUSG00000073424.9	68.9020084190017
ENSMUSG00000073427.4	162.099364304511
ENSMUSG00000073430.5	0
ENSMUSG00000073433.11	3857.31762956664
ENSMUSG00000073434.12	84.8643932840837
ENSMUSG00000073435.10	2648.45211727446
ENSMUSG00000073436.11	658.019988877437
ENSMUSG00000073437.10	138.923170641801
ENSMUSG00000073448.2	0
ENSMUSG00000073457.4	0
ENSMUSG00000073458.2	0
ENSMUSG00000073460.5	0
ENSMUSG00000073468.12	2395.87926332008
ENSMUSG00000073471.3	870.969298696103
ENSMUSG00000073478.6	2.66431453143275
ENSMUSG00000073481.9	3160.75732582293
ENSMUSG00000073482.2	0
ENSMUSG00000073485.3	12.659762208556
ENSMUSG00000073486.2	0
ENSMUSG00000073489.6	0
ENSMUSG00000073490.11	0
ENSMUSG00000073491.11	0
ENSMUSG00000073492.2	0
ENSMUSG00000073494.5	0
ENSMUSG00000073497.6	0
ENSMUSG00000073510.2	0
ENSMUSG00000073514.4	86.0762767069539
ENSMUSG00000073528.7	0
ENSMUSG00000073529.9	0
ENSMUSG00000073530.11	24.4852075381396
ENSMUSG00000073532.3	137.804048049588
ENSMUSG00000073535.5	7.84677974168412
ENSMUSG00000073538.10	0
ENSMUSG00000073542.3	229.520164533569
ENSMUSG00000073551.5	26.4239775643688
ENSMUSG00000073554.3	0
ENSMUSG00000073555.1	0
ENSMUSG00000073557.12	566.294633764293
ENSMUSG00000073559.2	0
ENSMUSG00000073563.3	552.922623185749
ENSMUSG00000073565.5	67.9523959449926
ENSMUSG00000073568.2	0
ENSMUSG00000073569.2	0
ENSMUSG00000073572.2	0
ENSMUSG00000073573.6	0
ENSMUSG00000073574.4	0
ENSMUSG00000073590.3	9.45776570211078
ENSMUSG00000073591.4	37.8413002083273
ENSMUSG00000073594.3	0
ENSMUSG00000073598.3	6.04755671204631
ENSMUSG00000073599.10	56.282509155112
ENSMUSG00000073600.5	22.5435036229191
ENSMUSG00000073601.2	0
ENSMUSG00000073602.10	0
ENSMUSG00000073607.2	32.5669793033837
ENSMUSG00000073608.4	0
ENSMUSG00000073609.9	128.13054787187
ENSMUSG00000073616.10	14407.4909919303
ENSMUSG00000073627.7	24.4536526256918
ENSMUSG00000073628.5	0
ENSMUSG00000073631.2	0
ENSMUSG00000073633.9	155.960607341058
ENSMUSG00000073639.6	2179.42236436611
ENSMUSG00000073640.3	0
ENSMUSG00000073643.11	417.450704768304
ENSMUSG00000073647.4	349.461572787751
ENSMUSG00000073650.8	13.747548369416
ENSMUSG00000073652.10	0
ENSMUSG00000073656.4	0
ENSMUSG00000073658.4	0
ENSMUSG00000073664.11	1.95456308824564
ENSMUSG00000073676.4	8457.96325155259
ENSMUSG00000073678.4	45.2685650358567
ENSMUSG00000073679.2	0
ENSMUSG00000073680.2	209.083505322172
ENSMUSG00000073682.3	0
ENSMUSG00000073684.13	1888.1393733114
ENSMUSG00000073686.2	0
ENSMUSG00000073699.3	62.5135587754475
ENSMUSG00000073700.3	128.183014546277
ENSMUSG00000073702.11	34837.5454573995
ENSMUSG00000073705.10	424.195153750512
ENSMUSG00000073716.6	132.297388105811
ENSMUSG00000073721.5	0
ENSMUSG00000073722.3	0
ENSMUSG00000073723.10	0
ENSMUSG00000073724.12	0
ENSMUSG00000073725.8	1751.43366093841
ENSMUSG00000073728.10	0
ENSMUSG00000073730.2	0
ENSMUSG00000073731.12	4.54481252844343
ENSMUSG00000073733.4	0
ENSMUSG00000073735.1	0
ENSMUSG00000073737.3	0
ENSMUSG00000073739.3	10.8998345644491
ENSMUSG00000073747.2	0
ENSMUSG00000073752.2	58.9904574823924
ENSMUSG00000073753.4	0
ENSMUSG00000073755.4	4109.66931822963
ENSMUSG00000073758.10	58.967236063143
ENSMUSG00000073759.6	0
ENSMUSG00000073761.2	0
ENSMUSG00000073764.2	0
ENSMUSG00000073765.6	0
ENSMUSG00000073768.3	0
ENSMUSG00000073769.4	0
ENSMUSG00000073771.11	298.347733322315
ENSMUSG00000073774.2	0
ENSMUSG00000073775.4	491.737960065384
ENSMUSG00000073778.2	0
ENSMUSG00000073779.7	205.910004992843
ENSMUSG00000073781.4	0
ENSMUSG00000073785.2	0
ENSMUSG00000073786.1	0
ENSMUSG00000073787.4	14.4369498591749
ENSMUSG00000073789.2	0
ENSMUSG00000073791.12	0
ENSMUSG00000073792.11	109.420513543372
ENSMUSG00000073794.3	0
ENSMUSG00000073795.11	14.1791109553856
ENSMUSG00000073797.5	0
ENSMUSG00000073802.5	0
ENSMUSG00000073803.3	0
ENSMUSG00000073804.5	0
ENSMUSG00000073805.5	232.759770999954
ENSMUSG00000073807.1	0
ENSMUSG00000073809.1	0
ENSMUSG00000073811.4	0
ENSMUSG00000073821.11	0
ENSMUSG00000073830.11	0
ENSMUSG00000073834.10	0
ENSMUSG00000073835.5	0
ENSMUSG00000073838.10	4252.75714429442
ENSMUSG00000073840.6	0
ENSMUSG00000073842.10	0
ENSMUSG00000073843.3	0
ENSMUSG00000073844.5	0
ENSMUSG00000073846.4	0
ENSMUSG00000073856.11	63.0394739829102
ENSMUSG00000073860.12	0
ENSMUSG00000073862.4	0
ENSMUSG00000073867.2	10.9566396491721
ENSMUSG00000073876.3	0
ENSMUSG00000073877.10	386.203600971934
ENSMUSG00000073878.3	59.914289187181
ENSMUSG00000073879.4	0
ENSMUSG00000073888.13	10212.1665661218
ENSMUSG00000073889.10	1382.67418361844
ENSMUSG00000073893.6	0
ENSMUSG00000073894.1	0
ENSMUSG00000073896.5	0
ENSMUSG00000073897.5	0
ENSMUSG00000073898.3	0
ENSMUSG00000073899.3	0
ENSMUSG00000073900.5	0
ENSMUSG00000073901.4	0
ENSMUSG00000073902.5	0
ENSMUSG00000073906.3	0
ENSMUSG00000073907.3	0
ENSMUSG00000073908.5	0
ENSMUSG00000073909.2	0
ENSMUSG00000073910.10	41.8756472638892
ENSMUSG00000073913.2	0
ENSMUSG00000073914.2	0
ENSMUSG00000073915.5	0
ENSMUSG00000073916.3	0
ENSMUSG00000073917.2	0
ENSMUSG00000073920.4	0
ENSMUSG00000073922.2	0
ENSMUSG00000073923.4	0
ENSMUSG00000073924.5	0
ENSMUSG00000073925.5	0
ENSMUSG00000073926.4	0
ENSMUSG00000073927.6	0
ENSMUSG00000073928.5	0
ENSMUSG00000073929.12	0
ENSMUSG00000073931.3	0
ENSMUSG00000073932.2	0
ENSMUSG00000073937.2	0
ENSMUSG00000073938.3	0
ENSMUSG00000073940.3	522.609213955032
ENSMUSG00000073943.4	0
ENSMUSG00000073944.6	0
ENSMUSG00000073945.2	0
ENSMUSG00000073946.5	0
ENSMUSG00000073947.4	0
ENSMUSG00000073948.3	0
ENSMUSG00000073949.4	0
ENSMUSG00000073950.6	0
ENSMUSG00000073951.4	0
ENSMUSG00000073952.5	0
ENSMUSG00000073953.4	0
ENSMUSG00000073954.5	0
ENSMUSG00000073955.2	0
ENSMUSG00000073956.3	0
ENSMUSG00000073959.5	0
ENSMUSG00000073960.1	0
ENSMUSG00000073961.4	0
ENSMUSG00000073962.9	0
ENSMUSG00000073963.3	0
ENSMUSG00000073964.3	0
ENSMUSG00000073965.1	0
ENSMUSG00000073966.3	0
ENSMUSG00000073967.3	0
ENSMUSG00000073968.4	27.5423198669562
ENSMUSG00000073969.3	0
ENSMUSG00000073970.1	0
ENSMUSG00000073971.3	0
ENSMUSG00000073972.2	0
ENSMUSG00000073973.4	0
ENSMUSG00000073974.4	0
ENSMUSG00000073975.3	0
ENSMUSG00000073976.10	0
ENSMUSG00000073977.2	0
ENSMUSG00000073978.8	0
ENSMUSG00000073979.2	0
ENSMUSG00000073980.5	0
ENSMUSG00000073982.11	186.234284224054
ENSMUSG00000073985.2	46.5982721921496
ENSMUSG00000073987.4	311.43668603638
ENSMUSG00000073988.13	15.3013234945146
ENSMUSG00000073991.4	0
ENSMUSG00000073997.3	0
ENSMUSG00000073998.2	0
ENSMUSG00000074001.3	79.7267166983254
ENSMUSG00000074003.4	0
ENSMUSG00000074004.3	38.4226471907724
ENSMUSG00000074006.3	19.7763781304548
ENSMUSG00000074011.4	0
ENSMUSG00000074024.5	3.04122563204521
ENSMUSG00000074026.3	0
ENSMUSG00000074028.4	0
ENSMUSG00000074029.2	0
ENSMUSG00000074030.3	227.115436754686
ENSMUSG00000074034.1	107.811993298161
ENSMUSG00000074037.3	0
ENSMUSG00000074039.10	13.7083466186402
ENSMUSG00000074052.7	25.6513972005513
ENSMUSG00000074059.3	0
ENSMUSG00000074060.10	0
ENSMUSG00000074061.4	0
ENSMUSG00000074062.5	0
ENSMUSG00000074063.10	0
ENSMUSG00000074064.6	833.216826658721
ENSMUSG00000074065.4	0
ENSMUSG00000074067.9	0
ENSMUSG00000074071.11	0
ENSMUSG00000074072.2	0
ENSMUSG00000074088.6	1008.10033133806
ENSMUSG00000074092.5	0
ENSMUSG00000074093.4	350.837691570958
ENSMUSG00000074102.4	993.140150467737
ENSMUSG00000074108.1	3.11541556962022
ENSMUSG00000074109.4	0
ENSMUSG00000074111.4	0
ENSMUSG00000074113.4	0
ENSMUSG00000074115.5	0
ENSMUSG00000074121.3	0
ENSMUSG00000074123.1	0
ENSMUSG00000074127.6	0
ENSMUSG00000074128.4	0
ENSMUSG00000074129.14	39240.0569414131
ENSMUSG00000074136.9	19.7096789732828
ENSMUSG00000074139.8	0
ENSMUSG00000074141.13	28.2302232006345
ENSMUSG00000074146.9	0
ENSMUSG00000074149.9	0
ENSMUSG00000074151.13	0
ENSMUSG00000074155.2	4.28051282655652
ENSMUSG00000074156.6	0
ENSMUSG00000074158.9	0.675762027108354
ENSMUSG00000074164.12	0
ENSMUSG00000074165.10	239.109861605528
ENSMUSG00000074166.7	88.6136849337253
ENSMUSG00000074170.5	12.4787974386528
ENSMUSG00000074171.2	0
ENSMUSG00000074178.3	9.35907467030086
ENSMUSG00000074179.11	0
ENSMUSG00000074182.8	629.483923355264
ENSMUSG00000074183.3	0
ENSMUSG00000074184.5	0
ENSMUSG00000074194.4	28.9229019068197
ENSMUSG00000074195.3	0
ENSMUSG00000074196.10	0
ENSMUSG00000074199.7	0
ENSMUSG00000074203.4	0
ENSMUSG00000074206.7	0
ENSMUSG00000074207.10	0
ENSMUSG00000074210.3	0.991748113776174
ENSMUSG00000074211.4	510.987486640826
ENSMUSG00000074212.7	380.558392802285
ENSMUSG00000074213.3	20.3913712015436
ENSMUSG00000074215.2	124.008683531933
ENSMUSG00000074217.8	36.3371202918138
ENSMUSG00000074218.3	453.231977942628
ENSMUSG00000074219.3	113.837514631189
ENSMUSG00000074220.10	294.051021683137
ENSMUSG00000074221.12	24.5429177588279
ENSMUSG00000074224.3	0
ENSMUSG00000074227.12	2045.21192458012
ENSMUSG00000074228.3	29.660525295423
ENSMUSG00000074232.3	0
ENSMUSG00000074235.4	46.3360012432885
ENSMUSG00000074236.3	3.99324139810031
ENSMUSG00000074237.3	0
ENSMUSG00000074238.6	2512.53474711572
ENSMUSG00000074240.5	0
ENSMUSG00000074243.4	11.7785967404796
ENSMUSG00000074247.10	1963.26799930567
ENSMUSG00000074248.7	0
ENSMUSG00000074250.11	2.31015667629449
ENSMUSG00000074252.2	0
ENSMUSG00000074254.4	0
ENSMUSG00000074256.3	0
ENSMUSG00000074259.10	210.460404395004
ENSMUSG00000074261.3	0
ENSMUSG00000074264.12	34.8845955484962
ENSMUSG00000074268.4	0
ENSMUSG00000074269.10	285.743309253987
ENSMUSG00000074272.10	1.13141995670767
ENSMUSG00000074274.7	93.8691852529062
ENSMUSG00000074277.4	0
ENSMUSG00000074280.6	5147.19521405114
ENSMUSG00000074281.3	33.1550055650216
ENSMUSG00000074282.10	332.73394228133
ENSMUSG00000074283.5	14.9905185309588
ENSMUSG00000074284.6	0
ENSMUSG00000074291.3	0
ENSMUSG00000074292.4	0
ENSMUSG00000074300.4	0
ENSMUSG00000074302.1	0
ENSMUSG00000074305.9	92.5967513551115
ENSMUSG00000074311.3	0
ENSMUSG00000074322.5	0
ENSMUSG00000074336.5	0
ENSMUSG00000074340.9	0
ENSMUSG00000074342.3	0
ENSMUSG00000074343.3	0
ENSMUSG00000074344.7	0
ENSMUSG00000074345.4	102.615514086239
ENSMUSG00000074346.6	58.421002113837
ENSMUSG00000074354.11	32.935993872988
ENSMUSG00000074355.2	2.58469377806554
ENSMUSG00000074357.3	34.1615479700938
ENSMUSG00000074358.9	343.776881963062
ENSMUSG00000074359.2	0
ENSMUSG00000074361.11	0
ENSMUSG00000074364.6	0
ENSMUSG00000074365.13	0
ENSMUSG00000074366.9	0
ENSMUSG00000074369.12	0
ENSMUSG00000074373.6	0
ENSMUSG00000074375.3	0
ENSMUSG00000074377.12	0
ENSMUSG00000074378.5	0
ENSMUSG00000074384.4	104.338175097841
ENSMUSG00000074385.3	0
ENSMUSG00000074388.3	24.780437920774
ENSMUSG00000074397.5	0
ENSMUSG00000074398.5	0
ENSMUSG00000074403.2	0
ENSMUSG00000074404.6	0
ENSMUSG00000074405.8	308.006470420322
ENSMUSG00000074406.5	402.367206925592
ENSMUSG00000074412.4	106.083246027482
ENSMUSG00000074415.14	356.45434114032
ENSMUSG00000074417.9	0
ENSMUSG00000074418.4	0
ENSMUSG00000074419.11	0
ENSMUSG00000074420.5	0
ENSMUSG00000074424.3	0
ENSMUSG00000074433.4	0
ENSMUSG00000074434.4	0
ENSMUSG00000074435.10	0
ENSMUSG00000074436.2	0
ENSMUSG00000074437.5	0
ENSMUSG00000074439.4	0
ENSMUSG00000074440.3	0
ENSMUSG00000074441.3	0
ENSMUSG00000074442.4	0
ENSMUSG00000074443.1	0
ENSMUSG00000074444.4	0
ENSMUSG00000074445.4	0
ENSMUSG00000074446.3	0
ENSMUSG00000074447.2	0
ENSMUSG00000074448.2	0
ENSMUSG00000074449.3	0
ENSMUSG00000074452.13	39.7356561490836
ENSMUSG00000074454.3	0
ENSMUSG00000074457.10	443.640657868248
ENSMUSG00000074461.2	539.261686964743
ENSMUSG00000074465.2	0
ENSMUSG00000074466.12	339.294430181474
ENSMUSG00000074467.4	57.0314623490749
ENSMUSG00000074469.6	0
ENSMUSG00000074472.10	0
ENSMUSG00000074473.1	0
ENSMUSG00000074476.6	86.2539330488458
ENSMUSG00000074479.3	605.798294201978
ENSMUSG00000074480.4	13.8968645921164
ENSMUSG00000074482.5	0
ENSMUSG00000074483.2	0
ENSMUSG00000074485.1	0
ENSMUSG00000074486.2	0
ENSMUSG00000074489.9	0
ENSMUSG00000074491.9	0
ENSMUSG00000074500.11	0
ENSMUSG00000074501.6	0
ENSMUSG00000074502.4	0
ENSMUSG00000074505.6	200.912562058547
ENSMUSG00000074506.4	5.9538283222534
ENSMUSG00000074507.6	0
ENSMUSG00000074508.4	35.6642609421116
ENSMUSG00000074513.9	146.21444659343
ENSMUSG00000074516.6	0
ENSMUSG00000074517.2	49.1404557914279
ENSMUSG00000074519.11	0
ENSMUSG00000074521.9	0
ENSMUSG00000074527.11	0
ENSMUSG00000074529.10	0
ENSMUSG00000074547.4	40.713359049604
ENSMUSG00000074553.4	7.60382876394584
ENSMUSG00000074555.5	0
ENSMUSG00000074564.3	0
ENSMUSG00000074569.4	0
ENSMUSG00000074570.14	17.2413419841443
ENSMUSG00000074575.4	397.620049691512
ENSMUSG00000074576.4	221.127806285864
ENSMUSG00000074577.9	0
ENSMUSG00000074578.14	1035.24158233761
ENSMUSG00000074579.14	0
ENSMUSG00000074580.11	17.940013314652
ENSMUSG00000074582.10	287.849498222224
ENSMUSG00000074589.4	0
ENSMUSG00000074591.8	0
ENSMUSG00000074593.11	0
ENSMUSG00000074594.9	0
ENSMUSG00000074595.9	0
ENSMUSG00000074596.3	0
ENSMUSG00000074603.3	0
ENSMUSG00000074604.9	0
ENSMUSG00000074607.11	1837.35266246848
ENSMUSG00000074619.5	0
ENSMUSG00000074620.6	0
ENSMUSG00000074622.4	877.967653922389
ENSMUSG00000074623.4	0
ENSMUSG00000074625.10	61.4113840738966
ENSMUSG00000074627.11	7.20035660448763
ENSMUSG00000074628.9	38.9465648567944
ENSMUSG00000074629.3	0
ENSMUSG00000074634.12	497.715103441642
ENSMUSG00000074635.3	39.7676480237215
ENSMUSG00000074637.7	847.945011817649
ENSMUSG00000074639.6	0
ENSMUSG00000074643.12	279.758862366836
ENSMUSG00000074646.10	21.6957033392212
ENSMUSG00000074647.4	0
ENSMUSG00000074649.6	4779.23200668802
ENSMUSG00000074650.2	0
ENSMUSG00000074651.3	19.8700440970777
ENSMUSG00000074652.3	463.81769911551
ENSMUSG00000074653.10	0
ENSMUSG00000074655.1	0
ENSMUSG00000074656.12	1888.0737665597
ENSMUSG00000074657.5	7144.90703890175
ENSMUSG00000074664.3	83.498012515401
ENSMUSG00000074665.11	0
ENSMUSG00000074671.6	841.056209254757
ENSMUSG00000074673.15	50.0008031323009
ENSMUSG00000074676.2	33.5271100815421
ENSMUSG00000074677.11	0
ENSMUSG00000074678.1	0
ENSMUSG00000074679.3	0
ENSMUSG00000074680.1	0
ENSMUSG00000074681.2	0
ENSMUSG00000074682.4	141.123774654701
ENSMUSG00000074695.3	64.601426543282
ENSMUSG00000074698.10	1051.43474566227
ENSMUSG00000074704.9	0
ENSMUSG00000074715.3	0
ENSMUSG00000074731.3	0
ENSMUSG00000074733.14	298.873367625513
ENSMUSG00000074734.3	0
ENSMUSG00000074735.2	0
ENSMUSG00000074736.10	1885.88714533689
ENSMUSG00000074737.2	0
ENSMUSG00000074738.2	1246.78565296425
ENSMUSG00000074739.2	0
ENSMUSG00000074743.4	0
ENSMUSG00000074746.3	249.11376762219
ENSMUSG00000074748.3	2621.90201369506
ENSMUSG00000074749.10	436.197225439682
ENSMUSG00000074753.5	0
ENSMUSG00000074754.4	5160.44802758652
ENSMUSG00000074758.10	0
ENSMUSG00000074763.5	0
ENSMUSG00000074764.11	0
ENSMUSG00000074766.10	90.1656809984781
ENSMUSG00000074768.6	0
ENSMUSG00000074771.10	0
ENSMUSG00000074776.4	23.2538168746364
ENSMUSG00000074780.2	0
ENSMUSG00000074781.5	5879.90374557416
ENSMUSG00000074782.3	0.591771651839379
ENSMUSG00000074783.10	0
ENSMUSG00000074785.5	205.608064119431
ENSMUSG00000074793.10	71.5685701845554
ENSMUSG00000074794.10	193.259106874431
ENSMUSG00000074796.10	71.9157990678208
ENSMUSG00000074797.11	2784.20949684843
ENSMUSG00000074800.4	32.5498129316268
ENSMUSG00000074802.11	0
ENSMUSG00000074804.3	0
ENSMUSG00000074805.5	0
ENSMUSG00000074807.3	48.6300839533015
ENSMUSG00000074811.3	206.414883592007
ENSMUSG00000074812.12	0
ENSMUSG00000074813.14	0
ENSMUSG00000074817.2	0
ENSMUSG00000074818.13	87.5683465284825
ENSMUSG00000074824.3	0
ENSMUSG00000074825.4	7.27866647128431
ENSMUSG00000074826.10	5.31433415692971
ENSMUSG00000074829.10	19.2028340442628
ENSMUSG00000074830.4	0
ENSMUSG00000074832.11	0
ENSMUSG00000074837.2	0
ENSMUSG00000074841.2	0
ENSMUSG00000074846.3	0
ENSMUSG00000074847.2	2.94793420444248
ENSMUSG00000074849.2	0
ENSMUSG00000074852.4	0
ENSMUSG00000074862.11	150.705200656632
ENSMUSG00000074863.5	56.866009736923
ENSMUSG00000074865.11	41.1169872669873
ENSMUSG00000074867.4	52.5923010358992
ENSMUSG00000074868.2	0
ENSMUSG00000074870.4	0
ENSMUSG00000074871.3	0
ENSMUSG00000074872.3	2654.72283681935
ENSMUSG00000074874.10	0
ENSMUSG00000074876.6	15.9184389533842
ENSMUSG00000074877.3	0
ENSMUSG00000074881.4	0
ENSMUSG00000074882.3	0
ENSMUSG00000074884.12	21376.7771524568
ENSMUSG00000074885.4	0
ENSMUSG00000074886.11	1055.48460487559
ENSMUSG00000074887.4	0
ENSMUSG00000074890.4	121.142804584489
ENSMUSG00000074892.9	554.378986954023
ENSMUSG00000074895.10	0
ENSMUSG00000074896.3	438.93498083065
ENSMUSG00000074899.6	34.5246635501306
ENSMUSG00000074903.5	0
ENSMUSG00000074909.5	146.549627804881
ENSMUSG00000074912.10	0
ENSMUSG00000074913.3	0
ENSMUSG00000074916.5	0
ENSMUSG00000074918.4	646.481284379364
ENSMUSG00000074919.2	0
ENSMUSG00000074922.1	907.227297619909
ENSMUSG00000074923.10	880.980976397432
ENSMUSG00000074925.4	43.6801138398091
ENSMUSG00000074928.4	0
ENSMUSG00000074930.5	0
ENSMUSG00000074934.3	30.6596081316772
ENSMUSG00000074939.3	31.3540658982081
ENSMUSG00000074945.3	0
ENSMUSG00000074946.5	0
ENSMUSG00000074947.3	0
ENSMUSG00000074952.3	0
ENSMUSG00000074955.3	0
ENSMUSG00000074965.5	0
ENSMUSG00000074966.5	0
ENSMUSG00000074968.11	913.244703940834
ENSMUSG00000074970.1	0
ENSMUSG00000074971.4	20.8847639374231
ENSMUSG00000074973.4	0
ENSMUSG00000074978.4	13.8946485695806
ENSMUSG00000074981.13	0
ENSMUSG00000074987.9	0
ENSMUSG00000074991.5	0
ENSMUSG00000074994.6	9.97356835602943
ENSMUSG00000074995.2	0
ENSMUSG00000074996.4	0
ENSMUSG00000074997.3	0
ENSMUSG00000074999.2	0
ENSMUSG00000075000.11	838.28259175261
ENSMUSG00000075002.2	0
ENSMUSG00000075006.2	0
ENSMUSG00000075010.5	46.4613469686992
ENSMUSG00000075012.4	490.873555218459
ENSMUSG00000075014.1	0
ENSMUSG00000075015.3	0
ENSMUSG00000075020.6	250.824006422956
ENSMUSG00000075023.11	0
ENSMUSG00000075025.10	0
ENSMUSG00000075027.10	0
ENSMUSG00000075028.12	44.8905927413538
ENSMUSG00000075029.7	0
ENSMUSG00000075031.4	0
ENSMUSG00000075033.4	369.96343300024
ENSMUSG00000075036.1	0
ENSMUSG00000075040.9	91.0719093693197
ENSMUSG00000075042.10	0.866589657875546
ENSMUSG00000075044.14	0
ENSMUSG00000075045.4	0
ENSMUSG00000075046.7	0
ENSMUSG00000075053.3	89.3217821629067
ENSMUSG00000075054.5	658.495154047669
ENSMUSG00000075061.2	0
ENSMUSG00000075062.4	0
ENSMUSG00000075063.2	0
ENSMUSG00000075064.5	0
ENSMUSG00000075065.5	0
ENSMUSG00000075066.7	0
ENSMUSG00000075067.4	0
ENSMUSG00000075068.3	0
ENSMUSG00000075069.3	0
ENSMUSG00000075070.6	0
ENSMUSG00000075072.3	0
ENSMUSG00000075073.3	0
ENSMUSG00000075074.3	0
ENSMUSG00000075075.2	0
ENSMUSG00000075078.5	0
ENSMUSG00000075079.3	0
ENSMUSG00000075081.6	0
ENSMUSG00000075084.3	0
ENSMUSG00000075085.6	0
ENSMUSG00000075086.2	0
ENSMUSG00000075088.2	0
ENSMUSG00000075090.4	0
ENSMUSG00000075091.5	0
ENSMUSG00000075092.2	0
ENSMUSG00000075093.3	0
ENSMUSG00000075094.1	0
ENSMUSG00000075095.5	0
ENSMUSG00000075097.3	0
ENSMUSG00000075099.2	0
ENSMUSG00000075100.4	0
ENSMUSG00000075101.4	0
ENSMUSG00000075102.2	0
ENSMUSG00000075104.3	0
ENSMUSG00000075105.3	0
ENSMUSG00000075107.3	0
ENSMUSG00000075110.2	0
ENSMUSG00000075111.11	0
ENSMUSG00000075112.2	0
ENSMUSG00000075113.2	0
ENSMUSG00000075114.4	0
ENSMUSG00000075115.3	0
ENSMUSG00000075117.3	0
ENSMUSG00000075119.2	0
ENSMUSG00000075120.4	0
ENSMUSG00000075121.2	0
ENSMUSG00000075122.5	0
ENSMUSG00000075125.2	0
ENSMUSG00000075126.4	0
ENSMUSG00000075127.2	0
ENSMUSG00000075128.7	0
ENSMUSG00000075132.2	0
ENSMUSG00000075133.2	0
ENSMUSG00000075136.4	0
ENSMUSG00000075137.4	0
ENSMUSG00000075139.3	0
ENSMUSG00000075140.4	0
ENSMUSG00000075141.5	0
ENSMUSG00000075142.1	0
ENSMUSG00000075143.5	0
ENSMUSG00000075144.5	0
ENSMUSG00000075145.2	0
ENSMUSG00000075146.2	0
ENSMUSG00000075148.1	0
ENSMUSG00000075149.2	0
ENSMUSG00000075150.2	0
ENSMUSG00000075151.6	0
ENSMUSG00000075153.2	0
ENSMUSG00000075155.2	0
ENSMUSG00000075156.4	0
ENSMUSG00000075158.5	0
ENSMUSG00000075159.5	0
ENSMUSG00000075160.3	0
ENSMUSG00000075161.3	0
ENSMUSG00000075162.3	0
ENSMUSG00000075163.5	0
ENSMUSG00000075164.2	0
ENSMUSG00000075165.3	0
ENSMUSG00000075166.2	0
ENSMUSG00000075167.3	0
ENSMUSG00000075168.4	0
ENSMUSG00000075169.5	0
ENSMUSG00000075170.4	0
ENSMUSG00000075171.3	0
ENSMUSG00000075172.3	0
ENSMUSG00000075174.2	0
ENSMUSG00000075175.2	0
ENSMUSG00000075176.3	0
ENSMUSG00000075179.3	0
ENSMUSG00000075181.1	0
ENSMUSG00000075184.3	0
ENSMUSG00000075185.1	0
ENSMUSG00000075186.4	0
ENSMUSG00000075187.2	0
ENSMUSG00000075188.4	0
ENSMUSG00000075189.5	0
ENSMUSG00000075190.2	0
ENSMUSG00000075192.4	0
ENSMUSG00000075193.2	0
ENSMUSG00000075194.3	0
ENSMUSG00000075195.3	0
ENSMUSG00000075196.3	0
ENSMUSG00000075197.3	0
ENSMUSG00000075198.2	0
ENSMUSG00000075199.3	0
ENSMUSG00000075200.2	0
ENSMUSG00000075201.2	0
ENSMUSG00000075202.5	0
ENSMUSG00000075203.1	0
ENSMUSG00000075204.3	0
ENSMUSG00000075205.5	0
ENSMUSG00000075206.1	0
ENSMUSG00000075208.6	0
ENSMUSG00000075209.3	0
ENSMUSG00000075210.4	0
ENSMUSG00000075211.4	0
ENSMUSG00000075212.5	0
ENSMUSG00000075214.3	0
ENSMUSG00000075215.2	0
ENSMUSG00000075217.1	45.3935674338322
ENSMUSG00000075218.3	0
ENSMUSG00000075219.3	0
ENSMUSG00000075220.1	0
ENSMUSG00000075221.3	0
ENSMUSG00000075222.5	0
ENSMUSG00000075223.4	0
ENSMUSG00000075224.10	261.061936904043
ENSMUSG00000075225.15	28.8689682879178
ENSMUSG00000075227.6	2121.06643840702
ENSMUSG00000075228.1	0
ENSMUSG00000075229.11	1254.26167028757
ENSMUSG00000075232.6	1938.05072404105
ENSMUSG00000075245.4	76.455087145717
ENSMUSG00000075249.12	0
ENSMUSG00000075254.12	36.532910564598
ENSMUSG00000075256.9	51.8064557484513
ENSMUSG00000075265.4	0
ENSMUSG00000075266.5	12.454452402343
ENSMUSG00000075267.9	0
ENSMUSG00000075268.2	119.55054557507
ENSMUSG00000075269.5	0
ENSMUSG00000075270.11	112.103055640452
ENSMUSG00000075271.4	43.8907296154743
ENSMUSG00000075272.4	0
ENSMUSG00000075273.4	89.6604590718787
ENSMUSG00000075276.5	0
ENSMUSG00000075277.5	0
ENSMUSG00000075279.5	430.822403230998
ENSMUSG00000075284.10	14.0831977546418
ENSMUSG00000075286.4	0
ENSMUSG00000075288.2	0
ENSMUSG00000075289.5	131.977313301506
ENSMUSG00000075296.5	15.0448579004658
ENSMUSG00000075297.10	64.8957517899511
ENSMUSG00000075302.10	70.6666490124455
ENSMUSG00000075304.2	42.045750402208
ENSMUSG00000075307.3	0
ENSMUSG00000075312.4	0
ENSMUSG00000075316.11	14.4101703192341
ENSMUSG00000075318.13	587.983782670662
ENSMUSG00000075324.13	10.6876269979483
ENSMUSG00000075325.3	0
ENSMUSG00000075327.10	169.285238733553
ENSMUSG00000075330.4	50.9062200019322
ENSMUSG00000075334.2	960.157120736135
ENSMUSG00000075335.3	0
ENSMUSG00000075359.2	0
ENSMUSG00000075370.12	0
ENSMUSG00000075376.10	137.062741693954
ENSMUSG00000075377.2	0
ENSMUSG00000075378.2	0
ENSMUSG00000075379.4	0
ENSMUSG00000075380.2	0
ENSMUSG00000075382.3	0
ENSMUSG00000075383.4	0
ENSMUSG00000075384.2	0
ENSMUSG00000075387.2	0
ENSMUSG00000075389.3	217.723589920122
ENSMUSG00000075390.5	0
ENSMUSG00000075391.6	1362.85439017324
ENSMUSG00000075394.4	112.550130384173
ENSMUSG00000075395.11	0
ENSMUSG00000075402.1	0
ENSMUSG00000075405.3	16.2051485733102
ENSMUSG00000075408.5	0
ENSMUSG00000075410.13	410.236396585316
ENSMUSG00000075415.13	830.67841966123
ENSMUSG00000075416.5	0
ENSMUSG00000075419.4	812.596487269525
ENSMUSG00000075420.6	0
ENSMUSG00000075425.10	0
ENSMUSG00000075427.15	0
ENSMUSG00000075431.6	0
ENSMUSG00000075437.4	0
ENSMUSG00000075463.3	0
ENSMUSG00000075465.2	0
ENSMUSG00000075467.4	1237.51653008196
ENSMUSG00000075469.3	0
ENSMUSG00000075470.2	202.350479780078
ENSMUSG00000075478.3	452.654033022949
ENSMUSG00000075480.2	0
ENSMUSG00000075486.10	3090.77979739598
ENSMUSG00000075502.2	3.52085405893423
ENSMUSG00000075510.3	16.6202626539781
ENSMUSG00000075511.9	3.63942687039719
ENSMUSG00000075512.5	0
ENSMUSG00000075514.4	281.858278421125
ENSMUSG00000075517.5	0
ENSMUSG00000075520.5	0
ENSMUSG00000075524.3	0
ENSMUSG00000075525.3	3.18130322558188
ENSMUSG00000075528.13	4360.39232396348
ENSMUSG00000075534.5	0
ENSMUSG00000075538.2	0
ENSMUSG00000075543.4	0
ENSMUSG00000075549.2	0
ENSMUSG00000075551.4	0
ENSMUSG00000075552.4	0
ENSMUSG00000075553.2	0
ENSMUSG00000075555.12	0
ENSMUSG00000075558.3	0
ENSMUSG00000075566.2	0
ENSMUSG00000075567.4	0
ENSMUSG00000075569.10	60.1178823562184
ENSMUSG00000075570.2	0
ENSMUSG00000075571.8	0
ENSMUSG00000075572.1	0
ENSMUSG00000075573.4	0
ENSMUSG00000075574.2	0
ENSMUSG00000075576.12	0
ENSMUSG00000075581.5	0
ENSMUSG00000075585.3	90.0006965601014
ENSMUSG00000075586.4	0
ENSMUSG00000075587.5	0
ENSMUSG00000075588.6	10.6047914513248
ENSMUSG00000075589.3	0
ENSMUSG00000075590.4	1109.55714654229
ENSMUSG00000075591.2	0
ENSMUSG00000075592.10	59.2883096381678
ENSMUSG00000075593.10	87.082787900441
ENSMUSG00000075595.9	132.812535316444
ENSMUSG00000075598.5	0
ENSMUSG00000075599.4	0
ENSMUSG00000075600.3	200.063138772428
ENSMUSG00000075602.10	100.127357740618
ENSMUSG00000075604.5	0
ENSMUSG00000075605.3	0
ENSMUSG00000075609.3	37.1296760700394
ENSMUSG00000075610.9	0
ENSMUSG00000075611.5	0
ENSMUSG00000075700.9	1750.73133785245
ENSMUSG00000075701.9	2593.2382615786
ENSMUSG00000075702.9	14659.950173292
ENSMUSG00000075703.15	583.820750250093
ENSMUSG00000075704.16	809.578545479899
ENSMUSG00000075705.12	1431.6304910583
ENSMUSG00000075706.10	28043.2712372246
ENSMUSG00000075707.5	26.8191162306287
ENSMUSG00000075719.1	0
ENSMUSG00000075726.1	0
ENSMUSG00000075760.1	0
ENSMUSG00000075770.1	0
ENSMUSG00000075826.1	0
ENSMUSG00000075829.1	0
ENSMUSG00000075832.1	0
ENSMUSG00000075833.1	0
ENSMUSG00000075837.1	0
ENSMUSG00000075864.1	0
ENSMUSG00000075874.1	0
ENSMUSG00000075893.1	0
ENSMUSG00000075903.1	0
ENSMUSG00000075906.1	0
ENSMUSG00000075908.1	0
ENSMUSG00000075918.1	0
ENSMUSG00000075934.1	0
ENSMUSG00000075952.1	0
ENSMUSG00000075958.1	0
ENSMUSG00000075968.1	0
ENSMUSG00000075973.1	0
ENSMUSG00000075983.1	0
ENSMUSG00000076005.1	0
ENSMUSG00000076006.2	0
ENSMUSG00000076009.1	0
ENSMUSG00000076010.1	0
ENSMUSG00000076011.1	0
ENSMUSG00000076012.1	0
ENSMUSG00000076014.1	0
ENSMUSG00000076028.1	0
ENSMUSG00000076030.1	0
ENSMUSG00000076031.1	0
ENSMUSG00000076033.1	0
ENSMUSG00000076036.1	0
ENSMUSG00000076037.1	0
ENSMUSG00000076038.1	0
ENSMUSG00000076039.1	0
ENSMUSG00000076041.1	0
ENSMUSG00000076042.1	0
ENSMUSG00000076049.4	0
ENSMUSG00000076050.1	0
ENSMUSG00000076051.1	0
ENSMUSG00000076052.1	0
ENSMUSG00000076060.1	0
ENSMUSG00000076062.1	0
ENSMUSG00000076063.1	0
ENSMUSG00000076064.1	0
ENSMUSG00000076065.1	0
ENSMUSG00000076066.1	0
ENSMUSG00000076067.1	0
ENSMUSG00000076068.1	0
ENSMUSG00000076117.1	0
ENSMUSG00000076118.1	0
ENSMUSG00000076119.1	0
ENSMUSG00000076120.1	0
ENSMUSG00000076121.1	0
ENSMUSG00000076122.1	0
ENSMUSG00000076123.1	0
ENSMUSG00000076126.1	0
ENSMUSG00000076127.1	0
ENSMUSG00000076128.1	0
ENSMUSG00000076129.1	0
ENSMUSG00000076135.1	0
ENSMUSG00000076136.1	0
ENSMUSG00000076137.1	0
ENSMUSG00000076138.1	0
ENSMUSG00000076140.1	0
ENSMUSG00000076141.1	0
ENSMUSG00000076142.1	0
ENSMUSG00000076143.1	0
ENSMUSG00000076144.1	0
ENSMUSG00000076145.1	0
ENSMUSG00000076146.1	0
ENSMUSG00000076147.1	0
ENSMUSG00000076163.1	0
ENSMUSG00000076180.1	0
ENSMUSG00000076190.1	0
ENSMUSG00000076199.1	0
ENSMUSG00000076212.1	0
ENSMUSG00000076214.1	0
ENSMUSG00000076216.1	0
ENSMUSG00000076217.1	0
ENSMUSG00000076218.1	0
ENSMUSG00000076219.1	0
ENSMUSG00000076222.1	0
ENSMUSG00000076227.1	0
ENSMUSG00000076228.1	0
ENSMUSG00000076229.1	0
ENSMUSG00000076230.1	0
ENSMUSG00000076231.1	0
ENSMUSG00000076232.1	0
ENSMUSG00000076233.1	0
ENSMUSG00000076234.1	0
ENSMUSG00000076236.1	0
ENSMUSG00000076237.1	0
ENSMUSG00000076238.1	0
ENSMUSG00000076240.1	0
ENSMUSG00000076241.2	0
ENSMUSG00000076246.1	0
ENSMUSG00000076251.1	0
ENSMUSG00000076252.1	0
ENSMUSG00000076253.1	0
ENSMUSG00000076255.2	0
ENSMUSG00000076256.1	0
ENSMUSG00000076258.1	0
ENSMUSG00000076269.1	0
ENSMUSG00000076270.1	0
ENSMUSG00000076271.1	0
ENSMUSG00000076272.1	0
ENSMUSG00000076274.1	0
ENSMUSG00000076275.1	0
ENSMUSG00000076281.1	0
ENSMUSG00000076282.1	0
ENSMUSG00000076284.1	0
ENSMUSG00000076286.1	0
ENSMUSG00000076287.1	0
ENSMUSG00000076288.1	0
ENSMUSG00000076294.1	0
ENSMUSG00000076300.1	0
ENSMUSG00000076303.1	0
ENSMUSG00000076304.1	0
ENSMUSG00000076305.1	0
ENSMUSG00000076309.2	0
ENSMUSG00000076312.1	0
ENSMUSG00000076313.1	0
ENSMUSG00000076315.2	0
ENSMUSG00000076316.1	0
ENSMUSG00000076318.1	0
ENSMUSG00000076320.1	0
ENSMUSG00000076323.1	0
ENSMUSG00000076327.1	0
ENSMUSG00000076332.1	0
ENSMUSG00000076333.1	0
ENSMUSG00000076335.1	0
ENSMUSG00000076337.1	0
ENSMUSG00000076338.1	0
ENSMUSG00000076343.1	0
ENSMUSG00000076355.2	0
ENSMUSG00000076357.2	0
ENSMUSG00000076360.1	0
ENSMUSG00000076361.1	0
ENSMUSG00000076364.1	0
ENSMUSG00000076366.1	0
ENSMUSG00000076370.1	0
ENSMUSG00000076371.1	0
ENSMUSG00000076372.2	0
ENSMUSG00000076376.1	0
ENSMUSG00000076377.1	0
ENSMUSG00000076379.2	0
ENSMUSG00000076382.1	0
ENSMUSG00000076385.1	0
ENSMUSG00000076387.1	0
ENSMUSG00000076389.1	0
ENSMUSG00000076392.1	0
ENSMUSG00000076394.1	0
ENSMUSG00000076395.1	0
ENSMUSG00000076396.1	0
ENSMUSG00000076398.1	0
ENSMUSG00000076399.1	0
ENSMUSG00000076407.1	0
ENSMUSG00000076424.1	0
ENSMUSG00000076430.1	0
ENSMUSG00000076431.4	70.6896519505998
ENSMUSG00000076432.13	9593.05278552178
ENSMUSG00000076433.4	12.9479699845626
ENSMUSG00000076434.9	0
ENSMUSG00000076435.3	28.5296359356606
ENSMUSG00000076436.1	0
ENSMUSG00000076437.10	1335.0069458512
ENSMUSG00000076438.5	0
ENSMUSG00000076439.12	333.24147386522
ENSMUSG00000076441.9	4165.41863987797
ENSMUSG00000076444.1	0
ENSMUSG00000076445.1	0
ENSMUSG00000076448.1	0
ENSMUSG00000076450.1	0
ENSMUSG00000076451.1	0
ENSMUSG00000076453.1	0
ENSMUSG00000076454.1	0
ENSMUSG00000076455.1	0
ENSMUSG00000076456.1	0
ENSMUSG00000076457.1	0
ENSMUSG00000076458.1	0
ENSMUSG00000076459.1	0
ENSMUSG00000076460.1	0
ENSMUSG00000076461.2	0
ENSMUSG00000076462.2	0
ENSMUSG00000076463.2	0
ENSMUSG00000076465.2	0
ENSMUSG00000076467.3	0
ENSMUSG00000076469.3	0
ENSMUSG00000076470.1	0
ENSMUSG00000076471.3	0
ENSMUSG00000076472.2	0
ENSMUSG00000076473.3	0
ENSMUSG00000076474.3	0
ENSMUSG00000076475.2	0
ENSMUSG00000076476.1	0
ENSMUSG00000076477.3	0
ENSMUSG00000076478.7	0
ENSMUSG00000076479.3	0
ENSMUSG00000076480.2	0
ENSMUSG00000076481.7	0
ENSMUSG00000076483.1	0
ENSMUSG00000076484.1	0
ENSMUSG00000076485.2	0
ENSMUSG00000076486.1	0
ENSMUSG00000076487.1	0
ENSMUSG00000076488.1	0
ENSMUSG00000076489.2	0
ENSMUSG00000076490.6	0
ENSMUSG00000076492.1	0
ENSMUSG00000076493.1	0
ENSMUSG00000076494.1	0
ENSMUSG00000076495.1	0
ENSMUSG00000076496.1	0
ENSMUSG00000076497.1	0
ENSMUSG00000076498.2	149.83545862867
ENSMUSG00000076499.3	0
ENSMUSG00000076500.2	0
ENSMUSG00000076501.2	0
ENSMUSG00000076505.1	0
ENSMUSG00000076508.3	0
ENSMUSG00000076512.2	0
ENSMUSG00000076514.3	0
ENSMUSG00000076518.6	0
ENSMUSG00000076522.2	0
ENSMUSG00000076523.2	0
ENSMUSG00000076525.3	0
ENSMUSG00000076526.6	0
ENSMUSG00000076530.4	0
ENSMUSG00000076531.1	0
ENSMUSG00000076532.3	0
ENSMUSG00000076533.3	0
ENSMUSG00000076534.6	0
ENSMUSG00000076535.1	0
ENSMUSG00000076536.3	0
ENSMUSG00000076538.1	0
ENSMUSG00000076539.3	0
ENSMUSG00000076540.3	0
ENSMUSG00000076541.3	0
ENSMUSG00000076543.2	0
ENSMUSG00000076545.2	0
ENSMUSG00000076547.2	0
ENSMUSG00000076548.1	0
ENSMUSG00000076549.2	0
ENSMUSG00000076550.3	0
ENSMUSG00000076552.3	0
ENSMUSG00000076555.3	0
ENSMUSG00000076556.3	0
ENSMUSG00000076557.2	0
ENSMUSG00000076562.1	0
ENSMUSG00000076563.2	0
ENSMUSG00000076564.2	0
ENSMUSG00000076569.3	0
ENSMUSG00000076570.6	0
ENSMUSG00000076571.2	0
ENSMUSG00000076572.6	0
ENSMUSG00000076573.6	0
ENSMUSG00000076575.6	0
ENSMUSG00000076576.2	0
ENSMUSG00000076577.2	0
ENSMUSG00000076578.3	0
ENSMUSG00000076580.3	0
ENSMUSG00000076581.1	0
ENSMUSG00000076583.1	0
ENSMUSG00000076586.2	0
ENSMUSG00000076587.3	0
ENSMUSG00000076589.2	0
ENSMUSG00000076591.3	0
ENSMUSG00000076594.2	0
ENSMUSG00000076596.3	0
ENSMUSG00000076598.3	0
ENSMUSG00000076604.1	0
ENSMUSG00000076605.2	0
ENSMUSG00000076606.3	0
ENSMUSG00000076607.1	0
ENSMUSG00000076608.2	0
ENSMUSG00000076609.2	0
ENSMUSG00000076612.8	0
ENSMUSG00000076613.4	3.21001788379349
ENSMUSG00000076614.7	0
ENSMUSG00000076615.4	0
ENSMUSG00000076617.9	512.076115514481
ENSMUSG00000076618.1	0
ENSMUSG00000076619.1	0
ENSMUSG00000076620.2	0
ENSMUSG00000076621.1	0
ENSMUSG00000076630.1	0
ENSMUSG00000076632.1	0
ENSMUSG00000076633.7	0
ENSMUSG00000076646.3	0
ENSMUSG00000076652.4	0
ENSMUSG00000076653.4	0
ENSMUSG00000076655.2	0
ENSMUSG00000076661.2	0
ENSMUSG00000076665.4	0
ENSMUSG00000076666.2	0
ENSMUSG00000076668.4	0
ENSMUSG00000076670.4	0
ENSMUSG00000076671.5	0
ENSMUSG00000076672.7	0
ENSMUSG00000076674.2	0
ENSMUSG00000076676.2	0
ENSMUSG00000076677.1	0
ENSMUSG00000076680.1	0
ENSMUSG00000076688.2	0
ENSMUSG00000076695.7	0
ENSMUSG00000076709.2	0
ENSMUSG00000076710.2	0
ENSMUSG00000076731.3	0
ENSMUSG00000076733.2	0
ENSMUSG00000076744.2	0
ENSMUSG00000076745.4	0
ENSMUSG00000076746.3	0
ENSMUSG00000076747.3	0
ENSMUSG00000076749.2	0
ENSMUSG00000076750.6	0
ENSMUSG00000076752.2	0
ENSMUSG00000076754.2	0
ENSMUSG00000076755.2	0
ENSMUSG00000076757.9	0
ENSMUSG00000076758.6	0
ENSMUSG00000076759.3	0
ENSMUSG00000076760.2	0
ENSMUSG00000076761.1	0
ENSMUSG00000076762.1	0
ENSMUSG00000076764.3	0
ENSMUSG00000076770.3	0
ENSMUSG00000076778.3	0
ENSMUSG00000076795.6	0
ENSMUSG00000076796.1	0
ENSMUSG00000076800.1	0
ENSMUSG00000076802.3	0
ENSMUSG00000076821.3	0
ENSMUSG00000076822.2	0
ENSMUSG00000076823.3	0
ENSMUSG00000076824.3	0
ENSMUSG00000076826.5	0
ENSMUSG00000076831.3	0
ENSMUSG00000076839.3	0
ENSMUSG00000076840.4	0
ENSMUSG00000076846.3	0
ENSMUSG00000076848.3	0
ENSMUSG00000076855.5	0
ENSMUSG00000076858.3	0
ENSMUSG00000076861.10	0
ENSMUSG00000076862.5	0
ENSMUSG00000076863.8	0
ENSMUSG00000076864.9	0
ENSMUSG00000076865.6	0
ENSMUSG00000076866.3	0
ENSMUSG00000076867.2	0
ENSMUSG00000076870.2	0
ENSMUSG00000076871.1	0
ENSMUSG00000076873.2	0
ENSMUSG00000076874.2	0
ENSMUSG00000076875.1	0
ENSMUSG00000076876.3	0
ENSMUSG00000076877.1	0
ENSMUSG00000076878.1	0
ENSMUSG00000076879.1	0
ENSMUSG00000076880.2	0
ENSMUSG00000076881.1	0
ENSMUSG00000076882.3	0
ENSMUSG00000076883.2	0
ENSMUSG00000076884.1	0
ENSMUSG00000076885.1	0
ENSMUSG00000076886.1	0
ENSMUSG00000076887.1	0
ENSMUSG00000076888.1	0
ENSMUSG00000076889.1	0
ENSMUSG00000076890.1	0
ENSMUSG00000076891.1	0
ENSMUSG00000076892.1	0
ENSMUSG00000076893.1	0
ENSMUSG00000076894.1	0
ENSMUSG00000076895.1	0
ENSMUSG00000076896.1	0
ENSMUSG00000076897.1	0
ENSMUSG00000076898.1	0
ENSMUSG00000076899.1	0
ENSMUSG00000076900.1	0
ENSMUSG00000076901.1	0
ENSMUSG00000076902.1	0
ENSMUSG00000076903.1	0
ENSMUSG00000076904.2	0
ENSMUSG00000076905.2	0
ENSMUSG00000076906.1	0
ENSMUSG00000076907.1	0
ENSMUSG00000076908.1	0
ENSMUSG00000076909.2	0
ENSMUSG00000076910.1	0
ENSMUSG00000076911.1	0
ENSMUSG00000076912.1	0
ENSMUSG00000076913.1	0
ENSMUSG00000076914.1	0
ENSMUSG00000076915.3	0
ENSMUSG00000076916.1	0
ENSMUSG00000076917.1	0
ENSMUSG00000076918.1	0
ENSMUSG00000076919.1	0
ENSMUSG00000076920.1	0
ENSMUSG00000076921.1	0
ENSMUSG00000076922.1	0
ENSMUSG00000076923.1	0
ENSMUSG00000076924.1	0
ENSMUSG00000076925.2	0
ENSMUSG00000076926.1	0
ENSMUSG00000076927.3	0
ENSMUSG00000076928.5	23.4540391924924
ENSMUSG00000076934.2	0
ENSMUSG00000076937.3	0
ENSMUSG00000076939.2	0
ENSMUSG00000076940.3	0
ENSMUSG00000076941.1	0
ENSMUSG00000076944.1	0
ENSMUSG00000076946.2	0
ENSMUSG00000076948.2	0
ENSMUSG00000076949.1	0
ENSMUSG00000076950.1	0
ENSMUSG00000076951.1	0
ENSMUSG00000076952.1	0
ENSMUSG00000076956.2	0
ENSMUSG00000076958.1	0
ENSMUSG00000076959.1	0
ENSMUSG00000076961.1	0
ENSMUSG00000076964.1	0
ENSMUSG00000076966.2	0
ENSMUSG00000076972.2	0
ENSMUSG00000076976.2	0
ENSMUSG00000076977.1	0
ENSMUSG00000076983.2	0
ENSMUSG00000076987.1	0
ENSMUSG00000076994.2	0
ENSMUSG00000076999.1	0
ENSMUSG00000077001.2	0
ENSMUSG00000077004.1	0
ENSMUSG00000077010.1	0
ENSMUSG00000077015.1	0
ENSMUSG00000077019.1	0
ENSMUSG00000077021.2	0
ENSMUSG00000077022.1	0
ENSMUSG00000077025.2	0
ENSMUSG00000077038.1	0
ENSMUSG00000077039.1	0
ENSMUSG00000077040.1	0
ENSMUSG00000077042.2	0
ENSMUSG00000077049.2	0
ENSMUSG00000077050.1	0
ENSMUSG00000077055.1	0
ENSMUSG00000077058.1	0
ENSMUSG00000077059.1	0
ENSMUSG00000077065.1	0
ENSMUSG00000077081.1	0
ENSMUSG00000077082.1	0
ENSMUSG00000077085.1	0
ENSMUSG00000077086.1	0
ENSMUSG00000077090.1	0
ENSMUSG00000077092.1	0
ENSMUSG00000077095.1	0
ENSMUSG00000077096.1	0
ENSMUSG00000077104.1	0
ENSMUSG00000077107.1	0
ENSMUSG00000077110.1	0
ENSMUSG00000077111.2	0
ENSMUSG00000077113.2	0
ENSMUSG00000077119.1	0
ENSMUSG00000077125.1	0
ENSMUSG00000077127.1	0
ENSMUSG00000077131.1	0
ENSMUSG00000077138.2	0
ENSMUSG00000077142.1	0
ENSMUSG00000077143.1	0
ENSMUSG00000077144.1	0
ENSMUSG00000077146.1	0
ENSMUSG00000077148.1	0
ENSMUSG00000077149.1	0
ENSMUSG00000077150.1	0
ENSMUSG00000077152.1	0
ENSMUSG00000077153.1	0
ENSMUSG00000077155.1	0
ENSMUSG00000077156.1	0
ENSMUSG00000077158.1	0
ENSMUSG00000077160.1	0
ENSMUSG00000077161.1	0
ENSMUSG00000077163.1	0
ENSMUSG00000077166.1	0
ENSMUSG00000077167.1	0
ENSMUSG00000077169.1	0
ENSMUSG00000077171.1	0
ENSMUSG00000077172.1	0
ENSMUSG00000077174.1	0
ENSMUSG00000077175.1	0
ENSMUSG00000077176.1	0
ENSMUSG00000077177.1	0
ENSMUSG00000077178.1	0
ENSMUSG00000077180.1	0
ENSMUSG00000077181.1	0
ENSMUSG00000077184.1	0
ENSMUSG00000077185.1	0
ENSMUSG00000077188.1	0
ENSMUSG00000077190.1	0
ENSMUSG00000077191.1	0
ENSMUSG00000077192.3	0
ENSMUSG00000077194.1	0
ENSMUSG00000077196.1	0
ENSMUSG00000077197.1	0
ENSMUSG00000077199.2	0
ENSMUSG00000077200.1	0
ENSMUSG00000077201.1	0
ENSMUSG00000077202.1	0
ENSMUSG00000077204.1	0
ENSMUSG00000077205.1	0
ENSMUSG00000077207.1	0
ENSMUSG00000077208.1	0
ENSMUSG00000077209.1	0
ENSMUSG00000077212.1	0
ENSMUSG00000077214.1	0
ENSMUSG00000077215.1	0
ENSMUSG00000077217.1	0
ENSMUSG00000077218.1	0
ENSMUSG00000077220.1	0
ENSMUSG00000077221.1	0
ENSMUSG00000077222.1	0
ENSMUSG00000077223.1	0
ENSMUSG00000077224.1	0
ENSMUSG00000077227.1	0
ENSMUSG00000077228.1	0
ENSMUSG00000077230.1	0
ENSMUSG00000077231.1	0
ENSMUSG00000077235.1	0
ENSMUSG00000077236.1	0
ENSMUSG00000077237.1	0
ENSMUSG00000077239.1	0
ENSMUSG00000077240.1	0
ENSMUSG00000077241.1	0
ENSMUSG00000077243.1	0
ENSMUSG00000077244.1	0
ENSMUSG00000077246.1	0
ENSMUSG00000077248.1	0
ENSMUSG00000077250.1	0
ENSMUSG00000077251.1	0
ENSMUSG00000077252.1	0
ENSMUSG00000077253.1	0
ENSMUSG00000077254.1	0
ENSMUSG00000077255.1	0
ENSMUSG00000077256.1	0
ENSMUSG00000077257.1	0
ENSMUSG00000077258.1	0
ENSMUSG00000077259.1	0
ENSMUSG00000077260.1	0
ENSMUSG00000077261.1	0
ENSMUSG00000077262.1	0
ENSMUSG00000077263.1	0
ENSMUSG00000077264.1	0
ENSMUSG00000077265.1	0
ENSMUSG00000077268.1	0
ENSMUSG00000077269.1	0
ENSMUSG00000077270.1	0
ENSMUSG00000077271.1	0
ENSMUSG00000077272.1	0
ENSMUSG00000077273.1	0
ENSMUSG00000077274.1	0
ENSMUSG00000077275.1	0
ENSMUSG00000077276.1	0
ENSMUSG00000077277.1	0
ENSMUSG00000077278.1	0
ENSMUSG00000077279.1	0
ENSMUSG00000077280.1	0
ENSMUSG00000077281.1	0
ENSMUSG00000077282.1	0
ENSMUSG00000077283.1	0
ENSMUSG00000077285.1	0
ENSMUSG00000077287.1	0
ENSMUSG00000077288.1	0
ENSMUSG00000077289.1	0
ENSMUSG00000077290.1	0
ENSMUSG00000077291.1	0
ENSMUSG00000077292.1	0
ENSMUSG00000077293.1	0
ENSMUSG00000077294.1	0
ENSMUSG00000077295.1	0
ENSMUSG00000077298.1	0
ENSMUSG00000077299.1	0
ENSMUSG00000077302.1	0
ENSMUSG00000077303.1	0
ENSMUSG00000077304.1	0
ENSMUSG00000077305.1	0
ENSMUSG00000077306.1	0
ENSMUSG00000077309.1	0
ENSMUSG00000077312.1	0
ENSMUSG00000077314.1	0
ENSMUSG00000077315.1	0
ENSMUSG00000077316.1	0
ENSMUSG00000077317.1	0
ENSMUSG00000077318.1	0
ENSMUSG00000077320.1	0
ENSMUSG00000077323.1	0
ENSMUSG00000077325.1	0
ENSMUSG00000077327.1	0
ENSMUSG00000077328.1	0
ENSMUSG00000077332.1	0
ENSMUSG00000077333.1	0
ENSMUSG00000077334.1	0
ENSMUSG00000077336.1	0
ENSMUSG00000077337.1	0
ENSMUSG00000077338.1	0
ENSMUSG00000077339.1	0
ENSMUSG00000077342.1	0
ENSMUSG00000077344.1	0
ENSMUSG00000077345.1	0
ENSMUSG00000077347.1	0
ENSMUSG00000077348.1	0
ENSMUSG00000077349.1	0
ENSMUSG00000077350.1	0
ENSMUSG00000077351.2	0
ENSMUSG00000077354.1	0
ENSMUSG00000077356.1	0
ENSMUSG00000077357.1	0
ENSMUSG00000077358.1	0
ENSMUSG00000077359.1	0
ENSMUSG00000077360.1	0
ENSMUSG00000077361.1	0
ENSMUSG00000077366.1	0
ENSMUSG00000077367.1	0
ENSMUSG00000077368.1	0
ENSMUSG00000077369.1	0
ENSMUSG00000077376.1	0
ENSMUSG00000077377.1	0
ENSMUSG00000077378.1	0
ENSMUSG00000077379.1	0
ENSMUSG00000077380.1	0
ENSMUSG00000077381.1	0
ENSMUSG00000077382.1	0
ENSMUSG00000077383.1	0
ENSMUSG00000077384.1	0
ENSMUSG00000077385.1	0
ENSMUSG00000077387.1	0
ENSMUSG00000077391.1	0
ENSMUSG00000077392.1	0
ENSMUSG00000077393.1	0
ENSMUSG00000077394.1	0
ENSMUSG00000077396.1	0
ENSMUSG00000077397.1	0
ENSMUSG00000077398.1	0
ENSMUSG00000077399.1	0
ENSMUSG00000077400.1	0
ENSMUSG00000077401.1	0
ENSMUSG00000077402.1	0
ENSMUSG00000077403.2	0
ENSMUSG00000077404.1	0
ENSMUSG00000077406.1	0
ENSMUSG00000077407.1	0
ENSMUSG00000077408.1	0
ENSMUSG00000077409.1	0
ENSMUSG00000077410.1	0
ENSMUSG00000077411.1	0
ENSMUSG00000077413.1	0
ENSMUSG00000077415.1	0
ENSMUSG00000077416.1	0
ENSMUSG00000077417.1	0
ENSMUSG00000077418.1	0
ENSMUSG00000077419.1	0
ENSMUSG00000077420.1	0
ENSMUSG00000077421.1	0
ENSMUSG00000077422.1	0
ENSMUSG00000077424.1	0
ENSMUSG00000077425.1	0
ENSMUSG00000077426.1	0
ENSMUSG00000077427.1	0
ENSMUSG00000077428.1	0
ENSMUSG00000077430.1	0
ENSMUSG00000077431.1	0
ENSMUSG00000077433.1	0
ENSMUSG00000077435.1	0
ENSMUSG00000077437.1	0
ENSMUSG00000077438.1	0
ENSMUSG00000077439.1	0
ENSMUSG00000077440.1	0
ENSMUSG00000077441.1	0
ENSMUSG00000077442.1	0
ENSMUSG00000077443.1	0
ENSMUSG00000077445.1	0
ENSMUSG00000077447.1	0
ENSMUSG00000077448.1	0
ENSMUSG00000077449.1	0
ENSMUSG00000077450.13	9856.7733252372
ENSMUSG00000077451.1	0
ENSMUSG00000077453.1	0
ENSMUSG00000077454.1	0
ENSMUSG00000077455.1	0
ENSMUSG00000077456.1	0
ENSMUSG00000077457.1	0
ENSMUSG00000077459.1	0
ENSMUSG00000077460.1	0
ENSMUSG00000077461.1	0
ENSMUSG00000077462.1	0
ENSMUSG00000077463.1	0
ENSMUSG00000077464.1	0
ENSMUSG00000077465.1	0
ENSMUSG00000077467.1	0
ENSMUSG00000077468.1	0
ENSMUSG00000077469.1	0
ENSMUSG00000077470.1	0
ENSMUSG00000077471.1	0
ENSMUSG00000077472.1	0
ENSMUSG00000077473.1	0
ENSMUSG00000077474.1	0
ENSMUSG00000077476.1	0
ENSMUSG00000077477.1	0
ENSMUSG00000077480.1	0
ENSMUSG00000077481.1	0
ENSMUSG00000077483.1	0
ENSMUSG00000077484.1	0
ENSMUSG00000077485.1	0
ENSMUSG00000077487.1	0
ENSMUSG00000077488.1	0
ENSMUSG00000077492.1	0
ENSMUSG00000077493.1	0
ENSMUSG00000077494.1	0
ENSMUSG00000077495.1	0
ENSMUSG00000077497.1	0
ENSMUSG00000077499.1	0
ENSMUSG00000077501.1	0
ENSMUSG00000077502.1	0
ENSMUSG00000077503.1	0
ENSMUSG00000077504.1	0
ENSMUSG00000077505.1	0
ENSMUSG00000077506.1	0
ENSMUSG00000077507.1	0
ENSMUSG00000077511.1	0
ENSMUSG00000077514.1	0
ENSMUSG00000077515.1	0
ENSMUSG00000077516.1	0
ENSMUSG00000077517.1	0
ENSMUSG00000077518.1	0
ENSMUSG00000077519.1	0
ENSMUSG00000077521.1	0
ENSMUSG00000077522.1	0
ENSMUSG00000077524.1	0
ENSMUSG00000077526.1	0
ENSMUSG00000077527.1	0
ENSMUSG00000077528.1	0
ENSMUSG00000077535.1	0
ENSMUSG00000077537.1	0
ENSMUSG00000077538.1	0
ENSMUSG00000077539.1	0
ENSMUSG00000077541.1	0
ENSMUSG00000077542.1	0
ENSMUSG00000077543.1	0
ENSMUSG00000077545.1	0
ENSMUSG00000077546.1	0
ENSMUSG00000077547.1	0
ENSMUSG00000077549.1	0
ENSMUSG00000077552.1	0
ENSMUSG00000077553.1	0
ENSMUSG00000077554.1	0
ENSMUSG00000077555.1	0
ENSMUSG00000077557.1	0
ENSMUSG00000077558.1	0
ENSMUSG00000077559.1	0
ENSMUSG00000077561.1	0
ENSMUSG00000077562.1	0
ENSMUSG00000077563.1	0
ENSMUSG00000077564.1	0
ENSMUSG00000077565.1	0
ENSMUSG00000077567.1	0
ENSMUSG00000077569.1	0
ENSMUSG00000077571.1	0
ENSMUSG00000077572.1	0
ENSMUSG00000077574.1	0
ENSMUSG00000077575.1	0
ENSMUSG00000077576.1	0
ENSMUSG00000077577.1	0
ENSMUSG00000077578.1	0
ENSMUSG00000077579.1	0
ENSMUSG00000077581.1	0
ENSMUSG00000077582.1	0
ENSMUSG00000077585.1	0
ENSMUSG00000077586.1	0
ENSMUSG00000077587.1	0
ENSMUSG00000077588.1	0
ENSMUSG00000077590.1	0
ENSMUSG00000077591.1	0
ENSMUSG00000077592.1	0
ENSMUSG00000077593.1	0
ENSMUSG00000077594.1	0
ENSMUSG00000077595.1	0
ENSMUSG00000077597.1	0
ENSMUSG00000077598.1	0
ENSMUSG00000077599.1	0
ENSMUSG00000077601.1	0
ENSMUSG00000077602.1	0
ENSMUSG00000077603.1	0
ENSMUSG00000077604.1	0
ENSMUSG00000077607.1	0
ENSMUSG00000077608.1	0
ENSMUSG00000077609.1	0
ENSMUSG00000077611.1	0
ENSMUSG00000077612.1	0
ENSMUSG00000077613.1	0
ENSMUSG00000077614.1	0
ENSMUSG00000077615.1	0
ENSMUSG00000077616.1	0
ENSMUSG00000077617.1	0
ENSMUSG00000077618.1	0
ENSMUSG00000077619.1	0
ENSMUSG00000077620.1	0
ENSMUSG00000077621.1	0
ENSMUSG00000077622.1	0
ENSMUSG00000077624.1	0
ENSMUSG00000077625.1	0
ENSMUSG00000077627.1	0
ENSMUSG00000077628.1	0
ENSMUSG00000077629.1	0
ENSMUSG00000077630.1	0
ENSMUSG00000077633.1	0
ENSMUSG00000077635.1	0
ENSMUSG00000077637.1	0
ENSMUSG00000077639.1	0
ENSMUSG00000077640.1	0
ENSMUSG00000077641.1	0
ENSMUSG00000077642.1	0
ENSMUSG00000077643.1	0
ENSMUSG00000077644.1	0
ENSMUSG00000077645.1	0
ENSMUSG00000077647.1	0
ENSMUSG00000077648.1	0
ENSMUSG00000077649.1	0
ENSMUSG00000077650.1	0
ENSMUSG00000077652.1	0
ENSMUSG00000077653.1	0
ENSMUSG00000077655.1	0
ENSMUSG00000077659.1	0
ENSMUSG00000077660.1	0
ENSMUSG00000077661.1	0
ENSMUSG00000077663.1	0
ENSMUSG00000077664.1	0
ENSMUSG00000077666.1	0
ENSMUSG00000077667.1	0
ENSMUSG00000077668.1	0
ENSMUSG00000077669.1	0
ENSMUSG00000077671.1	0
ENSMUSG00000077672.1	0
ENSMUSG00000077673.1	0
ENSMUSG00000077674.1	0
ENSMUSG00000077675.1	0
ENSMUSG00000077677.1	0
ENSMUSG00000077678.1	0
ENSMUSG00000077680.1	0
ENSMUSG00000077681.1	0
ENSMUSG00000077682.1	0
ENSMUSG00000077683.1	0
ENSMUSG00000077685.1	0
ENSMUSG00000077687.1	0
ENSMUSG00000077689.1	0
ENSMUSG00000077691.1	0
ENSMUSG00000077693.1	0
ENSMUSG00000077696.1	0
ENSMUSG00000077697.1	0
ENSMUSG00000077698.1	0
ENSMUSG00000077700.1	0
ENSMUSG00000077701.1	0
ENSMUSG00000077702.1	0
ENSMUSG00000077703.1	0
ENSMUSG00000077704.1	0
ENSMUSG00000077705.1	0
ENSMUSG00000077706.1	0
ENSMUSG00000077707.1	0
ENSMUSG00000077708.1	0
ENSMUSG00000077709.1	0
ENSMUSG00000077710.1	0
ENSMUSG00000077711.1	0
ENSMUSG00000077713.1	0
ENSMUSG00000077714.1	0
ENSMUSG00000077716.1	0
ENSMUSG00000077717.1	0
ENSMUSG00000077718.1	0
ENSMUSG00000077719.1	0
ENSMUSG00000077726.1	0
ENSMUSG00000077728.1	0
ENSMUSG00000077730.1	0
ENSMUSG00000077733.1	0
ENSMUSG00000077734.1	0
ENSMUSG00000077735.1	0
ENSMUSG00000077736.1	0
ENSMUSG00000077737.1	0
ENSMUSG00000077738.1	0
ENSMUSG00000077741.1	0
ENSMUSG00000077743.1	0
ENSMUSG00000077744.1	0
ENSMUSG00000077745.1	0
ENSMUSG00000077749.1	0
ENSMUSG00000077750.1	0
ENSMUSG00000077752.1	0
ENSMUSG00000077755.1	0
ENSMUSG00000077756.1	0
ENSMUSG00000077757.1	0
ENSMUSG00000077758.1	0
ENSMUSG00000077759.1	0
ENSMUSG00000077761.1	0
ENSMUSG00000077767.1	0
ENSMUSG00000077768.1	0
ENSMUSG00000077769.1	0
ENSMUSG00000077771.1	0
ENSMUSG00000077772.1	0
ENSMUSG00000077776.1	0
ENSMUSG00000077777.1	0
ENSMUSG00000077780.1	0
ENSMUSG00000077782.1	0
ENSMUSG00000077783.1	0
ENSMUSG00000077784.1	0
ENSMUSG00000077785.1	0
ENSMUSG00000077786.1	0
ENSMUSG00000077787.1	0
ENSMUSG00000077789.1	0
ENSMUSG00000077791.1	0
ENSMUSG00000077792.1	0
ENSMUSG00000077793.1	0
ENSMUSG00000077794.1	0
ENSMUSG00000077795.1	0
ENSMUSG00000077796.1	0
ENSMUSG00000077797.1	0
ENSMUSG00000077799.1	0
ENSMUSG00000077802.1	0
ENSMUSG00000077804.1	0
ENSMUSG00000077815.1	0
ENSMUSG00000077821.3	0
ENSMUSG00000077829.1	0
ENSMUSG00000077830.1	0
ENSMUSG00000077832.1	0
ENSMUSG00000077834.1	0
ENSMUSG00000077836.2	0
ENSMUSG00000077844.1	0
ENSMUSG00000077846.1	0
ENSMUSG00000077847.1	0
ENSMUSG00000077851.1	0
ENSMUSG00000077857.1	0
ENSMUSG00000077858.1	0
ENSMUSG00000077869.1	0
ENSMUSG00000077872.1	0
ENSMUSG00000077879.1	0
ENSMUSG00000077881.1	0
ENSMUSG00000077884.2	0
ENSMUSG00000077886.1	0
ENSMUSG00000077890.1	0
ENSMUSG00000077892.1	0
ENSMUSG00000077896.1	0
ENSMUSG00000077897.1	0
ENSMUSG00000077902.1	0
ENSMUSG00000077903.1	0
ENSMUSG00000077921.1	0
ENSMUSG00000077925.1	0
ENSMUSG00000077928.1	0
ENSMUSG00000077931.1	0
ENSMUSG00000077938.1	0
ENSMUSG00000077939.1	0
ENSMUSG00000077941.1	0
ENSMUSG00000077948.2	0
ENSMUSG00000077954.1	0
ENSMUSG00000077962.1	0
ENSMUSG00000077965.1	0
ENSMUSG00000077971.1	0
ENSMUSG00000077972.1	0
ENSMUSG00000077980.1	0
ENSMUSG00000077981.1	0
ENSMUSG00000077990.1	0
ENSMUSG00000077991.1	0
ENSMUSG00000077996.1	0
ENSMUSG00000077998.1	0
ENSMUSG00000078002.1	0
ENSMUSG00000078006.1	0
ENSMUSG00000078008.1	0
ENSMUSG00000078017.1	0
ENSMUSG00000078024.1	0
ENSMUSG00000078025.1	0
ENSMUSG00000078026.1	0
ENSMUSG00000078027.1	0
ENSMUSG00000078031.1	0
ENSMUSG00000078032.1	0
ENSMUSG00000078034.1	0
ENSMUSG00000078035.1	0
ENSMUSG00000078038.1	0
ENSMUSG00000078041.1	0
ENSMUSG00000078042.1	0
ENSMUSG00000078057.1	0
ENSMUSG00000078060.1	0
ENSMUSG00000078061.1	0
ENSMUSG00000078080.6	0
ENSMUSG00000078087.5	0
ENSMUSG00000078091.2	0
ENSMUSG00000078097.3	0
ENSMUSG00000078116.4	0
ENSMUSG00000078117.2	35.7031817886224
ENSMUSG00000078118.5	0
ENSMUSG00000078122.4	0
ENSMUSG00000078123.3	0
ENSMUSG00000078125.2	4.69125728532267
ENSMUSG00000078126.4	362.422558003264
ENSMUSG00000078127.3	0
ENSMUSG00000078128.1	0
ENSMUSG00000078129.3	0
ENSMUSG00000078130.4	0
ENSMUSG00000078131.1	0
ENSMUSG00000078132.1	0
ENSMUSG00000078134.1	44.7019811331225
ENSMUSG00000078137.1	1512.57464684162
ENSMUSG00000078139.3	54.4228917084747
ENSMUSG00000078141.3	0
ENSMUSG00000078143.3	0
ENSMUSG00000078144.4	0
ENSMUSG00000078151.3	0
ENSMUSG00000078153.3	53.2571390082532
ENSMUSG00000078154.3	17.1871586725624
ENSMUSG00000078157.1	12.9347362725173
ENSMUSG00000078161.8	264.556042634621
ENSMUSG00000078162.6	4.11524748391467
ENSMUSG00000078173.3	39.3299991786745
ENSMUSG00000078177.3	0
ENSMUSG00000078179.1	0
ENSMUSG00000078180.4	107.460426004579
ENSMUSG00000078182.4	0
ENSMUSG00000078183.3	0
ENSMUSG00000078184.1	5.24610563209211
ENSMUSG00000078185.3	41.3095003233452
ENSMUSG00000078190.7	0
ENSMUSG00000078192.5	0
ENSMUSG00000078193.2	556.75784032893
ENSMUSG00000078197.2	0
ENSMUSG00000078198.2	0
ENSMUSG00000078201.5	667.787311079703
ENSMUSG00000078202.3	63.1202183533379
ENSMUSG00000078206.1	0
ENSMUSG00000078208.1	0
ENSMUSG00000078210.3	0
ENSMUSG00000078212.4	0
ENSMUSG00000078213.3	0
ENSMUSG00000078214.5	0
ENSMUSG00000078218.2	0
ENSMUSG00000078234.6	17.9583657266394
ENSMUSG00000078235.3	978.222947949973
ENSMUSG00000078238.4	0
ENSMUSG00000078240.2	3.1326755761322
ENSMUSG00000078247.5	289.161414775059
ENSMUSG00000078249.5	2405.96999996624
ENSMUSG00000078251.2	0
ENSMUSG00000078252.1	0
ENSMUSG00000078253.3	0
ENSMUSG00000078254.1	0
ENSMUSG00000078255.1	0
ENSMUSG00000078256.3	0
ENSMUSG00000078257.2	0
ENSMUSG00000078258.1	0
ENSMUSG00000078259.3	0
ENSMUSG00000078260.1	0
ENSMUSG00000078261.1	0
ENSMUSG00000078262.5	0
ENSMUSG00000078263.1	0
ENSMUSG00000078269.1	0
ENSMUSG00000078270.3	0
ENSMUSG00000078276.1	0
ENSMUSG00000078280.1	0
ENSMUSG00000078289.2	0
ENSMUSG00000078291.1	126.02794823591
ENSMUSG00000078300.3	91.2909522729383
ENSMUSG00000078302.5	2.92059285597142
ENSMUSG00000078307.3	2511.13144304196
ENSMUSG00000078308.2	0
ENSMUSG00000078314.2	0
ENSMUSG00000078315.5	0
ENSMUSG00000078317.6	574.950230519994
ENSMUSG00000078320.4	0
ENSMUSG00000078324.2	0
ENSMUSG00000078346.3	0
ENSMUSG00000078348.4	834.351024446495
ENSMUSG00000078349.3	143.036982392805
ENSMUSG00000078350.11	589.792337964218
ENSMUSG00000078354.1	0
ENSMUSG00000078355.1	0
ENSMUSG00000078365.5	0
ENSMUSG00000078370.1	7.07797597965313
ENSMUSG00000078377.5	0
ENSMUSG00000078380.1	0
ENSMUSG00000078420.6	0
ENSMUSG00000078427.3	2017.29568992471
ENSMUSG00000078429.9	389.967593278117
ENSMUSG00000078430.3	0
ENSMUSG00000078435.5	45.8857117063113
ENSMUSG00000078439.9	34.6601530406705
ENSMUSG00000078440.10	3350.07113229384
ENSMUSG00000078442.3	14.0492083385631
ENSMUSG00000078444.3	97.2046424968655
ENSMUSG00000078451.5	131.816386369181
ENSMUSG00000078452.10	0
ENSMUSG00000078453.3	434.259235703078
ENSMUSG00000078480.3	515.819820290405
ENSMUSG00000078481.1	0
ENSMUSG00000078485.3	339.768097195625
ENSMUSG00000078486.3	1.27243389779471
ENSMUSG00000078487.8	0
ENSMUSG00000078488.1	0
ENSMUSG00000078489.2	0
ENSMUSG00000078490.10	342.937540018902
ENSMUSG00000078491.2	0
ENSMUSG00000078492.3	0
ENSMUSG00000078494.5	0
ENSMUSG00000078495.10	0
ENSMUSG00000078496.9	0
ENSMUSG00000078497.9	0
ENSMUSG00000078498.5	0
ENSMUSG00000078500.3	0
ENSMUSG00000078502.10	0
ENSMUSG00000078503.9	25.6349174836646
ENSMUSG00000078504.2	0
ENSMUSG00000078505.1	0
ENSMUSG00000078506.1	0
ENSMUSG00000078507.1	0
ENSMUSG00000078508.1	0
ENSMUSG00000078509.1	0
ENSMUSG00000078510.3	0
ENSMUSG00000078511.3	0
ENSMUSG00000078512.8	0
ENSMUSG00000078513.2	0
ENSMUSG00000078515.4	174.625197601778
ENSMUSG00000078517.12	1410.25667279531
ENSMUSG00000078518.1	0
ENSMUSG00000078519.3	0
ENSMUSG00000078520.3	0
ENSMUSG00000078521.2	47.0094848246909
ENSMUSG00000078528.2	1.85306301378459
ENSMUSG00000078531.3	0
ENSMUSG00000078532.9	421.283643465779
ENSMUSG00000078537.3	0
ENSMUSG00000078546.8	40.3945014971151
ENSMUSG00000078552.10	51.3426515951637
ENSMUSG00000078554.2	98.2904623278697
ENSMUSG00000078566.8	4187.01780578474
ENSMUSG00000078570.10	2363.41727978868
ENSMUSG00000078572.3	1906.79622309904
ENSMUSG00000078575.2	0
ENSMUSG00000078576.1	0
ENSMUSG00000078577.3	0
ENSMUSG00000078578.9	1863.2671421191
ENSMUSG00000078580.3	66.0761115119586
ENSMUSG00000078584.9	810.101089836181
ENSMUSG00000078586.3	0
ENSMUSG00000078588.10	50.2041778202432
ENSMUSG00000078590.1	0
ENSMUSG00000078591.1	838.315363916874
ENSMUSG00000078592.2	29.6019723619394
ENSMUSG00000078593.2	0
ENSMUSG00000078597.2	0
ENSMUSG00000078598.11	0
ENSMUSG00000078599.9	0
ENSMUSG00000078600.1	0
ENSMUSG00000078601.4	32.7860846301724
ENSMUSG00000078604.1	0
ENSMUSG00000078605.2	0
ENSMUSG00000078606.8	0
ENSMUSG00000078607.6	102.961993891464
ENSMUSG00000078611.3	0
ENSMUSG00000078612.9	0
ENSMUSG00000078616.2	0
ENSMUSG00000078618.3	0
ENSMUSG00000078619.10	215.757821872857
ENSMUSG00000078620.1	0
ENSMUSG00000078621.2	0
ENSMUSG00000078622.8	2498.70121082959
ENSMUSG00000078624.4	0
ENSMUSG00000078625.10	0
ENSMUSG00000078626.2	0
ENSMUSG00000078627.9	65.864403330818
ENSMUSG00000078630.8	0
ENSMUSG00000078632.4	0
ENSMUSG00000078635.3	0
ENSMUSG00000078636.4	1131.33041067027
ENSMUSG00000078639.1	0
ENSMUSG00000078640.9	57.8626892811312
ENSMUSG00000078648.3	41.4601274326161
ENSMUSG00000078650.2	0
ENSMUSG00000078651.8	59.5050740960805
ENSMUSG00000078652.9	2517.33870943452
ENSMUSG00000078653.4	0
ENSMUSG00000078656.11	4601.13517569687
ENSMUSG00000078657.6	0
ENSMUSG00000078664.2	0
ENSMUSG00000078668.3	0
ENSMUSG00000078670.3	882.713094519293
ENSMUSG00000078671.11	347.46768310239
ENSMUSG00000078672.2	0
ENSMUSG00000078673.10	0
ENSMUSG00000078674.2	0
ENSMUSG00000078675.9	0
ENSMUSG00000078676.9	977.559452075775
ENSMUSG00000078677.1	0
ENSMUSG00000078680.3	0
ENSMUSG00000078681.10	5580.80456213108
ENSMUSG00000078683.9	0
ENSMUSG00000078684.8	46.4301041721015
ENSMUSG00000078685.6	0
ENSMUSG00000078686.11	0
ENSMUSG00000078687.9	0
ENSMUSG00000078688.11	0
ENSMUSG00000078689.8	0
ENSMUSG00000078691.3	0
ENSMUSG00000078695.8	3161.26669889034
ENSMUSG00000078698.3	0
ENSMUSG00000078700.10	102.461422491032
ENSMUSG00000078706.4	0
ENSMUSG00000078713.8	5055.89286954967
ENSMUSG00000078716.10	859.919055503478
ENSMUSG00000078719.2	0
ENSMUSG00000078721.1	0
ENSMUSG00000078722.2	0
ENSMUSG00000078735.4	0
ENSMUSG00000078737.3	0
ENSMUSG00000078742.1	0
ENSMUSG00000078746.2	0
ENSMUSG00000078747.9	584.569266481865
ENSMUSG00000078752.3	0
ENSMUSG00000078753.3	0
ENSMUSG00000078754.2	0
ENSMUSG00000078757.4	0
ENSMUSG00000078759.3	0
ENSMUSG00000078762.10	162.007571032989
ENSMUSG00000078763.2	0
ENSMUSG00000078765.11	2662.17226187224
ENSMUSG00000078768.2	214.883210837633
ENSMUSG00000078771.10	164.232582505369
ENSMUSG00000078772.2	0
ENSMUSG00000078773.11	0
ENSMUSG00000078776.9	0
ENSMUSG00000078779.4	48.1992392337872
ENSMUSG00000078780.7	0
ENSMUSG00000078783.1	0
ENSMUSG00000078784.8	4435.29263721338
ENSMUSG00000078786.9	405.854446107468
ENSMUSG00000078787.9	0
ENSMUSG00000078789.9	323.355890967341
ENSMUSG00000078793.10	0
ENSMUSG00000078794.4	1278.16113000978
ENSMUSG00000078795.2	0
ENSMUSG00000078796.4	2.02297888259332
ENSMUSG00000078798.4	0
ENSMUSG00000078799.5	24.1077658405819
ENSMUSG00000078800.5	0
ENSMUSG00000078808.5	0
ENSMUSG00000078810.4	0
ENSMUSG00000078812.10	17384.2934155826
ENSMUSG00000078813.3	396.897345440545
ENSMUSG00000078815.8	16.3766250213695
ENSMUSG00000078816.9	5383.89732035404
ENSMUSG00000078817.4	0
ENSMUSG00000078838.3	11.4676981421688
ENSMUSG00000078840.1	0
ENSMUSG00000078847.1	0
ENSMUSG00000078850.1	0
ENSMUSG00000078851.4	1390.08396995837
ENSMUSG00000078853.8	16.736120057545
ENSMUSG00000078861.8	156.873827106942
ENSMUSG00000078862.10	0
ENSMUSG00000078864.10	0
ENSMUSG00000078865.8	0
ENSMUSG00000078866.10	0
ENSMUSG00000078867.9	0
ENSMUSG00000078868.3	0
ENSMUSG00000078869.2	0
ENSMUSG00000078870.9	193.182981818585
ENSMUSG00000078872.9	0
ENSMUSG00000078875.10	0
ENSMUSG00000078876.10	0
ENSMUSG00000078877.11	0
ENSMUSG00000078878.9	0
ENSMUSG00000078879.10	0
ENSMUSG00000078880.10	20.2771055888123
ENSMUSG00000078881.10	346.562422290684
ENSMUSG00000078886.12	0
ENSMUSG00000078887.10	149.454958195781
ENSMUSG00000078889.11	9.55077622544841
ENSMUSG00000078891.4	0
ENSMUSG00000078894.9	0
ENSMUSG00000078895.4	0
ENSMUSG00000078896.11	155.322611331815
ENSMUSG00000078897.10	280.266081834876
ENSMUSG00000078898.9	22.6076122185351
ENSMUSG00000078899.9	247.363515569437
ENSMUSG00000078901.8	0
ENSMUSG00000078902.3	32.7882070179532
ENSMUSG00000078903.10	309.828384272264
ENSMUSG00000078905.8	0
ENSMUSG00000078906.9	0
ENSMUSG00000078907.2	16.7249463101104
ENSMUSG00000078908.10	447.466667593851
ENSMUSG00000078912.2	0
ENSMUSG00000078915.2	0
ENSMUSG00000078917.3	0
ENSMUSG00000078919.10	2593.87722514697
ENSMUSG00000078920.3	0
ENSMUSG00000078921.3	0
ENSMUSG00000078922.9	0
ENSMUSG00000078923.10	11818.708277747
ENSMUSG00000078924.1	0
ENSMUSG00000078925.11	0
ENSMUSG00000078926.8	0
ENSMUSG00000078931.4	1045.30273040118
ENSMUSG00000078932.8	0
ENSMUSG00000078934.4	0
ENSMUSG00000078935.1	0
ENSMUSG00000078937.8	0
ENSMUSG00000078938.9	0
ENSMUSG00000078940.8	0
ENSMUSG00000078941.9	3482.7032958605
ENSMUSG00000078942.10	0
ENSMUSG00000078945.10	1.74787997229204
ENSMUSG00000078949.2	0
ENSMUSG00000078952.9	1.84460467424616
ENSMUSG00000078953.1	0
ENSMUSG00000078954.9	0
ENSMUSG00000078955.3	0
ENSMUSG00000078956.3	0
ENSMUSG00000078957.3	0
ENSMUSG00000078958.9	906.738961160802
ENSMUSG00000078962.4	0
ENSMUSG00000078963.3	245.149428151811
ENSMUSG00000078964.2	0
ENSMUSG00000078965.5	0
ENSMUSG00000078967.5	58.4945053965417
ENSMUSG00000078970.5	209.22789011444
ENSMUSG00000078972.1	0
ENSMUSG00000078974.10	7384.28684950605
ENSMUSG00000078982.3	0
ENSMUSG00000078984.1	0
ENSMUSG00000078994.9	0
ENSMUSG00000078995.10	0
ENSMUSG00000078998.3	0
ENSMUSG00000079000.3	0
ENSMUSG00000079001.1	0
ENSMUSG00000079003.3	727.166446430258
ENSMUSG00000079005.3	0
ENSMUSG00000079006.3	0
ENSMUSG00000079007.4	0
ENSMUSG00000079008.2	0
ENSMUSG00000079009.8	0
ENSMUSG00000079010.1	0
ENSMUSG00000079011.9	0
ENSMUSG00000079012.11	30.1567582855388
ENSMUSG00000079013.2	0
ENSMUSG00000079014.4	0
ENSMUSG00000079015.2	0
ENSMUSG00000079016.1	0
ENSMUSG00000079017.3	238.674772110452
ENSMUSG00000079018.10	117.3009393737
ENSMUSG00000079019.2	28.3509183998783
ENSMUSG00000079020.9	336.51560034463
ENSMUSG00000079022.10	0
ENSMUSG00000079024.2	0
ENSMUSG00000079025.9	0
ENSMUSG00000079029.2	0
ENSMUSG00000079031.1	0
ENSMUSG00000079033.10	0
ENSMUSG00000079034.2	0
ENSMUSG00000079036.10	115.005420930776
ENSMUSG00000079037.9	16640.4144762647
ENSMUSG00000079038.3	0
ENSMUSG00000079039.1	0
ENSMUSG00000079042.10	0
ENSMUSG00000079043.3	20.968535831597
ENSMUSG00000079045.3	62.915407932485
ENSMUSG00000079048.8	0
ENSMUSG00000079049.9	0
ENSMUSG00000079051.5	1.1673444910572
ENSMUSG00000079053.3	0
ENSMUSG00000079055.10	617.396519192669
ENSMUSG00000079056.12	2017.89492114537
ENSMUSG00000079057.4	47.3948854764268
ENSMUSG00000079058.3	0
ENSMUSG00000079061.3	0
ENSMUSG00000079064.2	0
ENSMUSG00000079067.5	0
ENSMUSG00000079069.1	0
ENSMUSG00000079070.10	0
ENSMUSG00000079071.2	0
ENSMUSG00000079076.2	343.50097155155
ENSMUSG00000079083.3	38.745343768218
ENSMUSG00000079084.10	164.25936204531
ENSMUSG00000079091.1	0
ENSMUSG00000079092.4	0
ENSMUSG00000079093.2	0
ENSMUSG00000079101.3	0
ENSMUSG00000079103.3	0
ENSMUSG00000079104.4	124.490527981358
ENSMUSG00000079105.4	10.0297179974671
ENSMUSG00000079108.6	2416.54045867405
ENSMUSG00000079109.11	173.647557124428
ENSMUSG00000079110.12	136.840702478174
ENSMUSG00000079111.3	795.824786005066
ENSMUSG00000079112.1	0
ENSMUSG00000079113.3	0
ENSMUSG00000079114.3	0
ENSMUSG00000079116.1	0
ENSMUSG00000079120.3	0
ENSMUSG00000079137.3	0
ENSMUSG00000079138.3	0
ENSMUSG00000079139.4	392.198566163234
ENSMUSG00000079140.3	0
ENSMUSG00000079143.3	0
ENSMUSG00000079144.7	53.8612704477575
ENSMUSG00000079146.2	0
ENSMUSG00000079156.11	0
ENSMUSG00000079157.4	1150.74673195602
ENSMUSG00000079162.8	0
ENSMUSG00000079163.3	0
ENSMUSG00000079164.8	0
ENSMUSG00000079165.10	16.2101736384972
ENSMUSG00000079168.4	3.04281742288086
ENSMUSG00000079169.3	0
ENSMUSG00000079170.3	0
ENSMUSG00000079171.3	0
ENSMUSG00000079173.11	8.83340915551822
ENSMUSG00000079174.3	0
ENSMUSG00000079175.1	0
ENSMUSG00000079177.4	0
ENSMUSG00000079179.9	1118.88635172574
ENSMUSG00000079180.4	0
ENSMUSG00000079183.2	0
ENSMUSG00000079184.10	1134.28243359235
ENSMUSG00000079186.3	0
ENSMUSG00000079197.10	2914.90504398822
ENSMUSG00000079215.8	807.085020741656
ENSMUSG00000079223.3	0
ENSMUSG00000079224.5	8.31732559733446
ENSMUSG00000079225.3	15.7674997282631
ENSMUSG00000079227.10	9.90047082392986
ENSMUSG00000079230.1	0
ENSMUSG00000079235.10	165.624993735952
ENSMUSG00000079242.2	55.0683160749508
ENSMUSG00000079243.4	0
ENSMUSG00000079244.3	0
ENSMUSG00000079247.2	0
ENSMUSG00000079258.2	0
ENSMUSG00000079259.2	0
ENSMUSG00000079260.3	19.6278109857947
ENSMUSG00000079261.2	0
ENSMUSG00000079262.3	0
ENSMUSG00000079263.8	0
ENSMUSG00000079264.1	0
ENSMUSG00000079265.10	0
ENSMUSG00000079266.2	0
ENSMUSG00000079267.9	0
ENSMUSG00000079269.2	0
ENSMUSG00000079271.4	0
ENSMUSG00000079272.2	0
ENSMUSG00000079273.2	0
ENSMUSG00000079276.4	0
ENSMUSG00000079277.9	20.9454392586877
ENSMUSG00000079278.2	0
ENSMUSG00000079283.2	399.499205590367
ENSMUSG00000079286.1	0
ENSMUSG00000079293.11	0
ENSMUSG00000079295.5	0
ENSMUSG00000079297.4	4.85333904629323
ENSMUSG00000079298.9	0
ENSMUSG00000079299.3	0
ENSMUSG00000079304.5	0
ENSMUSG00000079311.1	219.806526257524
ENSMUSG00000079316.10	1317.57527562165
ENSMUSG00000079317.10	1466.65869110944
ENSMUSG00000079323.9	0
ENSMUSG00000079324.11	0
ENSMUSG00000079330.9	143.317480907314
ENSMUSG00000079333.3	0
ENSMUSG00000079334.8	245.667696520946
ENSMUSG00000079339.7	48.6624815785446
ENSMUSG00000079342.11	0
ENSMUSG00000079343.4	0
ENSMUSG00000079344.11	0
ENSMUSG00000079346.4	0
ENSMUSG00000079349.9	0
ENSMUSG00000079350.2	0
ENSMUSG00000079353.2	0
ENSMUSG00000079355.5	0
ENSMUSG00000079356.10	0
ENSMUSG00000079357.9	0
ENSMUSG00000079359.2	0
ENSMUSG00000079362.5	0
ENSMUSG00000079363.7	0
ENSMUSG00000079364.3	74.0978633992235
ENSMUSG00000079371.9	0
ENSMUSG00000079374.2	0
ENSMUSG00000079378.8	0
ENSMUSG00000079379.2	0
ENSMUSG00000079380.4	0
ENSMUSG00000079382.3	0
ENSMUSG00000079383.9	0
ENSMUSG00000079386.8	0
ENSMUSG00000079387.10	0
ENSMUSG00000079388.9	50.8893657460254
ENSMUSG00000079389.10	0.981760406572134
ENSMUSG00000079391.10	129.803145501112
ENSMUSG00000079392.3	0
ENSMUSG00000079395.3	0
ENSMUSG00000079396.4	269.609572787185
ENSMUSG00000079402.9	191.064464274268
ENSMUSG00000079407.9	0
ENSMUSG00000079409.8	0
ENSMUSG00000079410.4	74.5170661975281
ENSMUSG00000079414.3	39.5882126214839
ENSMUSG00000079415.2	26.7768557445216
ENSMUSG00000079416.1	0
ENSMUSG00000079418.3	41.5309777305948
ENSMUSG00000079419.4	0
ENSMUSG00000079421.8	0
ENSMUSG00000079423.6	0
ENSMUSG00000079424.8	0
ENSMUSG00000079426.13	6526.86859104013
ENSMUSG00000079427.10	771.42310066842
ENSMUSG00000079428.8	1.87250783124745
ENSMUSG00000079429.9	0
ENSMUSG00000079432.1	0
ENSMUSG00000079433.1	0
ENSMUSG00000079434.8	132.399075449782
ENSMUSG00000079435.9	14214.074984418
ENSMUSG00000079436.3	16.6632722181255
ENSMUSG00000079438.1	0
ENSMUSG00000079439.1	0
ENSMUSG00000079440.2	0
ENSMUSG00000079442.12	724.982509403754
ENSMUSG00000079444.9	315.835272289039
ENSMUSG00000079445.3	32.5362046805613
ENSMUSG00000079450.11	4.32283573583364
ENSMUSG00000079451.9	0
ENSMUSG00000079455.9	0
ENSMUSG00000079457.11	0
ENSMUSG00000079460.11	0
ENSMUSG00000079462.1	0
ENSMUSG00000079465.8	0
ENSMUSG00000079466.2	77.6745237721603
ENSMUSG00000079467.8	0
ENSMUSG00000079469.10	242.198466423622
ENSMUSG00000079470.8	7.93932209124655
ENSMUSG00000079471.4	0
ENSMUSG00000079476.1	0
ENSMUSG00000079477.9	11805.795233526
ENSMUSG00000079478.9	4386.18326816062
ENSMUSG00000079479.2	0
ENSMUSG00000079480.3	7799.61201412341
ENSMUSG00000079481.11	210.953297745523
ENSMUSG00000079484.12	145.597768096751
ENSMUSG00000079487.11	249.243014795727
ENSMUSG00000079491.9	8.67800667374036
ENSMUSG00000079492.2	0
ENSMUSG00000079494.2	0
ENSMUSG00000079495.2	0
ENSMUSG00000079497.4	0
ENSMUSG00000079499.9	7.92811713222702
ENSMUSG00000079501.3	0
ENSMUSG00000079502.8	0
ENSMUSG00000079505.2	0
ENSMUSG00000079507.10	1.77887307620958
ENSMUSG00000079508.8	2771.96637808821
ENSMUSG00000079509.10	63.550657322247
ENSMUSG00000079511.8	34.7926774306341
ENSMUSG00000079513.1	0
ENSMUSG00000079516.2	0
ENSMUSG00000079519.2	0
ENSMUSG00000079521.2	0
ENSMUSG00000079522.2	0
ENSMUSG00000079523.8	49002.1560409852
ENSMUSG00000079524.2	0
ENSMUSG00000079525.1	0
ENSMUSG00000079528.9	0
ENSMUSG00000079531.1	0
ENSMUSG00000079532.1	0
ENSMUSG00000079534.1	0
ENSMUSG00000079536.1	0
ENSMUSG00000079539.2	0
ENSMUSG00000079542.3	0
ENSMUSG00000079543.3	0
ENSMUSG00000079544.2	0
ENSMUSG00000079546.1	0
ENSMUSG00000079547.4	65.9573514309856
ENSMUSG00000079550.9	0
ENSMUSG00000079553.11	225.047045015899
ENSMUSG00000079554.2	0
ENSMUSG00000079555.2	214.650653317704
ENSMUSG00000079557.11	2257.47273804499
ENSMUSG00000079559.5	0
ENSMUSG00000079560.13	7.13197202172497
ENSMUSG00000079562.7	3536.13974542465
ENSMUSG00000079563.10	0
ENSMUSG00000079564.3	0
ENSMUSG00000079566.1	0
ENSMUSG00000079575.3	0
ENSMUSG00000079577.1	0
ENSMUSG00000079578.1	0
ENSMUSG00000079579.3	0
ENSMUSG00000079580.9	0
ENSMUSG00000079583.9	0
ENSMUSG00000079584.2	0
ENSMUSG00000079588.3	0
ENSMUSG00000079592.9	91.839058917345
ENSMUSG00000079593.9	0
ENSMUSG00000079594.2	0
ENSMUSG00000079595.2	0
ENSMUSG00000079597.2	0
ENSMUSG00000079598.4	2843.8924457675
ENSMUSG00000079600.2	0
ENSMUSG00000079602.2	7.7421585087218
ENSMUSG00000079603.3	0
ENSMUSG00000079604.9	0
ENSMUSG00000079605.5	194.126195917666
ENSMUSG00000079606.1	0
ENSMUSG00000079608.10	31.5492631508771
ENSMUSG00000079610.9	292.062281909303
ENSMUSG00000079614.4	461.794033578046
ENSMUSG00000079619.2	0
ENSMUSG00000079620.13	0
ENSMUSG00000079625.2	0
ENSMUSG00000079626.2	0
ENSMUSG00000079627.2	0
ENSMUSG00000079628.3	0
ENSMUSG00000079629.5	0
ENSMUSG00000079630.2	0
ENSMUSG00000079633.3	0
ENSMUSG00000079635.2	0
ENSMUSG00000079636.11	0
ENSMUSG00000079637.10	0
ENSMUSG00000079638.8	0
ENSMUSG00000079639.4	0
ENSMUSG00000079641.3	8925.63888984517
ENSMUSG00000079642.2	0
ENSMUSG00000079644.2	0
ENSMUSG00000079645.2	0
ENSMUSG00000079649.3	0
ENSMUSG00000079652.8	0
ENSMUSG00000079654.3	89.1495878483921
ENSMUSG00000079655.9	0
ENSMUSG00000079657.10	1264.86050032616
ENSMUSG00000079658.9	5542.87418405913
ENSMUSG00000079659.5	118.420561351273
ENSMUSG00000079666.8	0
ENSMUSG00000079669.2	418.848297121999
ENSMUSG00000079671.8	46.4702422704278
ENSMUSG00000079677.2	3155.02928210666
ENSMUSG00000079679.3	2.3314429772731
ENSMUSG00000079681.3	0
ENSMUSG00000079685.10	0
ENSMUSG00000079693.3	0
ENSMUSG00000079694.2	0
ENSMUSG00000079697.1	0
ENSMUSG00000079698.7	0
ENSMUSG00000079699.2	0
ENSMUSG00000079700.7	0
ENSMUSG00000079701.7	0
ENSMUSG00000079702.5	0
ENSMUSG00000079703.12	0
ENSMUSG00000079704.2	0
ENSMUSG00000079705.4	0
ENSMUSG00000079707.10	0
ENSMUSG00000079710.10	0
ENSMUSG00000079711.4	0
ENSMUSG00000079722.2	0
ENSMUSG00000079737.4	68.0763683606627
ENSMUSG00000079740.1	0
ENSMUSG00000079741.5	0
ENSMUSG00000079806.2	0
ENSMUSG00000079842.1	0
ENSMUSG00000079845.8	0
ENSMUSG00000079852.4	0
ENSMUSG00000079853.5	0
ENSMUSG00000079871.4	0
ENSMUSG00000079875.5	0
ENSMUSG00000079884.6	44.9939030877456
ENSMUSG00000079889.4	0
ENSMUSG00000079890.2	0
ENSMUSG00000079892.2	0
ENSMUSG00000079893.3	0
ENSMUSG00000079906.2	0
ENSMUSG00000079915.2	0
ENSMUSG00000079941.1	461.532574130395
ENSMUSG00000079942.5	225.21006312442
ENSMUSG00000079962.2	0
ENSMUSG00000079963.2	0
ENSMUSG00000079965.2	100.566442318575
ENSMUSG00000079966.2	0
ENSMUSG00000079988.2	0
ENSMUSG00000079993.2	0
ENSMUSG00000079998.2	0
ENSMUSG00000080002.2	8.62488455604887
ENSMUSG00000080006.4	0
ENSMUSG00000080021.5	192.323445978922
ENSMUSG00000080046.2	0
ENSMUSG00000080050.2	0
ENSMUSG00000080051.2	0
ENSMUSG00000080054.3	0
ENSMUSG00000080057.2	0
ENSMUSG00000080058.2	263.796976887114
ENSMUSG00000080059.4	113.403673599513
ENSMUSG00000080065.2	0
ENSMUSG00000080069.2	0
ENSMUSG00000080071.2	0
ENSMUSG00000080072.2	0
ENSMUSG00000080073.2	0
ENSMUSG00000080076.4	0
ENSMUSG00000080078.2	0
ENSMUSG00000080115.3	0
ENSMUSG00000080142.2	0
ENSMUSG00000080152.4	0
ENSMUSG00000080155.2	0
ENSMUSG00000080158.2	0
ENSMUSG00000080175.2	0
ENSMUSG00000080180.3	0
ENSMUSG00000080186.2	0
ENSMUSG00000080193.2	0
ENSMUSG00000080198.2	3.11816218910133
ENSMUSG00000080205.2	0
ENSMUSG00000080222.2	0
ENSMUSG00000080223.2	0
ENSMUSG00000080227.2	0
ENSMUSG00000080237.2	0
ENSMUSG00000080241.3	0
ENSMUSG00000080242.5	36660.1547034555
ENSMUSG00000080250.2	0
ENSMUSG00000080254.4	0
ENSMUSG00000080266.2	0
ENSMUSG00000080268.4	677.773176800227
ENSMUSG00000080283.2	0
ENSMUSG00000080298.2	0
ENSMUSG00000080299.2	0
ENSMUSG00000080300.4	0
ENSMUSG00000080303.2	55.2925401016815
ENSMUSG00000080316.11	182.12041004988
ENSMUSG00000080317.3	0
ENSMUSG00000080321.2	0
ENSMUSG00000080330.1	0
ENSMUSG00000080331.1	0
ENSMUSG00000080334.1	0
ENSMUSG00000080336.1	0
ENSMUSG00000080342.1	0
ENSMUSG00000080345.3	0
ENSMUSG00000080346.1	0
ENSMUSG00000080347.1	0
ENSMUSG00000080348.1	0
ENSMUSG00000080349.1	0
ENSMUSG00000080350.1	0
ENSMUSG00000080352.1	0
ENSMUSG00000080356.1	0
ENSMUSG00000080358.1	0
ENSMUSG00000080359.2	0
ENSMUSG00000080360.1	0
ENSMUSG00000080363.1	0
ENSMUSG00000080364.1	1583.81508963294
ENSMUSG00000080365.1	0
ENSMUSG00000080366.1	0
ENSMUSG00000080367.1	0
ENSMUSG00000080368.1	0
ENSMUSG00000080370.1	0
ENSMUSG00000080374.1	0
ENSMUSG00000080378.1	0
ENSMUSG00000080380.1	0
ENSMUSG00000080383.1	0
ENSMUSG00000080384.1	0
ENSMUSG00000080391.1	0
ENSMUSG00000080394.2	0
ENSMUSG00000080396.1	0
ENSMUSG00000080401.1	0
ENSMUSG00000080402.1	0
ENSMUSG00000080405.1	0
ENSMUSG00000080406.1	0
ENSMUSG00000080408.1	0
ENSMUSG00000080409.1	0
ENSMUSG00000080410.2	0
ENSMUSG00000080411.1	0
ENSMUSG00000080412.1	0
ENSMUSG00000080413.1	0
ENSMUSG00000080415.1	0
ENSMUSG00000080419.1	0
ENSMUSG00000080424.1	0
ENSMUSG00000080425.1	0
ENSMUSG00000080427.1	0
ENSMUSG00000080428.1	0
ENSMUSG00000080430.1	0
ENSMUSG00000080432.1	0
ENSMUSG00000080434.1	0
ENSMUSG00000080437.1	0
ENSMUSG00000080440.1	0
ENSMUSG00000080441.1	0
ENSMUSG00000080443.1	0
ENSMUSG00000080451.1	0
ENSMUSG00000080452.3	0
ENSMUSG00000080454.3	0
ENSMUSG00000080455.1	0
ENSMUSG00000080459.1	0
ENSMUSG00000080461.1	0
ENSMUSG00000080463.1	0
ENSMUSG00000080465.1	0
ENSMUSG00000080468.2	0
ENSMUSG00000080469.1	0
ENSMUSG00000080473.1	0
ENSMUSG00000080474.1	0
ENSMUSG00000080476.1	0
ENSMUSG00000080478.1	0
ENSMUSG00000080480.1	0
ENSMUSG00000080485.2	0
ENSMUSG00000080486.1	0
ENSMUSG00000080487.1	0
ENSMUSG00000080495.1	0
ENSMUSG00000080498.2	0
ENSMUSG00000080499.1	0
ENSMUSG00000080500.1	0
ENSMUSG00000080504.1	0
ENSMUSG00000080506.1	0
ENSMUSG00000080507.2	0
ENSMUSG00000080508.1	0
ENSMUSG00000080511.1	0
ENSMUSG00000080515.1	0
ENSMUSG00000080516.1	0
ENSMUSG00000080517.1	0
ENSMUSG00000080518.1	0
ENSMUSG00000080519.1	0
ENSMUSG00000080522.1	0
ENSMUSG00000080524.1	0
ENSMUSG00000080526.1	0
ENSMUSG00000080527.1	0
ENSMUSG00000080529.1	0
ENSMUSG00000080530.1	0
ENSMUSG00000080533.1	0
ENSMUSG00000080536.1	0
ENSMUSG00000080538.1	0
ENSMUSG00000080539.1	0
ENSMUSG00000080540.2	0
ENSMUSG00000080542.1	0
ENSMUSG00000080543.1	0
ENSMUSG00000080544.1	0
ENSMUSG00000080545.1	0
ENSMUSG00000080549.2	0
ENSMUSG00000080555.2	0
ENSMUSG00000080556.1	0
ENSMUSG00000080558.1	0
ENSMUSG00000080561.1	0
ENSMUSG00000080562.2	0
ENSMUSG00000080566.1	0
ENSMUSG00000080573.1	0
ENSMUSG00000080574.1	0
ENSMUSG00000080575.2	0
ENSMUSG00000080577.1	0
ENSMUSG00000080580.1	0
ENSMUSG00000080582.1	0
ENSMUSG00000080586.1	0
ENSMUSG00000080590.1	0
ENSMUSG00000080592.1	0
ENSMUSG00000080594.1	0
ENSMUSG00000080595.1	0
ENSMUSG00000080596.1	0
ENSMUSG00000080597.2	0
ENSMUSG00000080600.2	0
ENSMUSG00000080601.1	0
ENSMUSG00000080607.1	0
ENSMUSG00000080609.1	0
ENSMUSG00000080610.1	0
ENSMUSG00000080613.1	0
ENSMUSG00000080615.1	0
ENSMUSG00000080616.1	0
ENSMUSG00000080622.1	0
ENSMUSG00000080624.1	0
ENSMUSG00000080625.1	0
ENSMUSG00000080626.1	0
ENSMUSG00000080627.1	0
ENSMUSG00000080631.1	0
ENSMUSG00000080635.1	0
ENSMUSG00000080636.1	0
ENSMUSG00000080645.1	0
ENSMUSG00000080649.1	0
ENSMUSG00000080653.1	0
ENSMUSG00000080655.1	0
ENSMUSG00000080657.1	0
ENSMUSG00000080659.1	0
ENSMUSG00000080662.1	0
ENSMUSG00000080663.2	0
ENSMUSG00000080665.1	0
ENSMUSG00000080666.1	0
ENSMUSG00000080668.1	0
ENSMUSG00000080669.1	0
ENSMUSG00000080671.3	0
ENSMUSG00000080673.1	0
ENSMUSG00000080676.1	0
ENSMUSG00000080678.1	0
ENSMUSG00000080680.1	0
ENSMUSG00000080681.1	0
ENSMUSG00000080683.1	0
ENSMUSG00000080684.1	0
ENSMUSG00000080686.1	0
ENSMUSG00000080687.1	0
ENSMUSG00000080689.1	0
ENSMUSG00000080694.1	0
ENSMUSG00000080695.1	0
ENSMUSG00000080696.1	0
ENSMUSG00000080697.1	0
ENSMUSG00000080698.1	0
ENSMUSG00000080700.2	0
ENSMUSG00000080701.1	0
ENSMUSG00000080703.2	0
ENSMUSG00000080704.1	0
ENSMUSG00000080705.1	0
ENSMUSG00000080706.1	0
ENSMUSG00000080707.1	0
ENSMUSG00000080708.1	0
ENSMUSG00000080709.1	0
ENSMUSG00000080710.1	0
ENSMUSG00000080711.3	0
ENSMUSG00000080712.3	0
ENSMUSG00000080713.3	0
ENSMUSG00000080714.1	0
ENSMUSG00000080715.1	17.2221780709466
ENSMUSG00000080716.1	0
ENSMUSG00000080717.10	53.2182805849124
ENSMUSG00000080718.1	0
ENSMUSG00000080719.1	16.6702948247533
ENSMUSG00000080720.2	0
ENSMUSG00000080722.3	0
ENSMUSG00000080723.1	0
ENSMUSG00000080725.9	0
ENSMUSG00000080726.2	0
ENSMUSG00000080727.2	343.912433876772
ENSMUSG00000080728.1	0
ENSMUSG00000080729.1	0
ENSMUSG00000080730.1	0
ENSMUSG00000080731.2	0
ENSMUSG00000080732.1	0
ENSMUSG00000080733.2	0
ENSMUSG00000080734.1	0
ENSMUSG00000080735.1	0
ENSMUSG00000080736.1	0
ENSMUSG00000080737.1	0
ENSMUSG00000080738.1	0
ENSMUSG00000080741.3	0
ENSMUSG00000080742.1	0
ENSMUSG00000080743.2	1.85094062600373
ENSMUSG00000080744.1	0
ENSMUSG00000080746.3	0
ENSMUSG00000080747.1	0
ENSMUSG00000080748.1	0
ENSMUSG00000080749.1	0
ENSMUSG00000080750.2	0
ENSMUSG00000080751.1	0
ENSMUSG00000080752.2	0
ENSMUSG00000080753.1	0
ENSMUSG00000080754.1	0
ENSMUSG00000080755.1	0
ENSMUSG00000080756.1	0
ENSMUSG00000080757.1	0
ENSMUSG00000080758.1	19.0128491262909
ENSMUSG00000080759.1	0
ENSMUSG00000080760.1	0
ENSMUSG00000080762.1	0
ENSMUSG00000080763.2	4.11921135521127
ENSMUSG00000080764.1	0
ENSMUSG00000080765.1	0
ENSMUSG00000080766.1	0
ENSMUSG00000080767.1	0
ENSMUSG00000080768.1	0
ENSMUSG00000080770.1	0
ENSMUSG00000080771.1	0
ENSMUSG00000080772.1	7.80405108180183
ENSMUSG00000080773.1	1.90356335833501
ENSMUSG00000080774.1	0
ENSMUSG00000080775.1	35.5669120084572
ENSMUSG00000080776.1	125.549162521816
ENSMUSG00000080777.1	0
ENSMUSG00000080778.1	0
ENSMUSG00000080779.1	0
ENSMUSG00000080780.1	0
ENSMUSG00000080781.3	0
ENSMUSG00000080782.1	0
ENSMUSG00000080783.1	0
ENSMUSG00000080785.1	0
ENSMUSG00000080788.1	0
ENSMUSG00000080789.1	0
ENSMUSG00000080790.1	0
ENSMUSG00000080791.1	0
ENSMUSG00000080792.1	0
ENSMUSG00000080793.1	0
ENSMUSG00000080794.1	0
ENSMUSG00000080795.1	0
ENSMUSG00000080796.1	0
ENSMUSG00000080797.2	0
ENSMUSG00000080798.3	0
ENSMUSG00000080799.1	0
ENSMUSG00000080800.1	0
ENSMUSG00000080801.2	0
ENSMUSG00000080802.1	0
ENSMUSG00000080803.1	0
ENSMUSG00000080805.1	0
ENSMUSG00000080806.1	0
ENSMUSG00000080807.1	0
ENSMUSG00000080808.1	0
ENSMUSG00000080809.3	0
ENSMUSG00000080810.1	0
ENSMUSG00000080811.1	0
ENSMUSG00000080812.1	0
ENSMUSG00000080813.1	0
ENSMUSG00000080814.1	0
ENSMUSG00000080815.1	0
ENSMUSG00000080816.1	0
ENSMUSG00000080817.1	0
ENSMUSG00000080818.4	0
ENSMUSG00000080819.1	0
ENSMUSG00000080820.1	0
ENSMUSG00000080822.1	0
ENSMUSG00000080823.1	0
ENSMUSG00000080824.1	5.61677441570205
ENSMUSG00000080825.1	0
ENSMUSG00000080826.1	0
ENSMUSG00000080827.1	0
ENSMUSG00000080828.1	0
ENSMUSG00000080829.1	0
ENSMUSG00000080831.1	0
ENSMUSG00000080832.4	13.7057872686692
ENSMUSG00000080833.1	0
ENSMUSG00000080834.1	0
ENSMUSG00000080835.1	0
ENSMUSG00000080836.1	18.6256382026243
ENSMUSG00000080839.1	26.6260413657406
ENSMUSG00000080840.1	1.60180975443295
ENSMUSG00000080841.1	0
ENSMUSG00000080842.2	0
ENSMUSG00000080843.1	0
ENSMUSG00000080844.1	0
ENSMUSG00000080845.1	0
ENSMUSG00000080846.1	0
ENSMUSG00000080847.1	0
ENSMUSG00000080848.3	332.992623897915
ENSMUSG00000080849.1	0
ENSMUSG00000080850.1	0
ENSMUSG00000080851.1	0
ENSMUSG00000080852.1	0
ENSMUSG00000080855.3	0
ENSMUSG00000080857.1	0
ENSMUSG00000080859.1	0
ENSMUSG00000080860.1	0
ENSMUSG00000080861.1	0
ENSMUSG00000080862.3	0
ENSMUSG00000080863.1	0
ENSMUSG00000080865.1	0
ENSMUSG00000080866.1	0
ENSMUSG00000080868.1	0
ENSMUSG00000080869.1	0
ENSMUSG00000080870.1	0
ENSMUSG00000080871.1	0
ENSMUSG00000080872.1	0
ENSMUSG00000080873.3	0
ENSMUSG00000080874.1	0
ENSMUSG00000080875.4	0
ENSMUSG00000080876.3	0
ENSMUSG00000080877.1	0
ENSMUSG00000080878.1	0
ENSMUSG00000080880.1	0
ENSMUSG00000080884.1	0
ENSMUSG00000080885.1	26.1023733923987
ENSMUSG00000080886.1	0
ENSMUSG00000080887.1	0
ENSMUSG00000080888.3	0
ENSMUSG00000080889.1	0
ENSMUSG00000080890.1	0
ENSMUSG00000080891.4	0
ENSMUSG00000080892.1	0
ENSMUSG00000080893.1	3239.28411313545
ENSMUSG00000080894.1	0
ENSMUSG00000080895.1	0
ENSMUSG00000080896.5	2338.40156894008
ENSMUSG00000080897.1	0
ENSMUSG00000080898.1	0
ENSMUSG00000080899.1	0
ENSMUSG00000080902.1	141.517914550241
ENSMUSG00000080903.1	0
ENSMUSG00000080904.1	0
ENSMUSG00000080906.1	0
ENSMUSG00000080907.1	0
ENSMUSG00000080910.1	0
ENSMUSG00000080911.1	0
ENSMUSG00000080912.1	0
ENSMUSG00000080913.1	0
ENSMUSG00000080914.1	5.53540581357414
ENSMUSG00000080915.1	0
ENSMUSG00000080916.3	0
ENSMUSG00000080917.2	0
ENSMUSG00000080918.1	0
ENSMUSG00000080919.1	0
ENSMUSG00000080921.4	248.424459767186
ENSMUSG00000080922.1	0
ENSMUSG00000080923.1	0
ENSMUSG00000080924.1	0
ENSMUSG00000080925.1	0
ENSMUSG00000080927.1	0
ENSMUSG00000080928.1	0
ENSMUSG00000080929.1	0
ENSMUSG00000080930.2	0
ENSMUSG00000080932.3	0
ENSMUSG00000080933.4	0
ENSMUSG00000080934.1	0
ENSMUSG00000080935.3	62.7932145771606
ENSMUSG00000080936.2	0
ENSMUSG00000080937.1	0
ENSMUSG00000080938.1	0
ENSMUSG00000080939.1	0
ENSMUSG00000080941.1	0
ENSMUSG00000080942.1	0
ENSMUSG00000080943.1	0
ENSMUSG00000080944.1	9.12133602725969
ENSMUSG00000080946.1	0
ENSMUSG00000080947.2	0
ENSMUSG00000080948.1	0
ENSMUSG00000080949.1	0
ENSMUSG00000080950.1	0
ENSMUSG00000080951.1	0
ENSMUSG00000080952.1	0
ENSMUSG00000080953.1	0
ENSMUSG00000080954.1	0
ENSMUSG00000080955.1	0
ENSMUSG00000080956.1	0
ENSMUSG00000080957.1	0
ENSMUSG00000080958.1	0
ENSMUSG00000080959.1	0
ENSMUSG00000080960.1	0
ENSMUSG00000080961.1	0
ENSMUSG00000080962.1	0
ENSMUSG00000080964.1	0
ENSMUSG00000080965.1	0
ENSMUSG00000080966.1	1.31578678937725
ENSMUSG00000080967.1	0
ENSMUSG00000080968.3	0
ENSMUSG00000080969.1	0
ENSMUSG00000080970.1	0
ENSMUSG00000080971.1	0
ENSMUSG00000080972.1	0
ENSMUSG00000080974.2	0
ENSMUSG00000080976.1	0
ENSMUSG00000080977.1	0
ENSMUSG00000080978.2	0
ENSMUSG00000080979.3	3.86177820202714
ENSMUSG00000080980.1	0
ENSMUSG00000080981.1	0
ENSMUSG00000080982.1	0
ENSMUSG00000080983.1	0
ENSMUSG00000080984.1	0
ENSMUSG00000080985.1	0
ENSMUSG00000080986.1	0
ENSMUSG00000080987.1	0
ENSMUSG00000080989.1	5.56405804861573
ENSMUSG00000080990.2	0
ENSMUSG00000080992.1	0
ENSMUSG00000080993.1	0
ENSMUSG00000080994.2	69.6137886152146
ENSMUSG00000080995.1	0
ENSMUSG00000080996.3	0
ENSMUSG00000080997.1	0
ENSMUSG00000080998.1	105.567693066243
ENSMUSG00000080999.1	0
ENSMUSG00000081000.1	0
ENSMUSG00000081001.1	0
ENSMUSG00000081002.1	0
ENSMUSG00000081003.1	0
ENSMUSG00000081004.1	0
ENSMUSG00000081005.1	0
ENSMUSG00000081006.1	0
ENSMUSG00000081007.1	0
ENSMUSG00000081008.2	0
ENSMUSG00000081009.1	0
ENSMUSG00000081010.3	4.4500541563451
ENSMUSG00000081011.1	0
ENSMUSG00000081012.1	0
ENSMUSG00000081013.1	0
ENSMUSG00000081014.1	0
ENSMUSG00000081016.1	0
ENSMUSG00000081017.1	0
ENSMUSG00000081018.1	0
ENSMUSG00000081020.1	0
ENSMUSG00000081021.1	53.5495603482364
ENSMUSG00000081022.1	0
ENSMUSG00000081023.1	0
ENSMUSG00000081024.1	0
ENSMUSG00000081025.1	0
ENSMUSG00000081026.1	0
ENSMUSG00000081029.1	0
ENSMUSG00000081030.1	0
ENSMUSG00000081033.1	0
ENSMUSG00000081034.1	1.98215412939681
ENSMUSG00000081036.1	0
ENSMUSG00000081037.3	0
ENSMUSG00000081038.2	0
ENSMUSG00000081041.1	0
ENSMUSG00000081042.1	0
ENSMUSG00000081043.1	0
ENSMUSG00000081044.8	0
ENSMUSG00000081045.1	0
ENSMUSG00000081046.1	0
ENSMUSG00000081047.2	0
ENSMUSG00000081048.1	37.6359904021142
ENSMUSG00000081049.1	48.2732731134371
ENSMUSG00000081050.1	0
ENSMUSG00000081051.4	108.626709301746
ENSMUSG00000081052.1	0
ENSMUSG00000081053.1	0
ENSMUSG00000081054.1	0
ENSMUSG00000081055.1	0
ENSMUSG00000081056.1	0
ENSMUSG00000081057.2	0
ENSMUSG00000081058.5	0
ENSMUSG00000081059.3	4.42555306211019
ENSMUSG00000081060.1	0
ENSMUSG00000081061.1	0
ENSMUSG00000081062.1	0
ENSMUSG00000081063.1	0
ENSMUSG00000081064.1	0
ENSMUSG00000081065.1	0
ENSMUSG00000081066.1	0
ENSMUSG00000081067.1	0
ENSMUSG00000081068.1	0
ENSMUSG00000081069.1	0
ENSMUSG00000081070.1	0
ENSMUSG00000081071.1	18.4677075824604
ENSMUSG00000081072.1	0
ENSMUSG00000081073.1	0
ENSMUSG00000081076.3	0
ENSMUSG00000081077.1	0
ENSMUSG00000081078.1	0
ENSMUSG00000081079.1	0
ENSMUSG00000081080.1	0
ENSMUSG00000081081.1	0
ENSMUSG00000081082.1	0
ENSMUSG00000081083.1	0
ENSMUSG00000081084.1	0
ENSMUSG00000081085.1	0
ENSMUSG00000081086.1	0
ENSMUSG00000081087.1	2120.93060558905
ENSMUSG00000081088.1	0
ENSMUSG00000081089.1	0
ENSMUSG00000081092.1	0
ENSMUSG00000081093.1	0
ENSMUSG00000081094.4	250.044684356776
ENSMUSG00000081095.2	0
ENSMUSG00000081096.2	0
ENSMUSG00000081097.1	0
ENSMUSG00000081098.1	0
ENSMUSG00000081099.2	0
ENSMUSG00000081100.1	0
ENSMUSG00000081101.1	0
ENSMUSG00000081103.1	0
ENSMUSG00000081104.1	0
ENSMUSG00000081106.1	0
ENSMUSG00000081107.1	0
ENSMUSG00000081108.4	0
ENSMUSG00000081110.1	0
ENSMUSG00000081111.3	0
ENSMUSG00000081112.1	0
ENSMUSG00000081113.1	130.226000054863
ENSMUSG00000081114.1	0
ENSMUSG00000081115.2	0
ENSMUSG00000081116.1	0
ENSMUSG00000081117.1	0
ENSMUSG00000081118.1	0
ENSMUSG00000081119.1	0
ENSMUSG00000081120.1	0
ENSMUSG00000081121.1	192.56639695666
ENSMUSG00000081122.1	0
ENSMUSG00000081124.1	0
ENSMUSG00000081125.3	0
ENSMUSG00000081126.1	0
ENSMUSG00000081127.1	0
ENSMUSG00000081128.1	4.26727911451117
ENSMUSG00000081129.1	0
ENSMUSG00000081130.1	0
ENSMUSG00000081131.1	0
ENSMUSG00000081132.1	0
ENSMUSG00000081133.2	0
ENSMUSG00000081134.1	0
ENSMUSG00000081135.1	0
ENSMUSG00000081136.1	0
ENSMUSG00000081137.3	82.1250148906956
ENSMUSG00000081138.1	0
ENSMUSG00000081139.1	0
ENSMUSG00000081141.1	0
ENSMUSG00000081142.1	0
ENSMUSG00000081143.2	0
ENSMUSG00000081144.1	0
ENSMUSG00000081145.2	0
ENSMUSG00000081146.1	0
ENSMUSG00000081147.1	0
ENSMUSG00000081148.1	0
ENSMUSG00000081150.1	0
ENSMUSG00000081151.1	0
ENSMUSG00000081152.1	0
ENSMUSG00000081153.1	0
ENSMUSG00000081154.2	0
ENSMUSG00000081155.1	0
ENSMUSG00000081156.1	0
ENSMUSG00000081157.1	0
ENSMUSG00000081158.1	0
ENSMUSG00000081159.1	0
ENSMUSG00000081160.1	0
ENSMUSG00000081161.1	0
ENSMUSG00000081162.2	0
ENSMUSG00000081163.2	0
ENSMUSG00000081164.1	0
ENSMUSG00000081165.1	0
ENSMUSG00000081166.1	0
ENSMUSG00000081167.1	0
ENSMUSG00000081168.1	0
ENSMUSG00000081169.1	0
ENSMUSG00000081170.1	2.68993924272811
ENSMUSG00000081171.1	0
ENSMUSG00000081172.1	0
ENSMUSG00000081173.1	0
ENSMUSG00000081174.1	0
ENSMUSG00000081175.3	0
ENSMUSG00000081176.1	70.2074641737398
ENSMUSG00000081177.1	0
ENSMUSG00000081179.1	0
ENSMUSG00000081180.1	0
ENSMUSG00000081181.1	0
ENSMUSG00000081182.2	0
ENSMUSG00000081183.1	0
ENSMUSG00000081184.1	0
ENSMUSG00000081185.1	0
ENSMUSG00000081186.1	0
ENSMUSG00000081187.1	0
ENSMUSG00000081188.1	0
ENSMUSG00000081189.1	0
ENSMUSG00000081191.1	0
ENSMUSG00000081194.1	0
ENSMUSG00000081195.2	0
ENSMUSG00000081196.1	0
ENSMUSG00000081197.1	0
ENSMUSG00000081199.3	0
ENSMUSG00000081200.1	0
ENSMUSG00000081201.1	0
ENSMUSG00000081202.1	0
ENSMUSG00000081205.4	0
ENSMUSG00000081206.1	0
ENSMUSG00000081207.4	0
ENSMUSG00000081208.1	1.45923523409528
ENSMUSG00000081209.1	0
ENSMUSG00000081210.1	0
ENSMUSG00000081211.1	0
ENSMUSG00000081212.1	0
ENSMUSG00000081214.3	0
ENSMUSG00000081215.1	0
ENSMUSG00000081216.3	0
ENSMUSG00000081217.1	0
ENSMUSG00000081218.1	0
ENSMUSG00000081219.1	67.0790021615843
ENSMUSG00000081220.2	0
ENSMUSG00000081221.4	0
ENSMUSG00000081222.1	0
ENSMUSG00000081223.1	46.1491062722329
ENSMUSG00000081224.1	0
ENSMUSG00000081225.3	74.057101069197
ENSMUSG00000081226.1	2.61724746123371
ENSMUSG00000081227.1	0
ENSMUSG00000081228.1	36.17925209482
ENSMUSG00000081229.1	0
ENSMUSG00000081230.1	0
ENSMUSG00000081231.1	0
ENSMUSG00000081232.3	0
ENSMUSG00000081233.1	0
ENSMUSG00000081234.3	0
ENSMUSG00000081235.1	0
ENSMUSG00000081236.1	0
ENSMUSG00000081237.3	0
ENSMUSG00000081238.3	0
ENSMUSG00000081239.3	96.5058775316028
ENSMUSG00000081240.2	0
ENSMUSG00000081242.1	0
ENSMUSG00000081243.1	0
ENSMUSG00000081244.3	0
ENSMUSG00000081245.2	0
ENSMUSG00000081248.1	0
ENSMUSG00000081249.3	0
ENSMUSG00000081250.3	0
ENSMUSG00000081251.1	45.8921412928239
ENSMUSG00000081252.1	0
ENSMUSG00000081253.1	0
ENSMUSG00000081254.1	801.7311727181
ENSMUSG00000081255.1	0
ENSMUSG00000081256.1	0
ENSMUSG00000081257.1	0
ENSMUSG00000081258.1	0
ENSMUSG00000081259.2	0
ENSMUSG00000081260.1	0
ENSMUSG00000081261.1	0
ENSMUSG00000081262.1	0
ENSMUSG00000081263.1	0
ENSMUSG00000081264.1	0
ENSMUSG00000081265.1	0
ENSMUSG00000081268.1	0
ENSMUSG00000081269.1	0
ENSMUSG00000081270.1	0
ENSMUSG00000081271.1	0
ENSMUSG00000081272.1	947.604383052587
ENSMUSG00000081273.1	0
ENSMUSG00000081274.2	0
ENSMUSG00000081275.1	0
ENSMUSG00000081276.1	0
ENSMUSG00000081277.1	0
ENSMUSG00000081278.1	0
ENSMUSG00000081279.1	0
ENSMUSG00000081280.1	0
ENSMUSG00000081281.1	12.1423365522167
ENSMUSG00000081282.2	0
ENSMUSG00000081283.1	0
ENSMUSG00000081284.1	0
ENSMUSG00000081285.2	4.51288307697552
ENSMUSG00000081286.1	0
ENSMUSG00000081287.3	0
ENSMUSG00000081288.1	0
ENSMUSG00000081289.1	0
ENSMUSG00000081290.1	0
ENSMUSG00000081292.1	0
ENSMUSG00000081293.1	0
ENSMUSG00000081295.1	0
ENSMUSG00000081296.1	0
ENSMUSG00000081297.1	0
ENSMUSG00000081298.1	0
ENSMUSG00000081299.1	0
ENSMUSG00000081300.1	0
ENSMUSG00000081301.1	0
ENSMUSG00000081302.1	0
ENSMUSG00000081303.2	23.9514582228387
ENSMUSG00000081304.1	0
ENSMUSG00000081305.1	0
ENSMUSG00000081306.1	0
ENSMUSG00000081307.1	0
ENSMUSG00000081308.1	160.644467480733
ENSMUSG00000081309.3	0
ENSMUSG00000081310.1	0
ENSMUSG00000081312.1	0
ENSMUSG00000081313.1	0
ENSMUSG00000081314.1	0
ENSMUSG00000081315.2	0
ENSMUSG00000081316.1	0
ENSMUSG00000081317.1	0
ENSMUSG00000081318.1	0
ENSMUSG00000081319.1	0
ENSMUSG00000081320.1	0
ENSMUSG00000081321.1	0
ENSMUSG00000081323.1	0
ENSMUSG00000081324.1	0
ENSMUSG00000081325.1	0
ENSMUSG00000081326.1	0
ENSMUSG00000081327.1	0
ENSMUSG00000081329.1	0
ENSMUSG00000081330.1	0
ENSMUSG00000081331.1	0
ENSMUSG00000081332.1	0
ENSMUSG00000081333.1	0
ENSMUSG00000081334.1	0
ENSMUSG00000081335.1	0
ENSMUSG00000081336.1	0
ENSMUSG00000081339.1	0
ENSMUSG00000081340.1	0
ENSMUSG00000081341.1	0
ENSMUSG00000081342.1	0
ENSMUSG00000081343.1	0
ENSMUSG00000081344.5	626.112916115975
ENSMUSG00000081345.2	0
ENSMUSG00000081346.1	0
ENSMUSG00000081348.1	0
ENSMUSG00000081349.1	0
ENSMUSG00000081350.1	0
ENSMUSG00000081352.1	0
ENSMUSG00000081353.2	0
ENSMUSG00000081354.1	0
ENSMUSG00000081355.1	0
ENSMUSG00000081357.1	0
ENSMUSG00000081358.1	0
ENSMUSG00000081359.1	40.157074969924
ENSMUSG00000081360.1	0
ENSMUSG00000081361.1	0
ENSMUSG00000081362.3	0
ENSMUSG00000081363.2	0
ENSMUSG00000081364.1	0
ENSMUSG00000081365.1	0
ENSMUSG00000081367.2	0
ENSMUSG00000081369.1	0
ENSMUSG00000081370.1	0
ENSMUSG00000081372.1	0
ENSMUSG00000081373.1	0
ENSMUSG00000081374.1	0
ENSMUSG00000081375.1	0
ENSMUSG00000081376.1	0
ENSMUSG00000081377.1	0
ENSMUSG00000081378.1	0
ENSMUSG00000081379.1	0
ENSMUSG00000081381.1	0
ENSMUSG00000081382.1	8.29494689088041
ENSMUSG00000081383.1	0
ENSMUSG00000081384.1	0
ENSMUSG00000081386.1	0
ENSMUSG00000081388.1	0
ENSMUSG00000081389.2	0
ENSMUSG00000081390.1	0
ENSMUSG00000081391.1	0
ENSMUSG00000081392.1	0
ENSMUSG00000081394.1	179.855666229779
ENSMUSG00000081395.1	0
ENSMUSG00000081396.1	0
ENSMUSG00000081397.1	0
ENSMUSG00000081398.1	0
ENSMUSG00000081399.2	0
ENSMUSG00000081400.1	8.54389049294111
ENSMUSG00000081402.4	0
ENSMUSG00000081404.1	0
ENSMUSG00000081405.1	0
ENSMUSG00000081406.4	100.187127925917
ENSMUSG00000081407.1	0
ENSMUSG00000081408.1	0
ENSMUSG00000081409.1	0
ENSMUSG00000081410.1	0
ENSMUSG00000081412.1	0
ENSMUSG00000081413.3	0
ENSMUSG00000081414.2	0
ENSMUSG00000081415.1	0
ENSMUSG00000081416.1	0
ENSMUSG00000081417.1	0
ENSMUSG00000081418.1	2.73691267817211
ENSMUSG00000081421.1	0
ENSMUSG00000081422.1	0
ENSMUSG00000081423.1	0
ENSMUSG00000081424.1	0
ENSMUSG00000081427.1	0
ENSMUSG00000081428.1	0
ENSMUSG00000081429.1	0
ENSMUSG00000081431.1	0
ENSMUSG00000081432.1	0
ENSMUSG00000081433.1	0
ENSMUSG00000081434.3	72.361282020706
ENSMUSG00000081435.1	0
ENSMUSG00000081436.1	0
ENSMUSG00000081437.1	0
ENSMUSG00000081438.1	0
ENSMUSG00000081439.1	0
ENSMUSG00000081440.2	0
ENSMUSG00000081441.3	0
ENSMUSG00000081442.1	0
ENSMUSG00000081443.2	0
ENSMUSG00000081444.1	0
ENSMUSG00000081445.1	0
ENSMUSG00000081447.1	0
ENSMUSG00000081449.1	0
ENSMUSG00000081450.1	0
ENSMUSG00000081451.1	0
ENSMUSG00000081452.1	0
ENSMUSG00000081453.1	0
ENSMUSG00000081455.1	0
ENSMUSG00000081456.1	0
ENSMUSG00000081457.1	0
ENSMUSG00000081458.2	0
ENSMUSG00000081459.3	0
ENSMUSG00000081460.1	0
ENSMUSG00000081461.3	0
ENSMUSG00000081463.1	0
ENSMUSG00000081464.1	0
ENSMUSG00000081465.1	0
ENSMUSG00000081466.1	0
ENSMUSG00000081467.1	0
ENSMUSG00000081469.1	0
ENSMUSG00000081470.1	5.30222406194481
ENSMUSG00000081471.1	0
ENSMUSG00000081473.3	5.23187314932636
ENSMUSG00000081474.1	0
ENSMUSG00000081475.1	0
ENSMUSG00000081476.1	6.67528410982023
ENSMUSG00000081477.1	0
ENSMUSG00000081478.1	0
ENSMUSG00000081480.1	0
ENSMUSG00000081481.1	0
ENSMUSG00000081483.1	0
ENSMUSG00000081484.1	0
ENSMUSG00000081485.5	1435.31224083797
ENSMUSG00000081486.1	0
ENSMUSG00000081487.1	0
ENSMUSG00000081488.1	0
ENSMUSG00000081490.1	0
ENSMUSG00000081491.1	0
ENSMUSG00000081492.1	0
ENSMUSG00000081494.1	7.65882357673809
ENSMUSG00000081495.1	0
ENSMUSG00000081496.1	0
ENSMUSG00000081497.1	0
ENSMUSG00000081498.2	0
ENSMUSG00000081499.1	0
ENSMUSG00000081500.1	0
ENSMUSG00000081501.5	0
ENSMUSG00000081502.1	0
ENSMUSG00000081504.3	0
ENSMUSG00000081505.1	0
ENSMUSG00000081506.1	0
ENSMUSG00000081507.1	0
ENSMUSG00000081508.1	0
ENSMUSG00000081510.1	0
ENSMUSG00000081511.1	0
ENSMUSG00000081512.1	0
ENSMUSG00000081513.1	0
ENSMUSG00000081514.2	0
ENSMUSG00000081515.1	0
ENSMUSG00000081516.1	0
ENSMUSG00000081517.1	0
ENSMUSG00000081519.1	0
ENSMUSG00000081520.1	0
ENSMUSG00000081522.1	0
ENSMUSG00000081523.1	0
ENSMUSG00000081524.3	0
ENSMUSG00000081525.1	0
ENSMUSG00000081526.1	0
ENSMUSG00000081528.1	0
ENSMUSG00000081529.1	0
ENSMUSG00000081530.1	0
ENSMUSG00000081531.1	0
ENSMUSG00000081532.1	0
ENSMUSG00000081533.1	0
ENSMUSG00000081534.3	2752.22442633602
ENSMUSG00000081536.1	0
ENSMUSG00000081537.2	0
ENSMUSG00000081538.1	0
ENSMUSG00000081539.1	0
ENSMUSG00000081540.3	0
ENSMUSG00000081541.1	0
ENSMUSG00000081542.1	0
ENSMUSG00000081543.1	0
ENSMUSG00000081544.1	0
ENSMUSG00000081546.1	0
ENSMUSG00000081547.1	0
ENSMUSG00000081548.1	0
ENSMUSG00000081550.1	0
ENSMUSG00000081551.1	0
ENSMUSG00000081552.1	0
ENSMUSG00000081553.1	0
ENSMUSG00000081555.1	0
ENSMUSG00000081556.1	0
ENSMUSG00000081557.2	0
ENSMUSG00000081559.3	115.996700870777
ENSMUSG00000081560.1	0
ENSMUSG00000081561.1	0
ENSMUSG00000081562.1	0
ENSMUSG00000081563.1	0
ENSMUSG00000081564.1	0
ENSMUSG00000081565.1	0
ENSMUSG00000081566.1	0
ENSMUSG00000081567.1	0
ENSMUSG00000081568.1	0
ENSMUSG00000081569.1	0
ENSMUSG00000081570.1	0
ENSMUSG00000081571.1	0
ENSMUSG00000081572.3	0
ENSMUSG00000081573.1	0
ENSMUSG00000081574.1	0
ENSMUSG00000081575.1	0
ENSMUSG00000081576.1	0
ENSMUSG00000081577.1	0
ENSMUSG00000081578.2	0
ENSMUSG00000081579.1	0
ENSMUSG00000081580.1	0
ENSMUSG00000081583.1	0
ENSMUSG00000081584.1	0
ENSMUSG00000081585.1	0
ENSMUSG00000081586.3	0
ENSMUSG00000081587.1	0
ENSMUSG00000081588.1	0
ENSMUSG00000081589.1	0
ENSMUSG00000081590.1	0
ENSMUSG00000081591.1	0
ENSMUSG00000081592.1	0
ENSMUSG00000081593.1	0
ENSMUSG00000081594.1	0
ENSMUSG00000081595.1	0
ENSMUSG00000081596.1	0
ENSMUSG00000081597.1	0
ENSMUSG00000081598.1	0
ENSMUSG00000081599.1	0
ENSMUSG00000081600.3	170.629303218952
ENSMUSG00000081601.1	0
ENSMUSG00000081602.1	0
ENSMUSG00000081603.1	57.3377728443888
ENSMUSG00000081604.5	164.328870245133
ENSMUSG00000081605.1	0
ENSMUSG00000081606.1	0
ENSMUSG00000081607.2	0
ENSMUSG00000081608.1	0
ENSMUSG00000081609.1	0
ENSMUSG00000081610.1	0
ENSMUSG00000081611.1	1.63071168215464
ENSMUSG00000081612.1	0
ENSMUSG00000081613.1	0
ENSMUSG00000081614.1	0
ENSMUSG00000081615.1	0
ENSMUSG00000081616.1	0
ENSMUSG00000081617.1	0
ENSMUSG00000081618.2	0
ENSMUSG00000081619.1	0
ENSMUSG00000081620.1	0
ENSMUSG00000081621.1	0
ENSMUSG00000081622.1	3.41807430948765
ENSMUSG00000081623.1	0
ENSMUSG00000081624.1	0
ENSMUSG00000081625.1	0
ENSMUSG00000081626.3	0
ENSMUSG00000081627.1	0
ENSMUSG00000081628.1	0
ENSMUSG00000081629.1	0
ENSMUSG00000081630.1	0
ENSMUSG00000081631.1	0
ENSMUSG00000081632.1	0
ENSMUSG00000081633.1	0
ENSMUSG00000081635.1	0
ENSMUSG00000081636.2	0
ENSMUSG00000081638.4	0
ENSMUSG00000081639.1	0
ENSMUSG00000081640.1	43.4049212947528
ENSMUSG00000081641.3	0
ENSMUSG00000081642.1	0
ENSMUSG00000081643.1	10.0904245303167
ENSMUSG00000081646.1	0
ENSMUSG00000081647.1	0
ENSMUSG00000081648.1	47.679722401252
ENSMUSG00000081649.2	0
ENSMUSG00000081650.1	0
ENSMUSG00000081651.1	0
ENSMUSG00000081652.1	0
ENSMUSG00000081653.1	0
ENSMUSG00000081654.1	0
ENSMUSG00000081656.1	0
ENSMUSG00000081657.1	0
ENSMUSG00000081658.1	0
ENSMUSG00000081659.1	0
ENSMUSG00000081660.1	0
ENSMUSG00000081661.1	0
ENSMUSG00000081662.1	0
ENSMUSG00000081663.1	0
ENSMUSG00000081664.1	0
ENSMUSG00000081665.2	0
ENSMUSG00000081666.1	109.163767045058
ENSMUSG00000081667.1	0
ENSMUSG00000081668.2	0
ENSMUSG00000081669.1	0
ENSMUSG00000081670.1	0
ENSMUSG00000081671.1	89.2857952053872
ENSMUSG00000081672.1	0
ENSMUSG00000081673.1	19.8257860695298
ENSMUSG00000081674.1	0
ENSMUSG00000081675.1	9.485512801187
ENSMUSG00000081676.1	0
ENSMUSG00000081677.1	0
ENSMUSG00000081678.1	0
ENSMUSG00000081679.1	0
ENSMUSG00000081680.1	0
ENSMUSG00000081681.1	0
ENSMUSG00000081683.5	32.7781256759941
ENSMUSG00000081684.4	0
ENSMUSG00000081685.1	0
ENSMUSG00000081686.1	0
ENSMUSG00000081687.1	0
ENSMUSG00000081688.1	0
ENSMUSG00000081689.1	0
ENSMUSG00000081690.1	0
ENSMUSG00000081691.1	0
ENSMUSG00000081692.1	0
ENSMUSG00000081693.2	0
ENSMUSG00000081694.1	0
ENSMUSG00000081695.1	0
ENSMUSG00000081696.2	0
ENSMUSG00000081697.1	0
ENSMUSG00000081698.1	0
ENSMUSG00000081699.1	0
ENSMUSG00000081700.1	49.0942002224392
ENSMUSG00000081701.1	0
ENSMUSG00000081703.1	0
ENSMUSG00000081704.1	0
ENSMUSG00000081705.1	0
ENSMUSG00000081706.1	4.18931257514963
ENSMUSG00000081707.1	0
ENSMUSG00000081709.1	0
ENSMUSG00000081711.1	0
ENSMUSG00000081712.1	0
ENSMUSG00000081713.1	0
ENSMUSG00000081714.1	0
ENSMUSG00000081715.1	25.8414757532782
ENSMUSG00000081716.1	0
ENSMUSG00000081717.1	0
ENSMUSG00000081718.1	0
ENSMUSG00000081719.1	0
ENSMUSG00000081720.1	0
ENSMUSG00000081721.3	73.5656746631732
ENSMUSG00000081722.1	0
ENSMUSG00000081723.1	0
ENSMUSG00000081724.4	0
ENSMUSG00000081728.1	0
ENSMUSG00000081729.1	0
ENSMUSG00000081730.1	0
ENSMUSG00000081731.1	0
ENSMUSG00000081732.1	0
ENSMUSG00000081733.1	0
ENSMUSG00000081734.1	0
ENSMUSG00000081735.1	0
ENSMUSG00000081736.1	0
ENSMUSG00000081737.2	0
ENSMUSG00000081738.1	0
ENSMUSG00000081739.3	0
ENSMUSG00000081740.3	0
ENSMUSG00000081741.1	0
ENSMUSG00000081742.2	0
ENSMUSG00000081743.3	0
ENSMUSG00000081744.1	0
ENSMUSG00000081745.1	0
ENSMUSG00000081746.2	0
ENSMUSG00000081747.1	0
ENSMUSG00000081748.1	0
ENSMUSG00000081749.3	0
ENSMUSG00000081750.3	6.42943045467578
ENSMUSG00000081751.1	0
ENSMUSG00000081752.3	1.85034760588849
ENSMUSG00000081755.1	0
ENSMUSG00000081756.1	0
ENSMUSG00000081757.1	0
ENSMUSG00000081758.1	6.47709054499006
ENSMUSG00000081761.2	0
ENSMUSG00000081762.1	0
ENSMUSG00000081763.1	0
ENSMUSG00000081765.1	0
ENSMUSG00000081766.3	0
ENSMUSG00000081767.1	0
ENSMUSG00000081768.2	0
ENSMUSG00000081769.9	0
ENSMUSG00000081770.1	0
ENSMUSG00000081771.1	0
ENSMUSG00000081772.1	0
ENSMUSG00000081773.1	0
ENSMUSG00000081774.1	0
ENSMUSG00000081775.1	1.71829138970007
ENSMUSG00000081777.1	0
ENSMUSG00000081778.1	0
ENSMUSG00000081779.1	0
ENSMUSG00000081781.1	0
ENSMUSG00000081782.1	0
ENSMUSG00000081783.2	0
ENSMUSG00000081784.1	0
ENSMUSG00000081786.1	0
ENSMUSG00000081787.1	11.0485577670343
ENSMUSG00000081788.2	11.2383866270811
ENSMUSG00000081789.1	0
ENSMUSG00000081791.1	0
ENSMUSG00000081792.4	0
ENSMUSG00000081793.1	0
ENSMUSG00000081796.1	0
ENSMUSG00000081797.1	0
ENSMUSG00000081798.1	0
ENSMUSG00000081799.1	0
ENSMUSG00000081800.3	0
ENSMUSG00000081801.1	0
ENSMUSG00000081803.1	0
ENSMUSG00000081804.1	0
ENSMUSG00000081805.1	0
ENSMUSG00000081806.1	0
ENSMUSG00000081807.1	0
ENSMUSG00000081809.2	0
ENSMUSG00000081810.1	0
ENSMUSG00000081811.1	0
ENSMUSG00000081812.1	0
ENSMUSG00000081813.1	0
ENSMUSG00000081814.1	0
ENSMUSG00000081816.1	0
ENSMUSG00000081817.1	0
ENSMUSG00000081819.1	4.22757797837511
ENSMUSG00000081820.1	0
ENSMUSG00000081821.1	0
ENSMUSG00000081822.1	0
ENSMUSG00000081823.1	0
ENSMUSG00000081824.5	22865.0922203083
ENSMUSG00000081827.1	0
ENSMUSG00000081828.1	0
ENSMUSG00000081829.1	0
ENSMUSG00000081830.1	0
ENSMUSG00000081831.1	0
ENSMUSG00000081832.1	0
ENSMUSG00000081833.1	0
ENSMUSG00000081834.1	0
ENSMUSG00000081835.1	0
ENSMUSG00000081836.3	0
ENSMUSG00000081837.1	0
ENSMUSG00000081838.1	0
ENSMUSG00000081839.1	0
ENSMUSG00000081840.1	0
ENSMUSG00000081841.1	0
ENSMUSG00000081842.1	0
ENSMUSG00000081843.1	0
ENSMUSG00000081844.1	0
ENSMUSG00000081845.1	0
ENSMUSG00000081847.1	0
ENSMUSG00000081848.1	0
ENSMUSG00000081849.2	0
ENSMUSG00000081851.1	0
ENSMUSG00000081852.1	0
ENSMUSG00000081853.1	0
ENSMUSG00000081854.1	0
ENSMUSG00000081855.4	170.881773730119
ENSMUSG00000081856.1	0
ENSMUSG00000081857.1	0
ENSMUSG00000081858.1	0
ENSMUSG00000081859.3	0
ENSMUSG00000081860.1	0
ENSMUSG00000081861.1	0
ENSMUSG00000081862.1	0
ENSMUSG00000081863.1	0
ENSMUSG00000081864.2	0
ENSMUSG00000081865.1	0
ENSMUSG00000081866.1	0
ENSMUSG00000081868.1	0
ENSMUSG00000081869.1	0
ENSMUSG00000081870.1	0
ENSMUSG00000081871.1	47.1268403843384
ENSMUSG00000081872.1	0
ENSMUSG00000081873.1	0
ENSMUSG00000081874.1	0
ENSMUSG00000081875.1	0
ENSMUSG00000081876.1	0
ENSMUSG00000081877.1	0
ENSMUSG00000081878.1	0
ENSMUSG00000081879.1	0
ENSMUSG00000081880.1	0
ENSMUSG00000081881.1	0
ENSMUSG00000081882.1	0
ENSMUSG00000081883.2	0
ENSMUSG00000081884.1	0
ENSMUSG00000081885.1	0
ENSMUSG00000081886.1	0
ENSMUSG00000081887.1	1.23491757260954
ENSMUSG00000081888.1	16.9409616899828
ENSMUSG00000081889.1	0
ENSMUSG00000081890.1	0
ENSMUSG00000081891.1	0
ENSMUSG00000081892.2	0
ENSMUSG00000081893.1	0
ENSMUSG00000081894.1	0
ENSMUSG00000081895.3	34.7361532501762
ENSMUSG00000081896.1	9.06836996749326
ENSMUSG00000081897.1	0
ENSMUSG00000081898.1	0
ENSMUSG00000081900.1	0
ENSMUSG00000081901.1	0
ENSMUSG00000081903.1	0
ENSMUSG00000081904.2	0
ENSMUSG00000081905.1	0
ENSMUSG00000081906.2	0
ENSMUSG00000081907.1	0
ENSMUSG00000081908.2	0
ENSMUSG00000081909.1	0
ENSMUSG00000081910.1	0
ENSMUSG00000081911.1	12.3524529425217
ENSMUSG00000081912.1	0
ENSMUSG00000081913.1	0
ENSMUSG00000081914.1	0
ENSMUSG00000081916.1	0
ENSMUSG00000081917.1	0
ENSMUSG00000081918.4	0
ENSMUSG00000081919.2	0
ENSMUSG00000081920.2	0
ENSMUSG00000081921.1	0
ENSMUSG00000081923.1	0
ENSMUSG00000081924.1	0
ENSMUSG00000081925.1	0
ENSMUSG00000081926.1	0
ENSMUSG00000081928.1	0
ENSMUSG00000081929.1	0
ENSMUSG00000081931.1	0
ENSMUSG00000081932.1	0
ENSMUSG00000081933.1	0
ENSMUSG00000081934.1	0
ENSMUSG00000081935.1	0
ENSMUSG00000081936.1	0
ENSMUSG00000081937.1	0
ENSMUSG00000081938.1	0
ENSMUSG00000081939.2	0
ENSMUSG00000081940.1	0
ENSMUSG00000081941.1	0
ENSMUSG00000081942.1	0
ENSMUSG00000081943.1	0
ENSMUSG00000081944.1	204.984706343559
ENSMUSG00000081945.4	0
ENSMUSG00000081946.1	0
ENSMUSG00000081947.2	0
ENSMUSG00000081948.4	0
ENSMUSG00000081949.3	0
ENSMUSG00000081950.1	0
ENSMUSG00000081951.1	0
ENSMUSG00000081952.1	0
ENSMUSG00000081953.1	0
ENSMUSG00000081954.1	0
ENSMUSG00000081955.2	0
ENSMUSG00000081957.5	0
ENSMUSG00000081958.1	0
ENSMUSG00000081959.1	0
ENSMUSG00000081960.3	0
ENSMUSG00000081961.1	0
ENSMUSG00000081962.1	0
ENSMUSG00000081964.1	0
ENSMUSG00000081965.1	0.927608306575229
ENSMUSG00000081966.1	0
ENSMUSG00000081967.1	6.11806368258983
ENSMUSG00000081968.1	0
ENSMUSG00000081969.1	0
ENSMUSG00000081970.1	0
ENSMUSG00000081971.1	0
ENSMUSG00000081972.1	0
ENSMUSG00000081973.1	0
ENSMUSG00000081974.3	1.99148639331558
ENSMUSG00000081975.1	6.22789725024926
ENSMUSG00000081976.1	0
ENSMUSG00000081978.1	0
ENSMUSG00000081979.1	0
ENSMUSG00000081980.1	0
ENSMUSG00000081982.5	0
ENSMUSG00000081984.3	78.7889646266211
ENSMUSG00000081985.1	0
ENSMUSG00000081986.1	0
ENSMUSG00000081987.1	0
ENSMUSG00000081988.1	0
ENSMUSG00000081991.1	0
ENSMUSG00000081992.1	5.47934980689146
ENSMUSG00000081993.1	0
ENSMUSG00000081994.1	0
ENSMUSG00000081995.1	0
ENSMUSG00000081996.1	0
ENSMUSG00000081998.1	0
ENSMUSG00000081999.3	42.0347639242836
ENSMUSG00000082000.1	0
ENSMUSG00000082001.3	0
ENSMUSG00000082002.1	2.75098910301281
ENSMUSG00000082005.1	0
ENSMUSG00000082006.1	0
ENSMUSG00000082007.1	0
ENSMUSG00000082008.1	0
ENSMUSG00000082009.1	0
ENSMUSG00000082010.3	0
ENSMUSG00000082011.1	0
ENSMUSG00000082012.1	0
ENSMUSG00000082013.1	0
ENSMUSG00000082014.2	0
ENSMUSG00000082015.1	0
ENSMUSG00000082016.3	150.090426066638
ENSMUSG00000082017.1	0
ENSMUSG00000082018.2	1.8031556893494
ENSMUSG00000082019.1	0
ENSMUSG00000082020.1	0
ENSMUSG00000082021.1	0
ENSMUSG00000082022.1	0
ENSMUSG00000082023.3	0
ENSMUSG00000082024.1	0
ENSMUSG00000082025.1	0
ENSMUSG00000082026.1	0
ENSMUSG00000082027.1	0
ENSMUSG00000082028.1	0
ENSMUSG00000082029.1	8.1797449305988
ENSMUSG00000082030.1	0
ENSMUSG00000082031.1	0
ENSMUSG00000082032.1	0
ENSMUSG00000082033.3	0
ENSMUSG00000082035.1	71.0202762706386
ENSMUSG00000082036.1	0
ENSMUSG00000082037.1	0
ENSMUSG00000082038.1	0
ENSMUSG00000082039.2	0
ENSMUSG00000082040.1	0
ENSMUSG00000082042.1	0
ENSMUSG00000082043.1	0
ENSMUSG00000082044.1	58.0101015971458
ENSMUSG00000082045.4	48.7100168225188
ENSMUSG00000082046.1	0
ENSMUSG00000082047.1	0
ENSMUSG00000082048.1	0
ENSMUSG00000082049.1	0
ENSMUSG00000082051.1	0
ENSMUSG00000082052.1	0
ENSMUSG00000082053.1	0
ENSMUSG00000082054.1	0
ENSMUSG00000082056.1	0
ENSMUSG00000082057.1	0
ENSMUSG00000082058.1	0
ENSMUSG00000082059.1	0
ENSMUSG00000082060.1	0
ENSMUSG00000082061.1	0
ENSMUSG00000082062.1	0
ENSMUSG00000082063.1	96.5641183492364
ENSMUSG00000082064.3	2.12816192408587
ENSMUSG00000082065.1	0
ENSMUSG00000082066.1	0
ENSMUSG00000082068.1	0
ENSMUSG00000082069.2	0
ENSMUSG00000082070.1	8.82679229949554
ENSMUSG00000082071.1	0
ENSMUSG00000082072.1	2.76519037419355
ENSMUSG00000082073.1	0
ENSMUSG00000082074.1	0
ENSMUSG00000082076.1	0
ENSMUSG00000082077.1	0
ENSMUSG00000082078.1	0
ENSMUSG00000082079.2	0
ENSMUSG00000082080.3	0
ENSMUSG00000082081.1	0
ENSMUSG00000082082.1	3.29675487854358
ENSMUSG00000082083.2	0
ENSMUSG00000082084.1	0
ENSMUSG00000082085.1	0
ENSMUSG00000082087.4	0
ENSMUSG00000082088.1	0
ENSMUSG00000082089.1	0
ENSMUSG00000082090.1	0
ENSMUSG00000082091.1	0
ENSMUSG00000082092.1	0
ENSMUSG00000082093.2	0
ENSMUSG00000082095.1	0
ENSMUSG00000082096.1	0
ENSMUSG00000082097.1	0
ENSMUSG00000082098.1	0
ENSMUSG00000082099.1	69.5888817703745
ENSMUSG00000082100.1	4.9091141487108
ENSMUSG00000082101.3	0
ENSMUSG00000082103.2	0
ENSMUSG00000082104.1	0
ENSMUSG00000082106.3	0
ENSMUSG00000082107.1	0
ENSMUSG00000082108.3	0
ENSMUSG00000082109.1	3.36345403571556
ENSMUSG00000082110.1	0
ENSMUSG00000082111.1	0
ENSMUSG00000082112.1	0
ENSMUSG00000082113.1	0
ENSMUSG00000082114.2	0
ENSMUSG00000082115.2	0
ENSMUSG00000082116.1	0
ENSMUSG00000082117.1	0
ENSMUSG00000082118.1	0
ENSMUSG00000082119.1	0
ENSMUSG00000082120.1	276.359327738846
ENSMUSG00000082121.1	0
ENSMUSG00000082122.1	0
ENSMUSG00000082123.1	0
ENSMUSG00000082125.1	0
ENSMUSG00000082126.1	0
ENSMUSG00000082127.2	0
ENSMUSG00000082128.1	0
ENSMUSG00000082129.1	0
ENSMUSG00000082130.1	0
ENSMUSG00000082132.1	0
ENSMUSG00000082134.1	0
ENSMUSG00000082135.1	0
ENSMUSG00000082136.1	0
ENSMUSG00000082138.1	0
ENSMUSG00000082139.1	0
ENSMUSG00000082140.1	0
ENSMUSG00000082141.1	0
ENSMUSG00000082142.1	0
ENSMUSG00000082143.1	0
ENSMUSG00000082144.1	0
ENSMUSG00000082145.1	197.666401159308
ENSMUSG00000082146.1	0
ENSMUSG00000082147.1	0
ENSMUSG00000082148.1	0
ENSMUSG00000082149.1	0
ENSMUSG00000082151.3	0
ENSMUSG00000082152.1	0
ENSMUSG00000082154.1	0
ENSMUSG00000082155.1	0
ENSMUSG00000082156.1	0
ENSMUSG00000082157.1	0
ENSMUSG00000082158.1	0
ENSMUSG00000082159.2	0
ENSMUSG00000082160.1	283.525632504085
ENSMUSG00000082161.1	0
ENSMUSG00000082162.1	0
ENSMUSG00000082163.2	7.94025843879693
ENSMUSG00000082164.1	0
ENSMUSG00000082165.1	0
ENSMUSG00000082167.1	0
ENSMUSG00000082168.1	0
ENSMUSG00000082169.1	0
ENSMUSG00000082170.1	0
ENSMUSG00000082171.1	0
ENSMUSG00000082172.1	0
ENSMUSG00000082173.1	0
ENSMUSG00000082174.1	0
ENSMUSG00000082175.1	0
ENSMUSG00000082176.1	0
ENSMUSG00000082177.2	0
ENSMUSG00000082178.1	0
ENSMUSG00000082179.1	0
ENSMUSG00000082180.1	0
ENSMUSG00000082181.1	0
ENSMUSG00000082183.1	0
ENSMUSG00000082185.1	246.653202317719
ENSMUSG00000082186.2	1.90418759003527
ENSMUSG00000082187.1	0
ENSMUSG00000082188.1	0
ENSMUSG00000082189.1	0
ENSMUSG00000082190.1	0
ENSMUSG00000082191.1	0
ENSMUSG00000082192.2	7.07582238028726
ENSMUSG00000082193.1	0
ENSMUSG00000082194.3	55.7506325349118
ENSMUSG00000082195.3	0
ENSMUSG00000082196.3	0
ENSMUSG00000082197.1	0
ENSMUSG00000082198.1	0
ENSMUSG00000082199.1	0
ENSMUSG00000082200.1	0
ENSMUSG00000082202.3	0
ENSMUSG00000082203.1	0
ENSMUSG00000082204.2	0
ENSMUSG00000082205.1	0
ENSMUSG00000082207.1	0
ENSMUSG00000082208.1	135.131400024957
ENSMUSG00000082210.1	0
ENSMUSG00000082211.3	0
ENSMUSG00000082212.1	0
ENSMUSG00000082213.1	0
ENSMUSG00000082214.1	0
ENSMUSG00000082215.3	0
ENSMUSG00000082216.4	0
ENSMUSG00000082217.1	0
ENSMUSG00000082218.1	0
ENSMUSG00000082220.3	0
ENSMUSG00000082222.1	0
ENSMUSG00000082223.1	0
ENSMUSG00000082225.1	0
ENSMUSG00000082226.3	158.868934044119
ENSMUSG00000082227.4	0
ENSMUSG00000082228.1	0
ENSMUSG00000082229.1	2218.68831737234
ENSMUSG00000082233.2	0
ENSMUSG00000082234.1	0
ENSMUSG00000082235.3	3.57818974060242
ENSMUSG00000082236.1	0
ENSMUSG00000082237.2	0
ENSMUSG00000082238.1	0
ENSMUSG00000082239.1	0
ENSMUSG00000082240.1	0
ENSMUSG00000082241.4	0
ENSMUSG00000082242.1	0
ENSMUSG00000082243.1	0
ENSMUSG00000082244.1	0
ENSMUSG00000082245.1	0
ENSMUSG00000082246.1	0
ENSMUSG00000082247.1	0
ENSMUSG00000082248.1	0
ENSMUSG00000082249.1	0
ENSMUSG00000082250.1	0
ENSMUSG00000082251.1	0
ENSMUSG00000082252.1	0
ENSMUSG00000082253.3	2.13359273987806
ENSMUSG00000082254.1	0
ENSMUSG00000082255.1	0
ENSMUSG00000082256.1	0
ENSMUSG00000082258.1	0
ENSMUSG00000082259.1	0
ENSMUSG00000082260.3	15.5380945784203
ENSMUSG00000082261.1	0
ENSMUSG00000082262.1	0
ENSMUSG00000082263.1	0
ENSMUSG00000082264.1	4.79366249574909
ENSMUSG00000082265.1	0
ENSMUSG00000082266.1	0
ENSMUSG00000082267.1	0
ENSMUSG00000082268.1	0
ENSMUSG00000082269.1	0
ENSMUSG00000082270.1	0
ENSMUSG00000082271.1	0
ENSMUSG00000082272.1	4.49421854913797
ENSMUSG00000082274.1	3.27543736597995
ENSMUSG00000082275.1	0
ENSMUSG00000082276.1	0
ENSMUSG00000082277.2	0
ENSMUSG00000082278.1	0
ENSMUSG00000082279.1	0
ENSMUSG00000082280.4	0
ENSMUSG00000082281.1	0
ENSMUSG00000082283.1	0
ENSMUSG00000082284.1	0
ENSMUSG00000082285.1	0
ENSMUSG00000082286.11	438.964725471167
ENSMUSG00000082287.1	0
ENSMUSG00000082288.1	0
ENSMUSG00000082289.1	0
ENSMUSG00000082291.1	0
ENSMUSG00000082292.3	0
ENSMUSG00000082294.2	0
ENSMUSG00000082295.1	0
ENSMUSG00000082296.1	0
ENSMUSG00000082297.2	0
ENSMUSG00000082301.1	0
ENSMUSG00000082302.1	0
ENSMUSG00000082303.1	0
ENSMUSG00000082304.1	0
ENSMUSG00000082305.4	0
ENSMUSG00000082306.2	0
ENSMUSG00000082307.3	0
ENSMUSG00000082308.1	0
ENSMUSG00000082309.3	0
ENSMUSG00000082310.1	0
ENSMUSG00000082311.1	0
ENSMUSG00000082312.1	0
ENSMUSG00000082313.1	0
ENSMUSG00000082314.2	0
ENSMUSG00000082315.2	0
ENSMUSG00000082316.4	0
ENSMUSG00000082317.2	0
ENSMUSG00000082318.3	0
ENSMUSG00000082319.3	4.70564582601349
ENSMUSG00000082320.1	0
ENSMUSG00000082321.3	0
ENSMUSG00000082322.2	0
ENSMUSG00000082323.2	0
ENSMUSG00000082324.1	0
ENSMUSG00000082325.1	2.10562715970675
ENSMUSG00000082326.1	0
ENSMUSG00000082327.1	0
ENSMUSG00000082328.1	0
ENSMUSG00000082329.1	0
ENSMUSG00000082330.1	0
ENSMUSG00000082332.2	0
ENSMUSG00000082333.1	0
ENSMUSG00000082334.1	0
ENSMUSG00000082336.1	0
ENSMUSG00000082337.1	0
ENSMUSG00000082338.1	0
ENSMUSG00000082339.1	0
ENSMUSG00000082340.1	0
ENSMUSG00000082341.1	0
ENSMUSG00000082342.1	0
ENSMUSG00000082343.1	0
ENSMUSG00000082344.1	0
ENSMUSG00000082345.1	5.02013375660071
ENSMUSG00000082346.1	0
ENSMUSG00000082347.1	0
ENSMUSG00000082348.1	0
ENSMUSG00000082350.1	0
ENSMUSG00000082351.1	0
ENSMUSG00000082352.1	0
ENSMUSG00000082353.1	0
ENSMUSG00000082354.1	0
ENSMUSG00000082356.1	0
ENSMUSG00000082357.1	0
ENSMUSG00000082358.1	0
ENSMUSG00000082359.1	0
ENSMUSG00000082360.1	0
ENSMUSG00000082361.6	0
ENSMUSG00000082362.1	3.65968318907039
ENSMUSG00000082363.1	0
ENSMUSG00000082364.1	0
ENSMUSG00000082365.2	0
ENSMUSG00000082367.1	0
ENSMUSG00000082368.1	0
ENSMUSG00000082369.1	0
ENSMUSG00000082370.1	0
ENSMUSG00000082371.1	0
ENSMUSG00000082372.1	0
ENSMUSG00000082373.2	0
ENSMUSG00000082374.1	0
ENSMUSG00000082375.1	0
ENSMUSG00000082376.1	0
ENSMUSG00000082377.1	0
ENSMUSG00000082378.2	0
ENSMUSG00000082379.1	0
ENSMUSG00000082380.1	0
ENSMUSG00000082381.1	0
ENSMUSG00000082382.1	0
ENSMUSG00000082383.2	0
ENSMUSG00000082388.1	0
ENSMUSG00000082389.2	2.51624677213285
ENSMUSG00000082390.1	0
ENSMUSG00000082392.1	0
ENSMUSG00000082393.2	0
ENSMUSG00000082394.1	0
ENSMUSG00000082395.1	0
ENSMUSG00000082396.4	14.3319852987775
ENSMUSG00000082397.1	0
ENSMUSG00000082398.1	0
ENSMUSG00000082399.1	0
ENSMUSG00000082400.1	0
ENSMUSG00000082402.1	0
ENSMUSG00000082403.1	0
ENSMUSG00000082404.1	0
ENSMUSG00000082405.1	0
ENSMUSG00000082406.1	0
ENSMUSG00000082407.1	0
ENSMUSG00000082408.1	0
ENSMUSG00000082410.1	0
ENSMUSG00000082411.1	0
ENSMUSG00000082412.1	0
ENSMUSG00000082413.1	0
ENSMUSG00000082414.2	0
ENSMUSG00000082415.1	0
ENSMUSG00000082416.1	0
ENSMUSG00000082417.1	0
ENSMUSG00000082418.1	0
ENSMUSG00000082419.3	22.3119448737104
ENSMUSG00000082420.2	0
ENSMUSG00000082421.1	0
ENSMUSG00000082422.1	0
ENSMUSG00000082423.1	0
ENSMUSG00000082424.4	0
ENSMUSG00000082426.1	0
ENSMUSG00000082427.2	0
ENSMUSG00000082428.1	0
ENSMUSG00000082429.1	0
ENSMUSG00000082431.3	162.550621400624
ENSMUSG00000082432.1	0
ENSMUSG00000082433.2	0
ENSMUSG00000082435.1	0
ENSMUSG00000082436.1	0
ENSMUSG00000082437.1	0
ENSMUSG00000082440.1	0
ENSMUSG00000082442.1	0
ENSMUSG00000082443.1	0
ENSMUSG00000082444.1	0
ENSMUSG00000082446.1	0
ENSMUSG00000082447.1	0
ENSMUSG00000082448.1	0
ENSMUSG00000082449.1	0
ENSMUSG00000082450.1	0
ENSMUSG00000082451.1	0
ENSMUSG00000082453.1	0
ENSMUSG00000082454.3	29.7883367360497
ENSMUSG00000082455.3	0
ENSMUSG00000082456.1	371.966436468425
ENSMUSG00000082457.1	0
ENSMUSG00000082458.1	0
ENSMUSG00000082459.1	0
ENSMUSG00000082460.1	0
ENSMUSG00000082461.1	0
ENSMUSG00000082462.1	0
ENSMUSG00000082463.1	0
ENSMUSG00000082464.3	0
ENSMUSG00000082465.1	0
ENSMUSG00000082467.1	0
ENSMUSG00000082468.1	0
ENSMUSG00000082472.1	0
ENSMUSG00000082473.1	0
ENSMUSG00000082474.3	40.3781778381535
ENSMUSG00000082475.2	0
ENSMUSG00000082476.1	0
ENSMUSG00000082478.1	0
ENSMUSG00000082479.3	0
ENSMUSG00000082480.1	2.3925240491428
ENSMUSG00000082481.1	0
ENSMUSG00000082482.2	0
ENSMUSG00000082483.1	0
ENSMUSG00000082484.1	0
ENSMUSG00000082485.1	0
ENSMUSG00000082486.1	0
ENSMUSG00000082487.1	0
ENSMUSG00000082488.2	0
ENSMUSG00000082489.1	0
ENSMUSG00000082490.1	0
ENSMUSG00000082491.1	10.6815407388708
ENSMUSG00000082492.1	0
ENSMUSG00000082494.1	0
ENSMUSG00000082495.2	0
ENSMUSG00000082496.3	0
ENSMUSG00000082497.1	0
ENSMUSG00000082498.1	0
ENSMUSG00000082499.1	0
ENSMUSG00000082500.1	0
ENSMUSG00000082501.1	0
ENSMUSG00000082502.1	0
ENSMUSG00000082503.1	0
ENSMUSG00000082504.1	0
ENSMUSG00000082505.1	0
ENSMUSG00000082507.1	0
ENSMUSG00000082508.1	0
ENSMUSG00000082510.1	0
ENSMUSG00000082511.1	0
ENSMUSG00000082512.1	0
ENSMUSG00000082513.1	0
ENSMUSG00000082514.1	0
ENSMUSG00000082515.1	0
ENSMUSG00000082516.1	0
ENSMUSG00000082517.1	0
ENSMUSG00000082519.1	0
ENSMUSG00000082520.2	0
ENSMUSG00000082523.1	0
ENSMUSG00000082524.3	0
ENSMUSG00000082526.1	0
ENSMUSG00000082527.1	0
ENSMUSG00000082528.1	0
ENSMUSG00000082529.1	0
ENSMUSG00000082530.1	7.11811407797936
ENSMUSG00000082531.1	0
ENSMUSG00000082532.1	0
ENSMUSG00000082533.1	0
ENSMUSG00000082534.1	0
ENSMUSG00000082535.1	2.1791616539965
ENSMUSG00000082536.1	1042.17742075911
ENSMUSG00000082537.1	0
ENSMUSG00000082538.1	0
ENSMUSG00000082539.1	0
ENSMUSG00000082540.1	0
ENSMUSG00000082541.1	0
ENSMUSG00000082542.2	0
ENSMUSG00000082543.1	4.43775679185013
ENSMUSG00000082544.1	0
ENSMUSG00000082545.1	0
ENSMUSG00000082546.1	0
ENSMUSG00000082547.2	0
ENSMUSG00000082548.1	0
ENSMUSG00000082549.1	109.686904421455
ENSMUSG00000082550.1	0
ENSMUSG00000082551.1	0
ENSMUSG00000082552.1	0
ENSMUSG00000082553.1	0
ENSMUSG00000082554.1	22.8969748231871
ENSMUSG00000082555.1	0
ENSMUSG00000082556.1	0
ENSMUSG00000082558.1	0
ENSMUSG00000082560.1	0
ENSMUSG00000082561.1	0
ENSMUSG00000082562.1	0
ENSMUSG00000082563.1	0
ENSMUSG00000082564.1	0
ENSMUSG00000082565.1	0
ENSMUSG00000082566.1	0
ENSMUSG00000082567.1	0
ENSMUSG00000082569.1	0
ENSMUSG00000082570.1	0
ENSMUSG00000082571.1	0
ENSMUSG00000082573.1	0
ENSMUSG00000082574.3	0
ENSMUSG00000082575.1	48.66344913768
ENSMUSG00000082576.1	0
ENSMUSG00000082577.2	0
ENSMUSG00000082578.1	0
ENSMUSG00000082579.1	0
ENSMUSG00000082580.3	0
ENSMUSG00000082581.2	0
ENSMUSG00000082583.2	0
ENSMUSG00000082584.1	0
ENSMUSG00000082585.3	0
ENSMUSG00000082586.2	0
ENSMUSG00000082587.1	0
ENSMUSG00000082588.1	0
ENSMUSG00000082589.1	0
ENSMUSG00000082590.1	0
ENSMUSG00000082591.1	0
ENSMUSG00000082592.1	0
ENSMUSG00000082593.1	0
ENSMUSG00000082594.1	0
ENSMUSG00000082595.1	0
ENSMUSG00000082596.1	3.11348045134944
ENSMUSG00000082597.1	0
ENSMUSG00000082598.1	0
ENSMUSG00000082599.3	0
ENSMUSG00000082600.1	0
ENSMUSG00000082601.1	0
ENSMUSG00000082602.1	0
ENSMUSG00000082604.3	0
ENSMUSG00000082605.1	0
ENSMUSG00000082606.1	0
ENSMUSG00000082607.1	0
ENSMUSG00000082608.1	0
ENSMUSG00000082609.1	0
ENSMUSG00000082610.1	0
ENSMUSG00000082611.1	0
ENSMUSG00000082612.1	0
ENSMUSG00000082613.1	0
ENSMUSG00000082614.1	0
ENSMUSG00000082615.1	0
ENSMUSG00000082616.1	0
ENSMUSG00000082617.3	0
ENSMUSG00000082618.1	0
ENSMUSG00000082619.1	0
ENSMUSG00000082620.1	0
ENSMUSG00000082621.1	0
ENSMUSG00000082622.1	0
ENSMUSG00000082623.1	0
ENSMUSG00000082624.1	0
ENSMUSG00000082625.1	0
ENSMUSG00000082626.1	0
ENSMUSG00000082628.1	0
ENSMUSG00000082629.3	0
ENSMUSG00000082630.1	0
ENSMUSG00000082632.2	0
ENSMUSG00000082633.1	0
ENSMUSG00000082634.1	0
ENSMUSG00000082635.2	0
ENSMUSG00000082636.1	0
ENSMUSG00000082637.2	0
ENSMUSG00000082638.1	0
ENSMUSG00000082639.8	0
ENSMUSG00000082641.1	0
ENSMUSG00000082644.1	0
ENSMUSG00000082645.3	0
ENSMUSG00000082646.1	0
ENSMUSG00000082647.1	0
ENSMUSG00000082648.1	0
ENSMUSG00000082649.1	0
ENSMUSG00000082650.1	0
ENSMUSG00000082651.1	0
ENSMUSG00000082652.1	0
ENSMUSG00000082653.1	0
ENSMUSG00000082655.1	0
ENSMUSG00000082656.1	0
ENSMUSG00000082657.1	0
ENSMUSG00000082658.1	0
ENSMUSG00000082660.1	0
ENSMUSG00000082661.1	0
ENSMUSG00000082662.1	555.871400102987
ENSMUSG00000082663.2	0
ENSMUSG00000082664.1	0
ENSMUSG00000082665.1	0
ENSMUSG00000082666.1	0
ENSMUSG00000082667.1	0
ENSMUSG00000082669.1	0
ENSMUSG00000082670.1	0
ENSMUSG00000082671.2	0
ENSMUSG00000082672.1	0
ENSMUSG00000082673.1	0
ENSMUSG00000082674.1	0
ENSMUSG00000082675.1	1.93798973660394
ENSMUSG00000082676.1	0
ENSMUSG00000082677.1	0
ENSMUSG00000082678.1	0
ENSMUSG00000082679.1	0
ENSMUSG00000082680.1	0
ENSMUSG00000082681.1	0
ENSMUSG00000082682.1	0
ENSMUSG00000082683.1	0
ENSMUSG00000082684.1	0
ENSMUSG00000082686.1	0
ENSMUSG00000082687.1	0
ENSMUSG00000082688.1	0
ENSMUSG00000082689.1	4.34184359110633
ENSMUSG00000082690.1	0
ENSMUSG00000082691.6	0
ENSMUSG00000082692.2	0
ENSMUSG00000082693.3	19.6906086948401
ENSMUSG00000082696.1	0
ENSMUSG00000082698.1	0
ENSMUSG00000082699.1	0
ENSMUSG00000082700.1	0
ENSMUSG00000082701.1	0
ENSMUSG00000082703.1	0
ENSMUSG00000082704.1	0
ENSMUSG00000082705.1	0
ENSMUSG00000082706.1	0
ENSMUSG00000082707.1	0
ENSMUSG00000082708.1	0
ENSMUSG00000082709.1	0
ENSMUSG00000082710.1	0
ENSMUSG00000082711.1	0
ENSMUSG00000082712.2	0
ENSMUSG00000082713.1	0
ENSMUSG00000082714.1	0
ENSMUSG00000082715.1	4.85333904629323
ENSMUSG00000082716.1	0
ENSMUSG00000082717.1	0
ENSMUSG00000082718.1	0
ENSMUSG00000082720.1	0
ENSMUSG00000082721.1	0
ENSMUSG00000082722.1	0
ENSMUSG00000082723.1	0
ENSMUSG00000082724.3	0
ENSMUSG00000082725.1	0
ENSMUSG00000082726.1	0
ENSMUSG00000082727.2	0
ENSMUSG00000082728.1	0
ENSMUSG00000082729.3	0
ENSMUSG00000082730.2	0
ENSMUSG00000082732.1	0
ENSMUSG00000082733.1	0
ENSMUSG00000082734.2	0
ENSMUSG00000082735.1	0
ENSMUSG00000082736.1	0
ENSMUSG00000082737.3	0
ENSMUSG00000082738.1	0
ENSMUSG00000082739.3	0
ENSMUSG00000082740.1	0
ENSMUSG00000082741.2	0
ENSMUSG00000082743.1	0
ENSMUSG00000082744.1	0
ENSMUSG00000082745.1	0
ENSMUSG00000082746.1	0
ENSMUSG00000082749.1	0
ENSMUSG00000082750.1	0
ENSMUSG00000082751.1	0
ENSMUSG00000082752.1	0
ENSMUSG00000082754.2	0
ENSMUSG00000082755.1	29.7452023255623
ENSMUSG00000082757.1	0
ENSMUSG00000082758.1	0
ENSMUSG00000082759.1	0
ENSMUSG00000082760.2	0
ENSMUSG00000082762.1	219.627839933327
ENSMUSG00000082763.1	0
ENSMUSG00000082765.3	0
ENSMUSG00000082766.1	114.333997313984
ENSMUSG00000082767.1	0
ENSMUSG00000082768.1	6.53320897484276
ENSMUSG00000082769.3	0
ENSMUSG00000082770.1	0
ENSMUSG00000082771.1	0
ENSMUSG00000082772.3	0
ENSMUSG00000082773.1	0
ENSMUSG00000082774.1	0
ENSMUSG00000082775.1	0
ENSMUSG00000082776.3	0
ENSMUSG00000082777.1	0
ENSMUSG00000082778.1	80.8960275192384
ENSMUSG00000082779.1	0
ENSMUSG00000082780.2	0
ENSMUSG00000082781.1	0
ENSMUSG00000082782.1	0
ENSMUSG00000082783.2	0
ENSMUSG00000082784.1	0
ENSMUSG00000082785.3	0
ENSMUSG00000082786.1	0
ENSMUSG00000082788.1	0
ENSMUSG00000082789.3	0
ENSMUSG00000082790.1	0
ENSMUSG00000082791.3	0
ENSMUSG00000082792.1	0
ENSMUSG00000082793.2	0
ENSMUSG00000082794.1	0
ENSMUSG00000082795.1	0
ENSMUSG00000082796.1	0
ENSMUSG00000082797.3	0
ENSMUSG00000082798.1	0
ENSMUSG00000082799.1	0
ENSMUSG00000082800.1	0
ENSMUSG00000082802.2	0
ENSMUSG00000082804.3	0
ENSMUSG00000082806.1	60.7889626455749
ENSMUSG00000082807.1	0
ENSMUSG00000082809.3	953.943393545482
ENSMUSG00000082810.1	0
ENSMUSG00000082812.1	0
ENSMUSG00000082814.1	0
ENSMUSG00000082815.2	127.00402813401
ENSMUSG00000082816.1	1.883744001852
ENSMUSG00000082817.1	0
ENSMUSG00000082818.1	0
ENSMUSG00000082819.2	0
ENSMUSG00000082820.3	76.9060009143944
ENSMUSG00000082821.1	0
ENSMUSG00000082822.1	0
ENSMUSG00000082823.3	0
ENSMUSG00000082824.1	0
ENSMUSG00000082825.1	0
ENSMUSG00000082826.1	0
ENSMUSG00000082827.3	0
ENSMUSG00000082828.1	0
ENSMUSG00000082829.1	0
ENSMUSG00000082831.1	0
ENSMUSG00000082832.1	0
ENSMUSG00000082833.1	0
ENSMUSG00000082835.1	0
ENSMUSG00000082836.1	0
ENSMUSG00000082837.1	0
ENSMUSG00000082838.1	0
ENSMUSG00000082839.1	0
ENSMUSG00000082840.1	0
ENSMUSG00000082841.1	0
ENSMUSG00000082842.1	0
ENSMUSG00000082843.2	0
ENSMUSG00000082844.1	0
ENSMUSG00000082845.1	0
ENSMUSG00000082846.1	0
ENSMUSG00000082847.1	0
ENSMUSG00000082848.1	0
ENSMUSG00000082849.1	0
ENSMUSG00000082850.1	0
ENSMUSG00000082851.1	0
ENSMUSG00000082852.2	0
ENSMUSG00000082853.1	0
ENSMUSG00000082855.1	0
ENSMUSG00000082856.1	0
ENSMUSG00000082857.1	0
ENSMUSG00000082858.1	0
ENSMUSG00000082859.1	0
ENSMUSG00000082860.1	0
ENSMUSG00000082861.3	0
ENSMUSG00000082862.1	0
ENSMUSG00000082863.1	0
ENSMUSG00000082864.1	0
ENSMUSG00000082865.1	0
ENSMUSG00000082867.1	0
ENSMUSG00000082868.1	0
ENSMUSG00000082869.1	0
ENSMUSG00000082870.1	0
ENSMUSG00000082871.2	0
ENSMUSG00000082872.1	0
ENSMUSG00000082873.1	0
ENSMUSG00000082874.4	0
ENSMUSG00000082875.1	0
ENSMUSG00000082876.1	0
ENSMUSG00000082877.1	0
ENSMUSG00000082878.1	0
ENSMUSG00000082879.1	0
ENSMUSG00000082882.2	0
ENSMUSG00000082884.1	0
ENSMUSG00000082886.1	0
ENSMUSG00000082887.1	0
ENSMUSG00000082888.1	0
ENSMUSG00000082889.1	0
ENSMUSG00000082890.1	0
ENSMUSG00000082891.1	0
ENSMUSG00000082892.2	0
ENSMUSG00000082893.1	0
ENSMUSG00000082894.1	0
ENSMUSG00000082895.1	7.46908835144634
ENSMUSG00000082896.1	35.553990412262
ENSMUSG00000082897.1	0
ENSMUSG00000082898.1	0
ENSMUSG00000082899.1	0
ENSMUSG00000082900.1	2.11605182910097
ENSMUSG00000082901.1	220.30319620983
ENSMUSG00000082902.3	0
ENSMUSG00000082903.1	0
ENSMUSG00000082905.1	0
ENSMUSG00000082906.1	0
ENSMUSG00000082907.1	0
ENSMUSG00000082908.4	31.6764503598035
ENSMUSG00000082910.1	0
ENSMUSG00000082911.1	0
ENSMUSG00000082912.1	0
ENSMUSG00000082913.1	0
ENSMUSG00000082915.1	0
ENSMUSG00000082917.1	0
ENSMUSG00000082918.3	0
ENSMUSG00000082919.1	0
ENSMUSG00000082920.1	0
ENSMUSG00000082922.3	0
ENSMUSG00000082924.1	0
ENSMUSG00000082925.1	0.546109102965908
ENSMUSG00000082926.3	103.570276471775
ENSMUSG00000082927.3	0
ENSMUSG00000082928.1	0
ENSMUSG00000082929.1	0
ENSMUSG00000082930.1	0
ENSMUSG00000082931.1	0
ENSMUSG00000082932.3	0
ENSMUSG00000082933.1	0
ENSMUSG00000082934.1	0
ENSMUSG00000082935.3	13.1472247432832
ENSMUSG00000082936.1	0
ENSMUSG00000082937.1	0
ENSMUSG00000082938.1	34.5061238686331
ENSMUSG00000082939.1	6.20211648102883
ENSMUSG00000082940.1	0
ENSMUSG00000082941.1	0
ENSMUSG00000082943.1	0
ENSMUSG00000082945.1	0
ENSMUSG00000082947.1	0
ENSMUSG00000082949.1	0
ENSMUSG00000082950.1	0
ENSMUSG00000082951.1	0
ENSMUSG00000082952.1	0
ENSMUSG00000082953.3	0
ENSMUSG00000082954.1	0
ENSMUSG00000082955.1	0
ENSMUSG00000082956.4	0
ENSMUSG00000082957.1	0
ENSMUSG00000082958.1	0
ENSMUSG00000082960.1	0
ENSMUSG00000082961.1	0
ENSMUSG00000082962.3	0
ENSMUSG00000082963.1	0
ENSMUSG00000082964.3	0
ENSMUSG00000082965.1	0
ENSMUSG00000082966.1	0
ENSMUSG00000082967.2	0
ENSMUSG00000082968.1	0
ENSMUSG00000082969.1	0
ENSMUSG00000082970.1	0
ENSMUSG00000082971.1	1.16253790696526
ENSMUSG00000082973.1	0
ENSMUSG00000082974.1	0
ENSMUSG00000082975.1	0
ENSMUSG00000082976.10	0
ENSMUSG00000082977.1	0
ENSMUSG00000082978.1	33.314122225416
ENSMUSG00000082980.5	0
ENSMUSG00000082981.1	0
ENSMUSG00000082982.2	0
ENSMUSG00000082983.1	0
ENSMUSG00000082985.2	0
ENSMUSG00000082986.1	0
ENSMUSG00000082987.1	0
ENSMUSG00000082988.3	9.05198388536164
ENSMUSG00000082989.1	0
ENSMUSG00000082990.1	0
ENSMUSG00000082991.1	0
ENSMUSG00000082993.1	0
ENSMUSG00000082994.1	0
ENSMUSG00000082995.1	0
ENSMUSG00000082996.1	0
ENSMUSG00000082997.1	0
ENSMUSG00000082998.3	0
ENSMUSG00000083000.1	0
ENSMUSG00000083001.1	0
ENSMUSG00000083004.1	3.30530685283704
ENSMUSG00000083005.1	0
ENSMUSG00000083006.1	0
ENSMUSG00000083007.1	0
ENSMUSG00000083008.1	0
ENSMUSG00000083009.1	0
ENSMUSG00000083010.1	0
ENSMUSG00000083011.1	1.59235264417413
ENSMUSG00000083012.9	0
ENSMUSG00000083013.1	0
ENSMUSG00000083014.1	0
ENSMUSG00000083015.1	0
ENSMUSG00000083016.4	0
ENSMUSG00000083017.1	0
ENSMUSG00000083018.1	0
ENSMUSG00000083019.2	7.65395456947612
ENSMUSG00000083020.1	0
ENSMUSG00000083022.1	7.55014483772413
ENSMUSG00000083023.1	0
ENSMUSG00000083024.1	0
ENSMUSG00000083025.1	0
ENSMUSG00000083026.1	0
ENSMUSG00000083027.1	0
ENSMUSG00000083029.1	0
ENSMUSG00000083030.1	0
ENSMUSG00000083031.1	0
ENSMUSG00000083032.1	0
ENSMUSG00000083033.1	87.1460225716766
ENSMUSG00000083034.2	0
ENSMUSG00000083036.1	0
ENSMUSG00000083037.1	0
ENSMUSG00000083038.1	35.0316333254907
ENSMUSG00000083039.1	0
ENSMUSG00000083041.2	0
ENSMUSG00000083042.1	0
ENSMUSG00000083043.1	0
ENSMUSG00000083044.1	134.011309873609
ENSMUSG00000083045.1	0
ENSMUSG00000083046.1	0
ENSMUSG00000083047.1	0
ENSMUSG00000083049.1	0
ENSMUSG00000083050.1	0
ENSMUSG00000083052.1	0
ENSMUSG00000083053.1	0
ENSMUSG00000083054.1	0
ENSMUSG00000083055.1	0
ENSMUSG00000083057.1	0
ENSMUSG00000083058.1	0
ENSMUSG00000083059.3	0
ENSMUSG00000083060.1	0
ENSMUSG00000083061.1	7510.89985890302
ENSMUSG00000083062.1	0
ENSMUSG00000083063.1	0
ENSMUSG00000083064.1	0
ENSMUSG00000083065.1	0
ENSMUSG00000083066.1	0
ENSMUSG00000083067.1	0
ENSMUSG00000083068.1	0
ENSMUSG00000083069.1	0
ENSMUSG00000083070.2	0
ENSMUSG00000083072.2	0
ENSMUSG00000083073.1	0
ENSMUSG00000083074.1	0
ENSMUSG00000083075.1	0
ENSMUSG00000083076.1	0
ENSMUSG00000083077.1	0
ENSMUSG00000083078.1	0
ENSMUSG00000083079.4	0
ENSMUSG00000083080.1	0
ENSMUSG00000083081.1	0
ENSMUSG00000083083.1	0
ENSMUSG00000083084.1	0
ENSMUSG00000083085.2	0
ENSMUSG00000083086.1	0
ENSMUSG00000083087.1	6.92460225090108
ENSMUSG00000083088.1	0
ENSMUSG00000083089.1	0
ENSMUSG00000083090.1	0
ENSMUSG00000083091.1	0
ENSMUSG00000083093.2	0
ENSMUSG00000083094.2	0
ENSMUSG00000083096.2	0
ENSMUSG00000083097.3	79.0367221884513
ENSMUSG00000083098.1	0
ENSMUSG00000083099.1	0
ENSMUSG00000083100.1	0
ENSMUSG00000083101.1	0
ENSMUSG00000083103.1	0
ENSMUSG00000083104.1	0
ENSMUSG00000083105.1	0
ENSMUSG00000083106.1	0
ENSMUSG00000083107.1	0
ENSMUSG00000083109.3	0
ENSMUSG00000083110.1	0
ENSMUSG00000083111.1	0
ENSMUSG00000083112.1	0
ENSMUSG00000083113.1	0
ENSMUSG00000083114.1	0
ENSMUSG00000083115.1	0
ENSMUSG00000083116.1	0
ENSMUSG00000083117.1	0
ENSMUSG00000083118.1	0
ENSMUSG00000083119.1	0
ENSMUSG00000083120.3	0
ENSMUSG00000083121.3	61.1195557540286
ENSMUSG00000083122.1	0
ENSMUSG00000083123.1	0
ENSMUSG00000083124.1	0
ENSMUSG00000083126.1	0
ENSMUSG00000083127.1	0
ENSMUSG00000083128.1	0
ENSMUSG00000083129.1	0
ENSMUSG00000083130.1	0
ENSMUSG00000083135.1	0
ENSMUSG00000083136.1	0
ENSMUSG00000083137.1	0
ENSMUSG00000083138.3	0
ENSMUSG00000083139.1	0
ENSMUSG00000083140.1	0
ENSMUSG00000083141.1	0
ENSMUSG00000083142.1	0
ENSMUSG00000083143.2	0
ENSMUSG00000083144.1	0
ENSMUSG00000083145.1	151.847326186999
ENSMUSG00000083147.2	0
ENSMUSG00000083149.2	0
ENSMUSG00000083150.1	0
ENSMUSG00000083151.1	0
ENSMUSG00000083152.1	0
ENSMUSG00000083153.1	0
ENSMUSG00000083154.1	0
ENSMUSG00000083155.1	0
ENSMUSG00000083156.1	1.43448444718027
ENSMUSG00000083157.1	0
ENSMUSG00000083158.1	0
ENSMUSG00000083159.1	0
ENSMUSG00000083160.1	0
ENSMUSG00000083161.2	54.5365018779207
ENSMUSG00000083162.1	0
ENSMUSG00000083163.1	0
ENSMUSG00000083165.1	0
ENSMUSG00000083166.1	162.351709969338
ENSMUSG00000083167.1	0
ENSMUSG00000083168.1	0
ENSMUSG00000083169.1	0
ENSMUSG00000083170.1	0
ENSMUSG00000083171.1	0
ENSMUSG00000083172.1	0
ENSMUSG00000083173.1	0
ENSMUSG00000083174.1	0
ENSMUSG00000083175.1	0
ENSMUSG00000083176.1	0
ENSMUSG00000083177.1	0
ENSMUSG00000083178.1	0
ENSMUSG00000083179.3	268.473814420161
ENSMUSG00000083180.1	0
ENSMUSG00000083181.1	0
ENSMUSG00000083182.1	0
ENSMUSG00000083183.1	0
ENSMUSG00000083185.2	0
ENSMUSG00000083186.1	0
ENSMUSG00000083188.2	0
ENSMUSG00000083190.1	0
ENSMUSG00000083191.1	0
ENSMUSG00000083193.1	0
ENSMUSG00000083195.1	0
ENSMUSG00000083196.1	0
ENSMUSG00000083197.1	0
ENSMUSG00000083199.1	0
ENSMUSG00000083200.1	0
ENSMUSG00000083201.1	0
ENSMUSG00000083202.1	0
ENSMUSG00000083203.1	0
ENSMUSG00000083204.1	0
ENSMUSG00000083205.1	0
ENSMUSG00000083206.1	0
ENSMUSG00000083207.1	0
ENSMUSG00000083208.1	0
ENSMUSG00000083209.1	0
ENSMUSG00000083210.1	0
ENSMUSG00000083211.1	0
ENSMUSG00000083212.3	0
ENSMUSG00000083213.2	0
ENSMUSG00000083214.1	0
ENSMUSG00000083215.3	0
ENSMUSG00000083216.2	0
ENSMUSG00000083218.2	0
ENSMUSG00000083219.1	0
ENSMUSG00000083220.1	0
ENSMUSG00000083221.1	0
ENSMUSG00000083222.1	0
ENSMUSG00000083223.1	0
ENSMUSG00000083224.1	0
ENSMUSG00000083225.1	0
ENSMUSG00000083226.2	0
ENSMUSG00000083227.1	0
ENSMUSG00000083228.1	0
ENSMUSG00000083229.1	0
ENSMUSG00000083230.1	0
ENSMUSG00000083231.1	0
ENSMUSG00000083232.1	0
ENSMUSG00000083233.1	0
ENSMUSG00000083234.1	0
ENSMUSG00000083235.1	0
ENSMUSG00000083236.1	0
ENSMUSG00000083237.1	0
ENSMUSG00000083238.1	0
ENSMUSG00000083239.1	0
ENSMUSG00000083240.3	61.6461888279466
ENSMUSG00000083241.1	0
ENSMUSG00000083242.1	0
ENSMUSG00000083243.1	0
ENSMUSG00000083244.1	0
ENSMUSG00000083245.1	43.6300504574489
ENSMUSG00000083246.1	0
ENSMUSG00000083248.1	0
ENSMUSG00000083249.1	0
ENSMUSG00000083250.1	0
ENSMUSG00000083251.1	0
ENSMUSG00000083252.1	0
ENSMUSG00000083253.1	0
ENSMUSG00000083254.1	0
ENSMUSG00000083255.1	0
ENSMUSG00000083256.1	0
ENSMUSG00000083257.1	0
ENSMUSG00000083258.3	0
ENSMUSG00000083260.1	0
ENSMUSG00000083261.4	48.2845717072117
ENSMUSG00000083262.1	0
ENSMUSG00000083263.1	0
ENSMUSG00000083264.1	0
ENSMUSG00000083267.2	0
ENSMUSG00000083268.1	0
ENSMUSG00000083269.1	0
ENSMUSG00000083270.1	2.34889025329515
ENSMUSG00000083271.1	0
ENSMUSG00000083272.1	0
ENSMUSG00000083274.1	0
ENSMUSG00000083275.1	0
ENSMUSG00000083276.1	0
ENSMUSG00000083277.1	0
ENSMUSG00000083278.1	0
ENSMUSG00000083279.1	0
ENSMUSG00000083280.1	135.431499414854
ENSMUSG00000083281.1	0
ENSMUSG00000083282.3	3457.10467745021
ENSMUSG00000083283.3	0
ENSMUSG00000083284.1	87.6297397162023
ENSMUSG00000083285.2	0
ENSMUSG00000083287.4	3.37506474534025
ENSMUSG00000083288.1	0
ENSMUSG00000083289.1	0
ENSMUSG00000083290.1	0
ENSMUSG00000083291.3	0
ENSMUSG00000083292.1	0
ENSMUSG00000083293.1	0
ENSMUSG00000083294.3	0
ENSMUSG00000083296.1	0
ENSMUSG00000083297.1	0
ENSMUSG00000083298.1	0
ENSMUSG00000083299.1	0
ENSMUSG00000083300.1	0
ENSMUSG00000083303.1	0
ENSMUSG00000083304.1	0
ENSMUSG00000083305.2	0
ENSMUSG00000083306.1	0
ENSMUSG00000083307.1	257.002651792056
ENSMUSG00000083309.1	0
ENSMUSG00000083310.2	0
ENSMUSG00000083311.3	0
ENSMUSG00000083312.1	0
ENSMUSG00000083314.1	0
ENSMUSG00000083315.1	0
ENSMUSG00000083316.1	0
ENSMUSG00000083317.1	0
ENSMUSG00000083318.1	0
ENSMUSG00000083319.1	0
ENSMUSG00000083320.1	0
ENSMUSG00000083321.1	0
ENSMUSG00000083324.1	0
ENSMUSG00000083325.3	6.75147158883605
ENSMUSG00000083326.4	0
ENSMUSG00000083327.1	44.3207628337783
ENSMUSG00000083328.3	10.4218291399808
ENSMUSG00000083329.1	0
ENSMUSG00000083330.1	0
ENSMUSG00000083331.1	0
ENSMUSG00000083332.1	0
ENSMUSG00000083333.3	0
ENSMUSG00000083334.1	0
ENSMUSG00000083335.1	0
ENSMUSG00000083336.2	0
ENSMUSG00000083337.1	3.74039634791304
ENSMUSG00000083338.1	0
ENSMUSG00000083339.1	0
ENSMUSG00000083340.1	0
ENSMUSG00000083341.1	0
ENSMUSG00000083342.1	0
ENSMUSG00000083343.1	0
ENSMUSG00000083344.2	0
ENSMUSG00000083345.1	0
ENSMUSG00000083346.3	0
ENSMUSG00000083347.1	0
ENSMUSG00000083348.1	0
ENSMUSG00000083350.1	0
ENSMUSG00000083351.1	0
ENSMUSG00000083352.1	0
ENSMUSG00000083353.1	0
ENSMUSG00000083355.1	0
ENSMUSG00000083356.1	0
ENSMUSG00000083358.2	0
ENSMUSG00000083359.1	0
ENSMUSG00000083361.4	0
ENSMUSG00000083362.1	0
ENSMUSG00000083363.1	0
ENSMUSG00000083364.4	956.231265150077
ENSMUSG00000083365.1	0
ENSMUSG00000083366.1	0
ENSMUSG00000083367.1	3.84676542963606
ENSMUSG00000083368.1	0
ENSMUSG00000083369.1	0
ENSMUSG00000083371.1	0
ENSMUSG00000083372.1	0
ENSMUSG00000083373.1	78.7972981198195
ENSMUSG00000083374.1	55.0329221375465
ENSMUSG00000083375.1	0
ENSMUSG00000083376.1	0
ENSMUSG00000083377.1	0
ENSMUSG00000083378.3	0
ENSMUSG00000083379.1	0
ENSMUSG00000083380.1	7453.95001484876
ENSMUSG00000083381.1	0
ENSMUSG00000083382.1	0
ENSMUSG00000083383.2	0
ENSMUSG00000083384.1	0
ENSMUSG00000083385.1	0
ENSMUSG00000083386.1	0
ENSMUSG00000083387.1	0
ENSMUSG00000083388.1	0
ENSMUSG00000083389.1	0
ENSMUSG00000083390.1	0
ENSMUSG00000083391.2	0
ENSMUSG00000083392.1	0
ENSMUSG00000083393.1	0
ENSMUSG00000083394.2	0
ENSMUSG00000083395.1	0
ENSMUSG00000083396.1	99.3849277679224
ENSMUSG00000083397.1	0
ENSMUSG00000083398.1	0
ENSMUSG00000083399.1	0
ENSMUSG00000083401.1	0
ENSMUSG00000083402.1	0
ENSMUSG00000083403.1	0
ENSMUSG00000083404.1	0
ENSMUSG00000083405.1	66.8217250663252
ENSMUSG00000083406.1	0
ENSMUSG00000083407.1	0
ENSMUSG00000083409.1	0
ENSMUSG00000083410.1	0
ENSMUSG00000083411.3	0
ENSMUSG00000083412.1	0
ENSMUSG00000083413.1	0
ENSMUSG00000083414.1	0
ENSMUSG00000083416.1	0
ENSMUSG00000083417.1	0
ENSMUSG00000083418.2	0
ENSMUSG00000083419.1	0
ENSMUSG00000083420.1	0
ENSMUSG00000083421.1	0
ENSMUSG00000083422.1	0
ENSMUSG00000083423.1	0
ENSMUSG00000083424.3	0
ENSMUSG00000083425.1	0
ENSMUSG00000083427.1	0
ENSMUSG00000083428.1	0
ENSMUSG00000083429.2	0
ENSMUSG00000083430.1	0
ENSMUSG00000083431.1	0
ENSMUSG00000083432.1	0
ENSMUSG00000083434.1	0
ENSMUSG00000083435.2	0
ENSMUSG00000083436.1	0
ENSMUSG00000083437.1	0
ENSMUSG00000083438.1	0
ENSMUSG00000083439.1	0
ENSMUSG00000083440.1	0
ENSMUSG00000083441.1	0
ENSMUSG00000083443.1	0
ENSMUSG00000083444.1	0
ENSMUSG00000083445.1	0
ENSMUSG00000083446.1	0
ENSMUSG00000083447.1	0
ENSMUSG00000083448.1	0
ENSMUSG00000083449.1	0
ENSMUSG00000083450.1	0
ENSMUSG00000083451.1	0
ENSMUSG00000083452.1	0
ENSMUSG00000083453.1	0
ENSMUSG00000083454.1	58.8343371341592
ENSMUSG00000083455.1	0
ENSMUSG00000083456.1	0
ENSMUSG00000083457.1	0
ENSMUSG00000083458.1	27.2029875146989
ENSMUSG00000083460.1	1.79510310041614
ENSMUSG00000083461.1	0
ENSMUSG00000083462.1	0
ENSMUSG00000083463.1	0
ENSMUSG00000083465.1	0
ENSMUSG00000083466.1	0
ENSMUSG00000083467.1	0
ENSMUSG00000083468.1	13.7024164174878
ENSMUSG00000083469.1	0
ENSMUSG00000083470.1	0
ENSMUSG00000083471.1	0
ENSMUSG00000083472.1	0
ENSMUSG00000083473.1	0
ENSMUSG00000083474.1	0
ENSMUSG00000083475.1	0
ENSMUSG00000083477.2	103.886387404783
ENSMUSG00000083478.1	0
ENSMUSG00000083481.4	18.5936463279864
ENSMUSG00000083482.1	0
ENSMUSG00000083483.3	43.8484691293672
ENSMUSG00000083484.1	0
ENSMUSG00000083485.1	0
ENSMUSG00000083486.1	0
ENSMUSG00000083487.1	0
ENSMUSG00000083488.1	0
ENSMUSG00000083489.1	0
ENSMUSG00000083490.1	0
ENSMUSG00000083491.1	0
ENSMUSG00000083492.1	0
ENSMUSG00000083493.1	0
ENSMUSG00000083494.1	0
ENSMUSG00000083495.1	0
ENSMUSG00000083496.1	0
ENSMUSG00000083498.1	0
ENSMUSG00000083499.1	0
ENSMUSG00000083500.1	1.2761168648262
ENSMUSG00000083501.2	0
ENSMUSG00000083502.1	0
ENSMUSG00000083503.1	0
ENSMUSG00000083505.1	0
ENSMUSG00000083507.1	0
ENSMUSG00000083508.1	0
ENSMUSG00000083509.1	0
ENSMUSG00000083510.1	0
ENSMUSG00000083512.1	0
ENSMUSG00000083513.2	0
ENSMUSG00000083514.1	0
ENSMUSG00000083515.1	0
ENSMUSG00000083516.1	0
ENSMUSG00000083517.1	0
ENSMUSG00000083518.1	0
ENSMUSG00000083519.1	0
ENSMUSG00000083520.1	0
ENSMUSG00000083522.1	0
ENSMUSG00000083524.1	0
ENSMUSG00000083527.1	0
ENSMUSG00000083528.1	0
ENSMUSG00000083530.1	0
ENSMUSG00000083533.2	0
ENSMUSG00000083534.1	0
ENSMUSG00000083535.1	0
ENSMUSG00000083536.1	0
ENSMUSG00000083537.3	0
ENSMUSG00000083538.1	0
ENSMUSG00000083539.1	0
ENSMUSG00000083541.1	0
ENSMUSG00000083542.2	0
ENSMUSG00000083543.1	0
ENSMUSG00000083544.1	0
ENSMUSG00000083545.2	0
ENSMUSG00000083546.1	0
ENSMUSG00000083547.2	0
ENSMUSG00000083548.1	0
ENSMUSG00000083549.1	121.158347953825
ENSMUSG00000083550.1	0
ENSMUSG00000083551.1	0
ENSMUSG00000083553.1	0
ENSMUSG00000083554.1	0
ENSMUSG00000083555.1	3.14928013935892
ENSMUSG00000083556.1	0
ENSMUSG00000083557.1	0
ENSMUSG00000083558.1	3291.40162354014
ENSMUSG00000083560.1	0
ENSMUSG00000083561.3	0
ENSMUSG00000083562.1	0
ENSMUSG00000083563.1	2.34414609237324
ENSMUSG00000083564.1	0
ENSMUSG00000083565.1	0
ENSMUSG00000083566.1	0
ENSMUSG00000083567.3	0
ENSMUSG00000083568.3	0
ENSMUSG00000083569.1	0
ENSMUSG00000083570.1	0
ENSMUSG00000083572.1	0
ENSMUSG00000083573.1	0
ENSMUSG00000083574.1	0
ENSMUSG00000083576.1	0
ENSMUSG00000083577.1	0
ENSMUSG00000083579.2	0
ENSMUSG00000083580.1	0
ENSMUSG00000083581.1	0
ENSMUSG00000083582.1	0
ENSMUSG00000083584.1	0
ENSMUSG00000083585.1	0
ENSMUSG00000083586.2	0
ENSMUSG00000083587.1	0
ENSMUSG00000083588.1	0
ENSMUSG00000083590.1	0
ENSMUSG00000083592.1	0
ENSMUSG00000083594.1	0
ENSMUSG00000083595.1	0
ENSMUSG00000083596.4	0
ENSMUSG00000083597.1	0
ENSMUSG00000083598.1	0
ENSMUSG00000083599.1	0
ENSMUSG00000083601.1	0
ENSMUSG00000083602.1	0
ENSMUSG00000083603.1	0
ENSMUSG00000083605.1	0
ENSMUSG00000083606.3	0
ENSMUSG00000083607.1	0
ENSMUSG00000083608.1	0
ENSMUSG00000083609.1	0
ENSMUSG00000083610.1	541.180138249129
ENSMUSG00000083611.1	0
ENSMUSG00000083613.1	0
ENSMUSG00000083614.1	0
ENSMUSG00000083615.1	0
ENSMUSG00000083616.3	0
ENSMUSG00000083617.1	0
ENSMUSG00000083618.1	0
ENSMUSG00000083619.3	0
ENSMUSG00000083620.1	0
ENSMUSG00000083621.1	81.7607132704282
ENSMUSG00000083622.1	0
ENSMUSG00000083623.1	0.851982636089637
ENSMUSG00000083624.1	0
ENSMUSG00000083625.1	0
ENSMUSG00000083626.1	125.181708531463
ENSMUSG00000083627.1	0
ENSMUSG00000083628.1	0
ENSMUSG00000083629.1	0
ENSMUSG00000083630.2	0
ENSMUSG00000083631.2	0
ENSMUSG00000083632.1	0
ENSMUSG00000083633.2	0
ENSMUSG00000083635.1	0
ENSMUSG00000083636.1	0
ENSMUSG00000083637.1	0
ENSMUSG00000083640.1	0
ENSMUSG00000083641.1	0
ENSMUSG00000083642.1	0
ENSMUSG00000083643.1	0
ENSMUSG00000083644.1	0
ENSMUSG00000083645.1	0
ENSMUSG00000083646.1	0
ENSMUSG00000083648.1	0
ENSMUSG00000083649.5	0
ENSMUSG00000083650.1	0
ENSMUSG00000083651.1	0
ENSMUSG00000083653.2	0
ENSMUSG00000083654.1	0
ENSMUSG00000083655.1	0
ENSMUSG00000083657.1	182.282086060245
ENSMUSG00000083658.1	0
ENSMUSG00000083659.1	0
ENSMUSG00000083660.1	0
ENSMUSG00000083661.1	0
ENSMUSG00000083662.1	0
ENSMUSG00000083663.1	0
ENSMUSG00000083664.1	0
ENSMUSG00000083665.1	0
ENSMUSG00000083666.1	0
ENSMUSG00000083667.1	0
ENSMUSG00000083668.1	0
ENSMUSG00000083669.5	99.838931483516
ENSMUSG00000083670.1	0
ENSMUSG00000083671.1	0
ENSMUSG00000083672.1	0
ENSMUSG00000083673.3	0
ENSMUSG00000083674.3	46.5684339168775
ENSMUSG00000083676.2	0
ENSMUSG00000083677.1	0
ENSMUSG00000083678.3	10.3985765091464
ENSMUSG00000083679.1	193.446313961336
ENSMUSG00000083680.1	0
ENSMUSG00000083681.1	0
ENSMUSG00000083682.1	0
ENSMUSG00000083683.1	0
ENSMUSG00000083684.1	0
ENSMUSG00000083685.1	0
ENSMUSG00000083686.2	0
ENSMUSG00000083687.1	0
ENSMUSG00000083688.1	2.62941997938863
ENSMUSG00000083689.1	0
ENSMUSG00000083691.1	0
ENSMUSG00000083692.1	5.4423640786515
ENSMUSG00000083693.1	0
ENSMUSG00000083695.6	44.7110012811911
ENSMUSG00000083697.1	0
ENSMUSG00000083698.1	0
ENSMUSG00000083699.1	0
ENSMUSG00000083700.1	5.9716501372956
ENSMUSG00000083701.3	0
ENSMUSG00000083702.1	0
ENSMUSG00000083704.1	0
ENSMUSG00000083705.2	0
ENSMUSG00000083706.3	0
ENSMUSG00000083707.1	0
ENSMUSG00000083708.1	161.070318346645
ENSMUSG00000083709.1	0
ENSMUSG00000083710.1	0
ENSMUSG00000083711.1	0
ENSMUSG00000083713.1	0
ENSMUSG00000083714.3	0
ENSMUSG00000083715.1	0
ENSMUSG00000083716.4	46.6507076549708
ENSMUSG00000083717.1	0
ENSMUSG00000083718.2	2.94390790997585
ENSMUSG00000083719.1	0
ENSMUSG00000083720.1	65.1801205410011
ENSMUSG00000083721.1	0
ENSMUSG00000083722.2	0
ENSMUSG00000083723.1	0
ENSMUSG00000083725.1	0
ENSMUSG00000083728.1	0
ENSMUSG00000083729.1	0
ENSMUSG00000083731.1	0
ENSMUSG00000083732.1	0
ENSMUSG00000083733.3	0
ENSMUSG00000083734.1	0
ENSMUSG00000083735.1	0
ENSMUSG00000083736.1	3.84916872168204
ENSMUSG00000083737.1	0
ENSMUSG00000083738.1	0
ENSMUSG00000083740.1	0
ENSMUSG00000083741.1	0
ENSMUSG00000083742.2	0
ENSMUSG00000083743.1	0
ENSMUSG00000083744.1	0
ENSMUSG00000083745.1	0
ENSMUSG00000083747.1	0
ENSMUSG00000083748.1	0
ENSMUSG00000083749.1	0
ENSMUSG00000083750.1	0
ENSMUSG00000083751.1	0
ENSMUSG00000083752.1	0
ENSMUSG00000083753.1	0
ENSMUSG00000083754.3	0
ENSMUSG00000083755.1	0
ENSMUSG00000083757.2	6.3076116383715
ENSMUSG00000083760.1	0
ENSMUSG00000083761.1	2.81222623280758
ENSMUSG00000083763.1	0
ENSMUSG00000083764.1	0
ENSMUSG00000083766.1	0
ENSMUSG00000083767.1	0
ENSMUSG00000083768.1	0
ENSMUSG00000083769.1	0
ENSMUSG00000083771.1	0
ENSMUSG00000083772.1	0
ENSMUSG00000083773.4	13.940373541624
ENSMUSG00000083774.1	12.2576945704234
ENSMUSG00000083775.1	0
ENSMUSG00000083776.1	0
ENSMUSG00000083777.1	0
ENSMUSG00000083778.1	0
ENSMUSG00000083779.1	0
ENSMUSG00000083780.8	0
ENSMUSG00000083781.1	0
ENSMUSG00000083782.1	0
ENSMUSG00000083783.1	0
ENSMUSG00000083784.1	0
ENSMUSG00000083785.1	0
ENSMUSG00000083786.1	0
ENSMUSG00000083787.1	0
ENSMUSG00000083789.1	0
ENSMUSG00000083791.1	0
ENSMUSG00000083792.1	0
ENSMUSG00000083793.1	0
ENSMUSG00000083794.1	0
ENSMUSG00000083795.1	0
ENSMUSG00000083796.3	0
ENSMUSG00000083798.1	0
ENSMUSG00000083801.1	0
ENSMUSG00000083803.1	0
ENSMUSG00000083804.1	0
ENSMUSG00000083805.2	0
ENSMUSG00000083806.1	0
ENSMUSG00000083807.1	0
ENSMUSG00000083808.1	0
ENSMUSG00000083809.3	0
ENSMUSG00000083810.1	0
ENSMUSG00000083811.1	0
ENSMUSG00000083812.3	0
ENSMUSG00000083813.1	50.0802990393281
ENSMUSG00000083814.1	0
ENSMUSG00000083815.1	0
ENSMUSG00000083816.3	40.8460082859077
ENSMUSG00000083817.1	0
ENSMUSG00000083818.1	0
ENSMUSG00000083819.1	0
ENSMUSG00000083820.1	184.547766227897
ENSMUSG00000083821.1	0
ENSMUSG00000083822.1	0
ENSMUSG00000083823.3	0
ENSMUSG00000083825.2	0
ENSMUSG00000083826.1	2.40525837582796
ENSMUSG00000083827.1	0
ENSMUSG00000083828.1	0
ENSMUSG00000083829.1	4.22233443209299
ENSMUSG00000083830.1	0
ENSMUSG00000083831.1	0
ENSMUSG00000083832.1	0
ENSMUSG00000083833.4	0
ENSMUSG00000083834.1	0
ENSMUSG00000083835.1	0
ENSMUSG00000083836.1	5.19819584909773
ENSMUSG00000083837.1	0
ENSMUSG00000083838.1	0
ENSMUSG00000083839.1	0
ENSMUSG00000083841.1	0
ENSMUSG00000083842.1	0
ENSMUSG00000083843.1	0
ENSMUSG00000083844.8	608.978567445254
ENSMUSG00000083845.1	0
ENSMUSG00000083846.1	0
ENSMUSG00000083847.1	0
ENSMUSG00000083848.1	0
ENSMUSG00000083849.1	0
ENSMUSG00000083851.1	0
ENSMUSG00000083852.1	0
ENSMUSG00000083853.1	0
ENSMUSG00000083854.3	6.74900587362005
ENSMUSG00000083855.6	0
ENSMUSG00000083856.1	0
ENSMUSG00000083857.1	0
ENSMUSG00000083858.1	0
ENSMUSG00000083859.1	0
ENSMUSG00000083860.2	0
ENSMUSG00000083861.1	0
ENSMUSG00000083863.1	0
ENSMUSG00000083864.1	0
ENSMUSG00000083866.1	0
ENSMUSG00000083867.1	0
ENSMUSG00000083868.1	0
ENSMUSG00000083869.1	0
ENSMUSG00000083870.1	0
ENSMUSG00000083871.1	0
ENSMUSG00000083872.1	0
ENSMUSG00000083873.1	0
ENSMUSG00000083874.1	0
ENSMUSG00000083875.1	0
ENSMUSG00000083876.1	0
ENSMUSG00000083877.1	0
ENSMUSG00000083878.3	69.3450880798409
ENSMUSG00000083879.4	0
ENSMUSG00000083880.1	66.0939333270008
ENSMUSG00000083882.1	0
ENSMUSG00000083884.1	0
ENSMUSG00000083885.1	0
ENSMUSG00000083886.2	0
ENSMUSG00000083887.1	0
ENSMUSG00000083888.1	0
ENSMUSG00000083889.4	0
ENSMUSG00000083890.1	0
ENSMUSG00000083892.3	0
ENSMUSG00000083893.1	0
ENSMUSG00000083894.1	0
ENSMUSG00000083895.1	0
ENSMUSG00000083896.8	0
ENSMUSG00000083897.1	0
ENSMUSG00000083898.2	0
ENSMUSG00000083899.2	51.8836732097726
ENSMUSG00000083900.2	3.62631800469189
ENSMUSG00000083901.1	0
ENSMUSG00000083902.2	37.4877977964743
ENSMUSG00000083903.1	0
ENSMUSG00000083904.1	0
ENSMUSG00000083905.1	0
ENSMUSG00000083906.1	0
ENSMUSG00000083907.2	0
ENSMUSG00000083908.1	0
ENSMUSG00000083909.1	0
ENSMUSG00000083910.1	0
ENSMUSG00000083911.1	0
ENSMUSG00000083912.1	0
ENSMUSG00000083913.1	0
ENSMUSG00000083914.3	0
ENSMUSG00000083915.1	0
ENSMUSG00000083916.2	0
ENSMUSG00000083917.1	0
ENSMUSG00000083918.1	0
ENSMUSG00000083919.1	0
ENSMUSG00000083920.1	0
ENSMUSG00000083921.2	0
ENSMUSG00000083922.1	0
ENSMUSG00000083923.1	0
ENSMUSG00000083924.1	0
ENSMUSG00000083925.1	0
ENSMUSG00000083926.1	0
ENSMUSG00000083927.1	0
ENSMUSG00000083928.1	1.11650081907164
ENSMUSG00000083929.4	0
ENSMUSG00000083930.1	0
ENSMUSG00000083931.1	0
ENSMUSG00000083932.1	0
ENSMUSG00000083933.1	0
ENSMUSG00000083934.1	0
ENSMUSG00000083935.1	0
ENSMUSG00000083936.1	0
ENSMUSG00000083937.3	0
ENSMUSG00000083938.2	0
ENSMUSG00000083939.1	0
ENSMUSG00000083940.3	0
ENSMUSG00000083941.1	0
ENSMUSG00000083942.4	0
ENSMUSG00000083943.1	0
ENSMUSG00000083944.1	0
ENSMUSG00000083945.1	0
ENSMUSG00000083946.1	0
ENSMUSG00000083947.5	0
ENSMUSG00000083948.1	0
ENSMUSG00000083949.1	0
ENSMUSG00000083950.1	0
ENSMUSG00000083951.1	0
ENSMUSG00000083953.1	0
ENSMUSG00000083954.1	0
ENSMUSG00000083955.1	0
ENSMUSG00000083956.1	0
ENSMUSG00000083957.1	0
ENSMUSG00000083958.1	0
ENSMUSG00000083960.1	0
ENSMUSG00000083961.1	0
ENSMUSG00000083962.1	0
ENSMUSG00000083963.1	0
ENSMUSG00000083964.1	55.6023150829318
ENSMUSG00000083966.1	0
ENSMUSG00000083967.1	0
ENSMUSG00000083969.1	0
ENSMUSG00000083970.1	0
ENSMUSG00000083971.3	0
ENSMUSG00000083972.1	0
ENSMUSG00000083973.1	0
ENSMUSG00000083974.1	62.3469201230651
ENSMUSG00000083975.1	0
ENSMUSG00000083976.1	0
ENSMUSG00000083977.3	0
ENSMUSG00000083978.1	0
ENSMUSG00000083979.1	0
ENSMUSG00000083981.4	0
ENSMUSG00000083982.1	0
ENSMUSG00000083983.1	0
ENSMUSG00000083985.3	0
ENSMUSG00000083986.1	0
ENSMUSG00000083987.1	0
ENSMUSG00000083988.1	0
ENSMUSG00000083989.2	0
ENSMUSG00000083990.1	0
ENSMUSG00000083991.1	0
ENSMUSG00000083992.1	49.9469007249841
ENSMUSG00000083993.1	0
ENSMUSG00000083994.1	0
ENSMUSG00000083995.1	0
ENSMUSG00000083996.1	0
ENSMUSG00000083997.1	0
ENSMUSG00000083998.1	0
ENSMUSG00000083999.1	0
ENSMUSG00000084000.1	0
ENSMUSG00000084001.1	0
ENSMUSG00000084004.1	0
ENSMUSG00000084006.1	0
ENSMUSG00000084007.3	0
ENSMUSG00000084009.1	0
ENSMUSG00000084010.1	0
ENSMUSG00000084011.1	59.5020153607493
ENSMUSG00000084012.1	0
ENSMUSG00000084013.1	141.678591789886
ENSMUSG00000084014.3	0
ENSMUSG00000084015.1	0
ENSMUSG00000084017.1	0
ENSMUSG00000084018.1	0
ENSMUSG00000084019.1	0
ENSMUSG00000084020.3	0
ENSMUSG00000084021.1	24.061104520988
ENSMUSG00000084022.1	0
ENSMUSG00000084024.1	0
ENSMUSG00000084025.1	0
ENSMUSG00000084026.1	0
ENSMUSG00000084027.1	0
ENSMUSG00000084028.1	0
ENSMUSG00000084029.1	0
ENSMUSG00000084030.1	0
ENSMUSG00000084031.1	0
ENSMUSG00000084032.1	0
ENSMUSG00000084033.3	0
ENSMUSG00000084034.1	0
ENSMUSG00000084038.2	0
ENSMUSG00000084039.1	0
ENSMUSG00000084041.1	0
ENSMUSG00000084043.1	0
ENSMUSG00000084044.1	0
ENSMUSG00000084045.1	0
ENSMUSG00000084046.1	0
ENSMUSG00000084047.1	0
ENSMUSG00000084048.1	0
ENSMUSG00000084050.3	0
ENSMUSG00000084052.1	0
ENSMUSG00000084053.1	0
ENSMUSG00000084054.1	0
ENSMUSG00000084055.1	0
ENSMUSG00000084056.2	0
ENSMUSG00000084057.1	0
ENSMUSG00000084058.1	0
ENSMUSG00000084059.1	0
ENSMUSG00000084060.3	0
ENSMUSG00000084061.1	0
ENSMUSG00000084063.1	0
ENSMUSG00000084064.1	0
ENSMUSG00000084065.1	0
ENSMUSG00000084066.1	0
ENSMUSG00000084067.3	16.6406126074063
ENSMUSG00000084068.1	0
ENSMUSG00000084069.1	0
ENSMUSG00000084070.1	0
ENSMUSG00000084071.1	0
ENSMUSG00000084072.1	7.6843234416934
ENSMUSG00000084073.1	0
ENSMUSG00000084074.1	0
ENSMUSG00000084076.1	0
ENSMUSG00000084077.1	0
ENSMUSG00000084078.2	0
ENSMUSG00000084079.1	0
ENSMUSG00000084080.1	0
ENSMUSG00000084081.3	0
ENSMUSG00000084082.1	0
ENSMUSG00000084083.1	0
ENSMUSG00000084085.2	0
ENSMUSG00000084086.1	0
ENSMUSG00000084087.1	0
ENSMUSG00000084088.1	0
ENSMUSG00000084089.1	0
ENSMUSG00000084090.1	0
ENSMUSG00000084092.1	0
ENSMUSG00000084093.1	25.949873588027
ENSMUSG00000084094.1	0
ENSMUSG00000084095.1	0
ENSMUSG00000084096.1	0
ENSMUSG00000084097.1	0
ENSMUSG00000084098.1	8.21732367895401
ENSMUSG00000084099.1	6.48523676867836
ENSMUSG00000084101.1	0
ENSMUSG00000084102.2	0
ENSMUSG00000084103.1	0
ENSMUSG00000084104.1	0
ENSMUSG00000084105.1	0
ENSMUSG00000084106.4	172.018406021524
ENSMUSG00000084107.1	0
ENSMUSG00000084108.2	0
ENSMUSG00000084110.4	0
ENSMUSG00000084111.4	51.9988751700542
ENSMUSG00000084112.1	0
ENSMUSG00000084113.1	19.509924829202
ENSMUSG00000084114.1	0
ENSMUSG00000084115.1	0
ENSMUSG00000084116.1	0
ENSMUSG00000084117.3	0
ENSMUSG00000084118.1	0
ENSMUSG00000084119.1	0
ENSMUSG00000084120.1	0
ENSMUSG00000084123.1	0
ENSMUSG00000084124.1	0
ENSMUSG00000084125.1	0
ENSMUSG00000084126.1	0
ENSMUSG00000084127.1	0
ENSMUSG00000084128.10	2.34683028868432
ENSMUSG00000084129.1	0
ENSMUSG00000084130.1	0
ENSMUSG00000084131.1	60.0838929401397
ENSMUSG00000084132.2	0
ENSMUSG00000084133.1	0
ENSMUSG00000084134.1	0
ENSMUSG00000084135.4	0
ENSMUSG00000084136.4	0
ENSMUSG00000084137.1	0
ENSMUSG00000084138.1	0
ENSMUSG00000084139.1	0
ENSMUSG00000084140.1	0
ENSMUSG00000084142.1	0
ENSMUSG00000084143.1	0
ENSMUSG00000084144.1	0
ENSMUSG00000084145.3	0
ENSMUSG00000084146.1	0
ENSMUSG00000084147.1	0
ENSMUSG00000084148.1	0
ENSMUSG00000084149.1	0
ENSMUSG00000084150.1	0
ENSMUSG00000084151.1	0
ENSMUSG00000084152.1	0
ENSMUSG00000084153.2	0
ENSMUSG00000084154.1	0
ENSMUSG00000084155.1	0
ENSMUSG00000084157.2	0
ENSMUSG00000084158.1	0
ENSMUSG00000084159.1	14.8589617001306
ENSMUSG00000084160.1	0
ENSMUSG00000084161.1	0
ENSMUSG00000084162.1	0
ENSMUSG00000084163.1	0
ENSMUSG00000084164.1	0
ENSMUSG00000084166.1	0
ENSMUSG00000084167.1	0
ENSMUSG00000084168.3	95.6429708407587
ENSMUSG00000084169.1	0
ENSMUSG00000084170.1	0
ENSMUSG00000084171.1	0
ENSMUSG00000084172.1	0
ENSMUSG00000084173.1	0
ENSMUSG00000084174.3	0
ENSMUSG00000084175.1	0
ENSMUSG00000084177.1	0
ENSMUSG00000084178.1	0
ENSMUSG00000084179.1	0
ENSMUSG00000084180.1	0
ENSMUSG00000084181.1	0
ENSMUSG00000084182.1	0
ENSMUSG00000084183.1	1.62777779316346
ENSMUSG00000084184.1	0
ENSMUSG00000084185.1	0
ENSMUSG00000084186.1	0
ENSMUSG00000084188.1	0
ENSMUSG00000084189.1	0
ENSMUSG00000084190.1	0
ENSMUSG00000084191.1	0
ENSMUSG00000084192.1	0
ENSMUSG00000084193.1	0
ENSMUSG00000084195.2	0
ENSMUSG00000084196.1	0
ENSMUSG00000084197.1	0
ENSMUSG00000084198.1	0
ENSMUSG00000084199.1	0
ENSMUSG00000084200.1	0
ENSMUSG00000084201.1	0
ENSMUSG00000084202.1	0
ENSMUSG00000084203.1	1.79510310041614
ENSMUSG00000084204.2	0
ENSMUSG00000084205.1	0
ENSMUSG00000084206.1	0
ENSMUSG00000084207.1	0
ENSMUSG00000084208.1	0
ENSMUSG00000084209.1	0
ENSMUSG00000084210.1	0
ENSMUSG00000084211.1	0
ENSMUSG00000084212.1	0
ENSMUSG00000084213.1	0
ENSMUSG00000084214.1	0
ENSMUSG00000084215.3	1.90668451683628
ENSMUSG00000084216.1	0
ENSMUSG00000084217.2	0
ENSMUSG00000084218.1	0
ENSMUSG00000084219.1	0
ENSMUSG00000084220.1	0
ENSMUSG00000084221.1	0
ENSMUSG00000084222.1	0
ENSMUSG00000084223.1	0
ENSMUSG00000084224.1	0
ENSMUSG00000084226.1	0
ENSMUSG00000084228.1	0
ENSMUSG00000084230.1	0
ENSMUSG00000084231.1	0
ENSMUSG00000084234.2	0
ENSMUSG00000084235.2	27.2196545010957
ENSMUSG00000084236.2	0
ENSMUSG00000084237.1	0
ENSMUSG00000084238.1	0
ENSMUSG00000084239.1	0
ENSMUSG00000084240.1	0
ENSMUSG00000084241.1	0
ENSMUSG00000084243.1	0
ENSMUSG00000084244.1	0
ENSMUSG00000084245.1	0
ENSMUSG00000084246.1	0
ENSMUSG00000084247.1	0
ENSMUSG00000084248.1	0
ENSMUSG00000084249.1	0
ENSMUSG00000084250.1	0
ENSMUSG00000084251.1	0
ENSMUSG00000084252.1	0
ENSMUSG00000084253.1	0
ENSMUSG00000084254.1	0
ENSMUSG00000084256.1	0
ENSMUSG00000084257.1	0
ENSMUSG00000084259.1	0
ENSMUSG00000084260.1	12.8013067465883
ENSMUSG00000084261.1	0
ENSMUSG00000084262.5	0
ENSMUSG00000084264.1	0
ENSMUSG00000084265.1	0
ENSMUSG00000084267.1	0
ENSMUSG00000084269.1	0
ENSMUSG00000084270.1	0
ENSMUSG00000084271.1	0
ENSMUSG00000084272.1	0
ENSMUSG00000084273.1	0
ENSMUSG00000084274.2	0
ENSMUSG00000084275.3	0
ENSMUSG00000084276.1	0
ENSMUSG00000084277.1	0
ENSMUSG00000084278.1	0
ENSMUSG00000084279.1	0
ENSMUSG00000084280.1	0
ENSMUSG00000084281.1	0
ENSMUSG00000084282.1	0
ENSMUSG00000084283.1	0
ENSMUSG00000084284.1	0
ENSMUSG00000084285.1	0
ENSMUSG00000084286.1	0
ENSMUSG00000084287.1	0
ENSMUSG00000084288.1	0
ENSMUSG00000084289.1	0
ENSMUSG00000084291.3	0
ENSMUSG00000084292.1	0
ENSMUSG00000084293.1	0
ENSMUSG00000084294.1	0
ENSMUSG00000084295.2	0
ENSMUSG00000084296.1	0
ENSMUSG00000084297.1	0
ENSMUSG00000084298.1	0
ENSMUSG00000084299.3	0
ENSMUSG00000084300.1	0
ENSMUSG00000084301.1	0
ENSMUSG00000084302.1	0
ENSMUSG00000084303.1	0
ENSMUSG00000084304.1	0
ENSMUSG00000084305.1	0
ENSMUSG00000084306.1	0
ENSMUSG00000084307.1	0
ENSMUSG00000084308.1	0
ENSMUSG00000084309.1	0
ENSMUSG00000084310.1	0
ENSMUSG00000084311.1	0
ENSMUSG00000084312.1	0
ENSMUSG00000084313.1	0
ENSMUSG00000084314.1	0
ENSMUSG00000084315.2	0
ENSMUSG00000084316.1	0
ENSMUSG00000084318.1	0
ENSMUSG00000084319.3	315.231952350745
ENSMUSG00000084320.2	0
ENSMUSG00000084323.4	0
ENSMUSG00000084324.1	0
ENSMUSG00000084325.2	0
ENSMUSG00000084326.1	0
ENSMUSG00000084327.1	0
ENSMUSG00000084328.1	4.06352988754875
ENSMUSG00000084329.1	9.43794634562776
ENSMUSG00000084330.1	0
ENSMUSG00000084331.1	0
ENSMUSG00000084332.1	0
ENSMUSG00000084333.1	0
ENSMUSG00000084334.1	0
ENSMUSG00000084335.1	0
ENSMUSG00000084336.2	0
ENSMUSG00000084337.1	0
ENSMUSG00000084338.5	0
ENSMUSG00000084339.1	0
ENSMUSG00000084340.1	0
ENSMUSG00000084341.1	0
ENSMUSG00000084342.1	8.89483355482307
ENSMUSG00000084343.1	2.88432499418674
ENSMUSG00000084344.1	0
ENSMUSG00000084345.3	48.2607572678471
ENSMUSG00000084346.4	0
ENSMUSG00000084347.3	2.59280879016882
ENSMUSG00000084348.1	0
ENSMUSG00000084349.3	4819.03442441744
ENSMUSG00000084350.1	0
ENSMUSG00000084351.1	0
ENSMUSG00000084352.1	0
ENSMUSG00000084353.1	0
ENSMUSG00000084355.1	0
ENSMUSG00000084356.2	0
ENSMUSG00000084357.1	0
ENSMUSG00000084358.1	0
ENSMUSG00000084359.1	0
ENSMUSG00000084360.1	0
ENSMUSG00000084361.1	0
ENSMUSG00000084362.1	0
ENSMUSG00000084363.1	0
ENSMUSG00000084366.1	0
ENSMUSG00000084367.3	0
ENSMUSG00000084368.1	0
ENSMUSG00000084369.1	0
ENSMUSG00000084370.3	21.0546798062319
ENSMUSG00000084371.1	61.434480646806
ENSMUSG00000084372.1	0
ENSMUSG00000084373.1	0
ENSMUSG00000084374.1	0
ENSMUSG00000084375.1	0
ENSMUSG00000084376.1	0
ENSMUSG00000084377.1	0
ENSMUSG00000084378.1	40.7426667279309
ENSMUSG00000084379.1	0
ENSMUSG00000084380.1	0
ENSMUSG00000084381.1	0
ENSMUSG00000084382.1	0
ENSMUSG00000084383.1	0
ENSMUSG00000084384.3	67.9185313752539
ENSMUSG00000084385.1	0
ENSMUSG00000084386.1	0
ENSMUSG00000084387.4	0
ENSMUSG00000084390.1	0
ENSMUSG00000084391.1	0
ENSMUSG00000084392.1	0
ENSMUSG00000084393.1	0
ENSMUSG00000084394.1	0
ENSMUSG00000084395.1	0
ENSMUSG00000084396.1	0
ENSMUSG00000084397.1	0
ENSMUSG00000084399.2	0
ENSMUSG00000084400.1	0
ENSMUSG00000084401.1	0
ENSMUSG00000084403.1	533.029794631612
ENSMUSG00000084404.1	0
ENSMUSG00000084405.2	0
ENSMUSG00000084407.1	0
ENSMUSG00000084408.1	0
ENSMUSG00000084411.2	0
ENSMUSG00000084412.1	0
ENSMUSG00000084413.1	5.41552211554064
ENSMUSG00000084414.3	0
ENSMUSG00000084415.1	0
ENSMUSG00000084416.3	63.8560002584255
ENSMUSG00000084417.1	0
ENSMUSG00000084418.1	0
ENSMUSG00000084419.1	0
ENSMUSG00000084421.1	0
ENSMUSG00000084422.1	0
ENSMUSG00000084423.1	0
ENSMUSG00000084425.1	0
ENSMUSG00000084426.1	0
ENSMUSG00000084428.1	0
ENSMUSG00000084431.1	0
ENSMUSG00000084432.1	0
ENSMUSG00000084433.1	0
ENSMUSG00000084435.1	0
ENSMUSG00000084437.1	0
ENSMUSG00000084439.1	0
ENSMUSG00000084440.1	0
ENSMUSG00000084441.1	0
ENSMUSG00000084442.1	0
ENSMUSG00000084443.1	0
ENSMUSG00000084444.1	0
ENSMUSG00000084445.1	0
ENSMUSG00000084446.1	0
ENSMUSG00000084447.1	0
ENSMUSG00000084448.1	0
ENSMUSG00000084449.1	0
ENSMUSG00000084450.1	0
ENSMUSG00000084451.1	0
ENSMUSG00000084452.1	0
ENSMUSG00000084453.1	0
ENSMUSG00000084454.1	0
ENSMUSG00000084456.1	0
ENSMUSG00000084457.1	0
ENSMUSG00000084458.1	0
ENSMUSG00000084459.1	0
ENSMUSG00000084460.1	0
ENSMUSG00000084461.1	0
ENSMUSG00000084462.1	0
ENSMUSG00000084463.1	0
ENSMUSG00000084465.1	0
ENSMUSG00000084466.1	0
ENSMUSG00000084467.1	0
ENSMUSG00000084468.1	0
ENSMUSG00000084469.1	0
ENSMUSG00000084472.1	0
ENSMUSG00000084473.1	0
ENSMUSG00000084474.1	0
ENSMUSG00000084475.1	0
ENSMUSG00000084476.1	0
ENSMUSG00000084477.1	0
ENSMUSG00000084478.1	0
ENSMUSG00000084479.1	0
ENSMUSG00000084480.1	0
ENSMUSG00000084484.1	0
ENSMUSG00000084485.1	0
ENSMUSG00000084487.1	0
ENSMUSG00000084492.1	0
ENSMUSG00000084493.1	0
ENSMUSG00000084496.1	0
ENSMUSG00000084497.1	0
ENSMUSG00000084498.1	0
ENSMUSG00000084500.1	0
ENSMUSG00000084501.1	0
ENSMUSG00000084502.1	0
ENSMUSG00000084503.1	0
ENSMUSG00000084504.1	0
ENSMUSG00000084505.1	0
ENSMUSG00000084506.1	0
ENSMUSG00000084507.1	0
ENSMUSG00000084508.1	0
ENSMUSG00000084511.1	0
ENSMUSG00000084512.1	0
ENSMUSG00000084513.1	0
ENSMUSG00000084514.1	0
ENSMUSG00000084515.1	0
ENSMUSG00000084516.1	0
ENSMUSG00000084517.1	0
ENSMUSG00000084518.1	0
ENSMUSG00000084519.1	0
ENSMUSG00000084521.1	0
ENSMUSG00000084522.1	0
ENSMUSG00000084523.1	0
ENSMUSG00000084524.1	0
ENSMUSG00000084526.1	0
ENSMUSG00000084527.1	0
ENSMUSG00000084530.2	0
ENSMUSG00000084531.1	0
ENSMUSG00000084532.1	0
ENSMUSG00000084535.1	0
ENSMUSG00000084536.1	0
ENSMUSG00000084537.1	0
ENSMUSG00000084539.1	0
ENSMUSG00000084540.1	0
ENSMUSG00000084541.1	0
ENSMUSG00000084543.1	0
ENSMUSG00000084544.1	0
ENSMUSG00000084545.1	0
ENSMUSG00000084546.1	0
ENSMUSG00000084547.1	0
ENSMUSG00000084548.1	0
ENSMUSG00000084549.1	0
ENSMUSG00000084550.1	0
ENSMUSG00000084551.1	0
ENSMUSG00000084552.1	0
ENSMUSG00000084555.1	0
ENSMUSG00000084557.1	0
ENSMUSG00000084558.1	0
ENSMUSG00000084559.1	0
ENSMUSG00000084560.1	0
ENSMUSG00000084562.1	0
ENSMUSG00000084564.1	0
ENSMUSG00000084565.1	0
ENSMUSG00000084566.1	0
ENSMUSG00000084567.1	0
ENSMUSG00000084568.1	0
ENSMUSG00000084569.1	0
ENSMUSG00000084571.1	0
ENSMUSG00000084572.1	0
ENSMUSG00000084573.1	0
ENSMUSG00000084574.1	0
ENSMUSG00000084575.1	0
ENSMUSG00000084576.1	0
ENSMUSG00000084579.1	0
ENSMUSG00000084581.1	0
ENSMUSG00000084582.1	0
ENSMUSG00000084583.1	0
ENSMUSG00000084584.1	0
ENSMUSG00000084587.1	0
ENSMUSG00000084588.1	0
ENSMUSG00000084589.1	0
ENSMUSG00000084590.1	0
ENSMUSG00000084591.1	0
ENSMUSG00000084592.1	0
ENSMUSG00000084593.1	0
ENSMUSG00000084595.1	0
ENSMUSG00000084596.1	0
ENSMUSG00000084597.1	0
ENSMUSG00000084598.1	0
ENSMUSG00000084599.1	0
ENSMUSG00000084600.1	0
ENSMUSG00000084601.1	0
ENSMUSG00000084602.1	0
ENSMUSG00000084603.1	0
ENSMUSG00000084604.1	0
ENSMUSG00000084605.1	0
ENSMUSG00000084606.1	0
ENSMUSG00000084607.1	0
ENSMUSG00000084608.1	0
ENSMUSG00000084609.2	0
ENSMUSG00000084610.1	0
ENSMUSG00000084611.1	0
ENSMUSG00000084612.1	0
ENSMUSG00000084613.1	0
ENSMUSG00000084616.1	0
ENSMUSG00000084617.1	0
ENSMUSG00000084619.1	0
ENSMUSG00000084620.1	0
ENSMUSG00000084621.1	0
ENSMUSG00000084622.1	0
ENSMUSG00000084624.1	0
ENSMUSG00000084625.1	0
ENSMUSG00000084627.1	0
ENSMUSG00000084628.1	0
ENSMUSG00000084629.1	0
ENSMUSG00000084630.1	0
ENSMUSG00000084631.1	0
ENSMUSG00000084632.1	0
ENSMUSG00000084633.1	0
ENSMUSG00000084635.1	0
ENSMUSG00000084636.1	0
ENSMUSG00000084637.1	0
ENSMUSG00000084638.1	0
ENSMUSG00000084639.1	0
ENSMUSG00000084640.1	0
ENSMUSG00000084641.1	0
ENSMUSG00000084642.1	0
ENSMUSG00000084643.1	0
ENSMUSG00000084644.1	0
ENSMUSG00000084645.1	0
ENSMUSG00000084646.1	0
ENSMUSG00000084647.1	0
ENSMUSG00000084648.1	0
ENSMUSG00000084649.1	0
ENSMUSG00000084650.1	0
ENSMUSG00000084651.1	0
ENSMUSG00000084652.1	0
ENSMUSG00000084653.1	0
ENSMUSG00000084654.1	0
ENSMUSG00000084658.1	0
ENSMUSG00000084659.1	0
ENSMUSG00000084660.1	0
ENSMUSG00000084661.1	0
ENSMUSG00000084663.1	0
ENSMUSG00000084664.1	0
ENSMUSG00000084665.1	0
ENSMUSG00000084666.1	0
ENSMUSG00000084667.1	0
ENSMUSG00000084668.1	0
ENSMUSG00000084669.1	0
ENSMUSG00000084671.1	0
ENSMUSG00000084673.1	0
ENSMUSG00000084674.1	0
ENSMUSG00000084675.1	0
ENSMUSG00000084678.1	0
ENSMUSG00000084682.1	0
ENSMUSG00000084683.1	0
ENSMUSG00000084684.1	0
ENSMUSG00000084686.1	0
ENSMUSG00000084688.1	0
ENSMUSG00000084689.1	0
ENSMUSG00000084690.1	0
ENSMUSG00000084691.1	0
ENSMUSG00000084693.1	0
ENSMUSG00000084694.1	0
ENSMUSG00000084696.1	0
ENSMUSG00000084700.1	0
ENSMUSG00000084701.1	0
ENSMUSG00000084702.1	0
ENSMUSG00000084703.1	0
ENSMUSG00000084704.1	0
ENSMUSG00000084705.1	0
ENSMUSG00000084706.1	0
ENSMUSG00000084708.1	0
ENSMUSG00000084710.1	0
ENSMUSG00000084711.1	0
ENSMUSG00000084713.2	0
ENSMUSG00000084714.1	0
ENSMUSG00000084717.1	0
ENSMUSG00000084718.1	0
ENSMUSG00000084719.1	0
ENSMUSG00000084722.1	0
ENSMUSG00000084725.2	0
ENSMUSG00000084728.1	0
ENSMUSG00000084729.1	0
ENSMUSG00000084731.1	0
ENSMUSG00000084732.1	0
ENSMUSG00000084733.1	0
ENSMUSG00000084734.1	0
ENSMUSG00000084737.1	0
ENSMUSG00000084738.2	0
ENSMUSG00000084739.1	0
ENSMUSG00000084740.1	0
ENSMUSG00000084741.1	0
ENSMUSG00000084742.1	0
ENSMUSG00000084743.1	0
ENSMUSG00000084744.1	0
ENSMUSG00000084745.1	0
ENSMUSG00000084746.1	0
ENSMUSG00000084747.1	0
ENSMUSG00000084748.1	0
ENSMUSG00000084749.1	0
ENSMUSG00000084750.1	0
ENSMUSG00000084751.1	0
ENSMUSG00000084752.1	0
ENSMUSG00000084753.1	0
ENSMUSG00000084754.1	0
ENSMUSG00000084755.1	0
ENSMUSG00000084756.1	0
ENSMUSG00000084757.7	0
ENSMUSG00000084758.1	0
ENSMUSG00000084760.1	0
ENSMUSG00000084761.1	0
ENSMUSG00000084762.1	0
ENSMUSG00000084764.1	0
ENSMUSG00000084766.1	0
ENSMUSG00000084768.2	0
ENSMUSG00000084769.1	0
ENSMUSG00000084771.8	24.4456312483436
ENSMUSG00000084772.1	16.5785639764012
ENSMUSG00000084773.1	0
ENSMUSG00000084774.1	0
ENSMUSG00000084775.2	0
ENSMUSG00000084776.1	0
ENSMUSG00000084780.7	0
ENSMUSG00000084781.1	0
ENSMUSG00000084782.2	0
ENSMUSG00000084783.1	0
ENSMUSG00000084785.1	0
ENSMUSG00000084786.9	30611.4329565754
ENSMUSG00000084787.1	0
ENSMUSG00000084788.2	0
ENSMUSG00000084789.1	0
ENSMUSG00000084790.1	67.5313516631722
ENSMUSG00000084791.1	0
ENSMUSG00000084792.1	96.7420555953933
ENSMUSG00000084793.1	0
ENSMUSG00000084794.1	0
ENSMUSG00000084795.1	0
ENSMUSG00000084796.1	0
ENSMUSG00000084797.1	0
ENSMUSG00000084798.1	0
ENSMUSG00000084799.7	45.0250522495882
ENSMUSG00000084800.1	0
ENSMUSG00000084802.1	0
ENSMUSG00000084803.8	0
ENSMUSG00000084804.1	0
ENSMUSG00000084805.1	0
ENSMUSG00000084806.1	0
ENSMUSG00000084807.1	0
ENSMUSG00000084808.7	99.0859832066715
ENSMUSG00000084809.1	0
ENSMUSG00000084811.2	0
ENSMUSG00000084816.1	0
ENSMUSG00000084817.3	172.602031449675
ENSMUSG00000084818.1	0
ENSMUSG00000084819.1	0
ENSMUSG00000084821.1	0
ENSMUSG00000084822.1	0
ENSMUSG00000084823.2	0
ENSMUSG00000084824.1	0
ENSMUSG00000084825.1	0
ENSMUSG00000084826.7	0
ENSMUSG00000084828.1	0
ENSMUSG00000084829.7	0
ENSMUSG00000084830.2	286.88821261542
ENSMUSG00000084831.1	0
ENSMUSG00000084833.1	0
ENSMUSG00000084834.1	0
ENSMUSG00000084835.1	0
ENSMUSG00000084836.1	0
ENSMUSG00000084837.1	0
ENSMUSG00000084838.3	128.35314889618
ENSMUSG00000084839.1	0
ENSMUSG00000084840.1	0
ENSMUSG00000084842.3	1550.88193601419
ENSMUSG00000084843.1	95.9934769404505
ENSMUSG00000084844.3	5.2618986941085
ENSMUSG00000084845.9	2605.24885403047
ENSMUSG00000084846.1	0
ENSMUSG00000084847.7	0
ENSMUSG00000084848.1	0
ENSMUSG00000084849.1	22.0078191893474
ENSMUSG00000084850.1	0
ENSMUSG00000084851.1	0
ENSMUSG00000084852.1	0
ENSMUSG00000084853.1	0
ENSMUSG00000084854.1	0
ENSMUSG00000084855.2	0
ENSMUSG00000084856.1	0
ENSMUSG00000084858.1	0
ENSMUSG00000084859.7	0
ENSMUSG00000084860.1	0
ENSMUSG00000084861.1	0
ENSMUSG00000084862.1	21.33424197319
ENSMUSG00000084863.1	0
ENSMUSG00000084864.1	111.753891638916
ENSMUSG00000084865.1	0
ENSMUSG00000084866.2	14.5392302232613
ENSMUSG00000084869.1	0
ENSMUSG00000084870.1	0
ENSMUSG00000084871.1	54.7691218210198
ENSMUSG00000084873.3	0
ENSMUSG00000084874.4	14.6931345489586
ENSMUSG00000084875.2	0
ENSMUSG00000084876.7	0
ENSMUSG00000084878.1	0
ENSMUSG00000084880.1	26.1057754551651
ENSMUSG00000084883.2	868.777933312366
ENSMUSG00000084884.1	0
ENSMUSG00000084885.7	0
ENSMUSG00000084887.1	0
ENSMUSG00000084889.1	0
ENSMUSG00000084890.1	0
ENSMUSG00000084891.1	0
ENSMUSG00000084892.1	0
ENSMUSG00000084893.3	0
ENSMUSG00000084895.1	0
ENSMUSG00000084896.1	26.901452391892
ENSMUSG00000084897.1	0
ENSMUSG00000084898.1	114.992655392506
ENSMUSG00000084899.1	0
ENSMUSG00000084901.6	0
ENSMUSG00000084902.2	0
ENSMUSG00000084904.1	5.39866785963383
ENSMUSG00000084905.1	0
ENSMUSG00000084906.1	0
ENSMUSG00000084907.1	0
ENSMUSG00000084908.2	0
ENSMUSG00000084909.1	0
ENSMUSG00000084910.1	52.0789953087816
ENSMUSG00000084911.1	0
ENSMUSG00000084913.3	0
ENSMUSG00000084915.2	110.657522292177
ENSMUSG00000084916.1	0
ENSMUSG00000084917.3	0
ENSMUSG00000084918.1	0
ENSMUSG00000084919.1	0
ENSMUSG00000084920.1	0
ENSMUSG00000084921.1	0
ENSMUSG00000084923.1	0
ENSMUSG00000084924.3	0
ENSMUSG00000084925.8	234.520260452591
ENSMUSG00000084927.1	0
ENSMUSG00000084929.1	0
ENSMUSG00000084930.1	0
ENSMUSG00000084932.1	10.5685860127101
ENSMUSG00000084933.1	0
ENSMUSG00000084934.1	0
ENSMUSG00000084935.1	0
ENSMUSG00000084936.1	0
ENSMUSG00000084937.1	0
ENSMUSG00000084938.1	0
ENSMUSG00000084939.2	0
ENSMUSG00000084940.2	0
ENSMUSG00000084941.1	0
ENSMUSG00000084942.1	0
ENSMUSG00000084944.1	0
ENSMUSG00000084945.1	0
ENSMUSG00000084946.2	544.546307692741
ENSMUSG00000084947.1	0
ENSMUSG00000084948.1	0
ENSMUSG00000084949.1	0
ENSMUSG00000084950.7	27.5414459425758
ENSMUSG00000084951.1	0
ENSMUSG00000084954.2	0
ENSMUSG00000084955.1	0
ENSMUSG00000084957.3	2398.86977012648
ENSMUSG00000084959.1	0
ENSMUSG00000084960.1	0
ENSMUSG00000084962.1	0
ENSMUSG00000084963.1	0
ENSMUSG00000084964.2	0
ENSMUSG00000084965.1	0
ENSMUSG00000084966.1	0
ENSMUSG00000084967.1	14.4788982294319
ENSMUSG00000084968.1	0
ENSMUSG00000084969.1	0
ENSMUSG00000084970.1	0
ENSMUSG00000084971.1	0
ENSMUSG00000084973.2	0
ENSMUSG00000084974.1	0
ENSMUSG00000084978.1	0
ENSMUSG00000084979.1	0
ENSMUSG00000084980.1	0
ENSMUSG00000084981.7	0
ENSMUSG00000084982.1	0
ENSMUSG00000084983.7	0
ENSMUSG00000084984.8	0
ENSMUSG00000084985.1	0
ENSMUSG00000084986.1	0
ENSMUSG00000084987.1	0
ENSMUSG00000084989.3	0
ENSMUSG00000084990.1	0
ENSMUSG00000084991.1	0
ENSMUSG00000084992.1	0
ENSMUSG00000084993.1	0
ENSMUSG00000084995.8	0
ENSMUSG00000084996.1	0
ENSMUSG00000084997.7	0
ENSMUSG00000084998.1	0
ENSMUSG00000084999.2	0
ENSMUSG00000085000.1	0
ENSMUSG00000085001.1	0
ENSMUSG00000085002.1	0
ENSMUSG00000085003.1	0
ENSMUSG00000085004.2	0
ENSMUSG00000085006.7	0
ENSMUSG00000085007.3	73.7341860106564
ENSMUSG00000085008.1	0
ENSMUSG00000085009.1	0
ENSMUSG00000085010.1	0
ENSMUSG00000085012.1	0
ENSMUSG00000085014.1	0
ENSMUSG00000085015.1	0
ENSMUSG00000085016.1	0
ENSMUSG00000085017.1	0
ENSMUSG00000085019.2	0
ENSMUSG00000085020.1	0
ENSMUSG00000085021.1	0
ENSMUSG00000085022.2	0
ENSMUSG00000085023.1	0
ENSMUSG00000085024.1	0
ENSMUSG00000085025.1	0
ENSMUSG00000085026.1	0
ENSMUSG00000085027.1	0
ENSMUSG00000085028.2	5.61174935051502
ENSMUSG00000085029.1	0
ENSMUSG00000085030.1	327.841651176941
ENSMUSG00000085032.1	0
ENSMUSG00000085033.1	0
ENSMUSG00000085034.1	0
ENSMUSG00000085035.1	0
ENSMUSG00000085036.1	0
ENSMUSG00000085037.1	53.7842402559464
ENSMUSG00000085039.2	0
ENSMUSG00000085041.1	0
ENSMUSG00000085042.8	2847.80890666647
ENSMUSG00000085043.1	0
ENSMUSG00000085044.1	0
ENSMUSG00000085046.1	0
ENSMUSG00000085047.1	0
ENSMUSG00000085048.1	0
ENSMUSG00000085049.1	27.4166932372804
ENSMUSG00000085051.1	11.4922928711588
ENSMUSG00000085053.1	0
ENSMUSG00000085054.2	0
ENSMUSG00000085055.2	0
ENSMUSG00000085057.7	0
ENSMUSG00000085058.2	46.1342183461819
ENSMUSG00000085059.1	0
ENSMUSG00000085060.1	0
ENSMUSG00000085063.1	0
ENSMUSG00000085066.2	0
ENSMUSG00000085067.2	32.5062103473642
ENSMUSG00000085068.1	46.7935942911586
ENSMUSG00000085069.2	14.5249041057405
ENSMUSG00000085070.1	0
ENSMUSG00000085071.1	0
ENSMUSG00000085072.1	0
ENSMUSG00000085073.3	0
ENSMUSG00000085074.1	0
ENSMUSG00000085075.1	0
ENSMUSG00000085077.1	0
ENSMUSG00000085078.1	0
ENSMUSG00000085079.3	0
ENSMUSG00000085080.1	0
ENSMUSG00000085081.1	0
ENSMUSG00000085082.1	0
ENSMUSG00000085083.1	0
ENSMUSG00000085084.7	212.949184972325
ENSMUSG00000085085.2	0
ENSMUSG00000085087.1	0
ENSMUSG00000085088.1	0
ENSMUSG00000085089.1	0
ENSMUSG00000085090.1	0
ENSMUSG00000085091.1	0
ENSMUSG00000085093.1	0
ENSMUSG00000085094.2	0
ENSMUSG00000085095.2	0
ENSMUSG00000085097.1	0
ENSMUSG00000085099.1	6.32418499001321
ENSMUSG00000085100.1	0
ENSMUSG00000085101.7	0
ENSMUSG00000085102.1	0
ENSMUSG00000085103.3	0
ENSMUSG00000085104.1	0
ENSMUSG00000085105.2	1.97765966115499
ENSMUSG00000085106.1	0
ENSMUSG00000085107.3	0
ENSMUSG00000085108.1	0
ENSMUSG00000085109.1	0
ENSMUSG00000085110.1	0
ENSMUSG00000085111.3	0
ENSMUSG00000085112.1	18.4776328664944
ENSMUSG00000085113.1	0
ENSMUSG00000085114.1	0
ENSMUSG00000085115.1	0
ENSMUSG00000085116.1	0
ENSMUSG00000085118.2	0
ENSMUSG00000085120.1	0
ENSMUSG00000085121.2	0
ENSMUSG00000085122.1	0
ENSMUSG00000085123.2	0
ENSMUSG00000085124.1	0
ENSMUSG00000085125.7	0
ENSMUSG00000085126.1	0
ENSMUSG00000085127.1	0
ENSMUSG00000085129.1	0
ENSMUSG00000085130.1	0
ENSMUSG00000085132.1	0
ENSMUSG00000085133.2	189.571551739944
ENSMUSG00000085134.1	0
ENSMUSG00000085135.7	0
ENSMUSG00000085139.1	12.2404345639114
ENSMUSG00000085141.1	0
ENSMUSG00000085142.1	0
ENSMUSG00000085143.1	71.4714397319961
ENSMUSG00000085145.1	0
ENSMUSG00000085146.1	0
ENSMUSG00000085147.1	0
ENSMUSG00000085148.1	408.76395885076
ENSMUSG00000085150.1	0
ENSMUSG00000085151.7	169.519481679073
ENSMUSG00000085152.1	0
ENSMUSG00000085154.7	0
ENSMUSG00000085155.3	0
ENSMUSG00000085156.8	222.593720799152
ENSMUSG00000085157.1	0
ENSMUSG00000085158.1	0
ENSMUSG00000085160.1	0
ENSMUSG00000085161.1	0
ENSMUSG00000085162.7	0
ENSMUSG00000085165.1	0
ENSMUSG00000085166.1	0
ENSMUSG00000085167.1	0
ENSMUSG00000085168.2	0
ENSMUSG00000085169.2	0
ENSMUSG00000085170.1	0
ENSMUSG00000085171.7	0
ENSMUSG00000085172.1	26.0706936336109
ENSMUSG00000085173.1	0
ENSMUSG00000085174.1	0
ENSMUSG00000085175.7	0
ENSMUSG00000085176.1	0
ENSMUSG00000085177.1	0
ENSMUSG00000085178.1	0
ENSMUSG00000085179.1	0
ENSMUSG00000085180.1	0
ENSMUSG00000085181.1	0
ENSMUSG00000085182.1	0
ENSMUSG00000085183.1	0
ENSMUSG00000085184.9	0
ENSMUSG00000085185.10	0
ENSMUSG00000085187.1	0
ENSMUSG00000085188.1	0
ENSMUSG00000085189.1	0
ENSMUSG00000085192.1	0
ENSMUSG00000085193.1	0
ENSMUSG00000085194.1	0
ENSMUSG00000085196.1	0
ENSMUSG00000085197.7	0
ENSMUSG00000085198.1	0
ENSMUSG00000085199.1	0
ENSMUSG00000085201.1	0
ENSMUSG00000085202.1	0
ENSMUSG00000085203.1	0
ENSMUSG00000085204.1	0
ENSMUSG00000085205.1	0
ENSMUSG00000085206.1	0
ENSMUSG00000085207.1	76.096528457092
ENSMUSG00000085208.3	247.892926474421
ENSMUSG00000085209.1	0
ENSMUSG00000085211.2	0
ENSMUSG00000085213.1	0
ENSMUSG00000085217.1	0
ENSMUSG00000085218.7	14.8750356664121
ENSMUSG00000085221.2	0
ENSMUSG00000085222.1	0
ENSMUSG00000085223.1	0
ENSMUSG00000085224.2	0
ENSMUSG00000085225.1	174.719893550706
ENSMUSG00000085226.1	0
ENSMUSG00000085227.1	307.871854854163
ENSMUSG00000085228.1	0
ENSMUSG00000085229.1	0
ENSMUSG00000085230.1	0
ENSMUSG00000085232.3	0
ENSMUSG00000085234.1	0
ENSMUSG00000085235.1	0
ENSMUSG00000085236.3	0
ENSMUSG00000085237.2	0
ENSMUSG00000085238.1	0
ENSMUSG00000085239.1	0
ENSMUSG00000085240.1	0
ENSMUSG00000085241.7	1028.26523127876
ENSMUSG00000085242.1	0
ENSMUSG00000085244.8	0
ENSMUSG00000085245.1	0
ENSMUSG00000085246.1	0
ENSMUSG00000085247.1	0
ENSMUSG00000085248.2	0
ENSMUSG00000085250.1	0
ENSMUSG00000085251.1	34.9941794234756
ENSMUSG00000085252.1	0
ENSMUSG00000085253.3	0
ENSMUSG00000085254.1	0
ENSMUSG00000085255.1	0
ENSMUSG00000085256.1	0
ENSMUSG00000085257.2	0
ENSMUSG00000085260.7	315.191377290229
ENSMUSG00000085261.1	0
ENSMUSG00000085262.1	0
ENSMUSG00000085263.1	0
ENSMUSG00000085264.1	0
ENSMUSG00000085265.1	0
ENSMUSG00000085267.1	0
ENSMUSG00000085269.1	0
ENSMUSG00000085271.7	0
ENSMUSG00000085272.7	25.9050225403639
ENSMUSG00000085274.1	0
ENSMUSG00000085275.1	32.2445012070333
ENSMUSG00000085276.3	0
ENSMUSG00000085277.1	0
ENSMUSG00000085278.1	0
ENSMUSG00000085279.1	0
ENSMUSG00000085280.1	0
ENSMUSG00000085281.3	0
ENSMUSG00000085282.8	68.1794290143744
ENSMUSG00000085284.1	0
ENSMUSG00000085285.1	0
ENSMUSG00000085286.1	0
ENSMUSG00000085287.8	13.1768133258752
ENSMUSG00000085288.1	0
ENSMUSG00000085289.1	36.6016696863808
ENSMUSG00000085290.1	0
ENSMUSG00000085292.1	0
ENSMUSG00000085293.2	0
ENSMUSG00000085295.7	0
ENSMUSG00000085297.1	0
ENSMUSG00000085298.2	0
ENSMUSG00000085300.1	0
ENSMUSG00000085301.1	0
ENSMUSG00000085302.3	0
ENSMUSG00000085303.3	0
ENSMUSG00000085304.1	0
ENSMUSG00000085305.1	0
ENSMUSG00000085307.1	0
ENSMUSG00000085310.7	0
ENSMUSG00000085311.1	0
ENSMUSG00000085312.1	0
ENSMUSG00000085314.1	0
ENSMUSG00000085315.7	0
ENSMUSG00000085316.1	16.0964698342962
ENSMUSG00000085317.1	0
ENSMUSG00000085318.1	0
ENSMUSG00000085319.1	0
ENSMUSG00000085320.1	0
ENSMUSG00000085321.1	0
ENSMUSG00000085322.2	0
ENSMUSG00000085323.1	36.2517566068043
ENSMUSG00000085324.1	0
ENSMUSG00000085325.7	0
ENSMUSG00000085326.1	0
ENSMUSG00000085327.1	0
ENSMUSG00000085328.2	0
ENSMUSG00000085329.1	0
ENSMUSG00000085330.1	0
ENSMUSG00000085331.1	0
ENSMUSG00000085333.1	0
ENSMUSG00000085334.7	0
ENSMUSG00000085335.1	0
ENSMUSG00000085336.1	33.5330714942795
ENSMUSG00000085337.1	0
ENSMUSG00000085338.1	68.8122126889204
ENSMUSG00000085340.1	8.40964946580181
ENSMUSG00000085342.1	390.143626617588
ENSMUSG00000085345.1	0
ENSMUSG00000085347.1	13.9672155047349
ENSMUSG00000085348.1	0
ENSMUSG00000085350.1	0
ENSMUSG00000085351.1	0
ENSMUSG00000085352.1	0
ENSMUSG00000085353.2	0
ENSMUSG00000085354.1	0
ENSMUSG00000085355.2	0
ENSMUSG00000085357.1	0
ENSMUSG00000085358.1	0
ENSMUSG00000085359.1	0
ENSMUSG00000085360.1	67.938569212832
ENSMUSG00000085361.2	0
ENSMUSG00000085363.1	0
ENSMUSG00000085366.1	0
ENSMUSG00000085368.1	0
ENSMUSG00000085369.1	0
ENSMUSG00000085371.1	0
ENSMUSG00000085372.1	0
ENSMUSG00000085375.1	4.63660579996556
ENSMUSG00000085376.1	0
ENSMUSG00000085377.1	0
ENSMUSG00000085378.1	0
ENSMUSG00000085379.1	1.56086015489639
ENSMUSG00000085380.1	0
ENSMUSG00000085382.1	0
ENSMUSG00000085383.1	0
ENSMUSG00000085385.7	27.5732817592887
ENSMUSG00000085386.1	18.6237967191086
ENSMUSG00000085387.1	0
ENSMUSG00000085388.1	0
ENSMUSG00000085389.7	47.0734685739668
ENSMUSG00000085390.1	0
ENSMUSG00000085391.1	0
ENSMUSG00000085393.1	0
ENSMUSG00000085394.1	0
ENSMUSG00000085395.1	0
ENSMUSG00000085396.7	26.3613983364185
ENSMUSG00000085397.1	0
ENSMUSG00000085398.1	0
ENSMUSG00000085399.7	0
ENSMUSG00000085400.1	0
ENSMUSG00000085401.2	0
ENSMUSG00000085402.1	0
ENSMUSG00000085403.1	0
ENSMUSG00000085404.1	0
ENSMUSG00000085405.1	0
ENSMUSG00000085407.1	23.6966156312106
ENSMUSG00000085408.1	148.698576644585
ENSMUSG00000085409.1	0
ENSMUSG00000085411.1	0
ENSMUSG00000085412.7	0
ENSMUSG00000085413.1	0
ENSMUSG00000085414.1	0
ENSMUSG00000085415.1	0
ENSMUSG00000085416.1	0
ENSMUSG00000085417.1	0
ENSMUSG00000085418.1	0
ENSMUSG00000085419.1	0
ENSMUSG00000085420.1	0
ENSMUSG00000085421.1	0
ENSMUSG00000085423.1	0
ENSMUSG00000085424.1	0
ENSMUSG00000085426.1	0
ENSMUSG00000085427.7	0
ENSMUSG00000085428.1	0
ENSMUSG00000085429.1	0
ENSMUSG00000085430.2	0
ENSMUSG00000085431.7	0
ENSMUSG00000085433.2	6.32518376073361
ENSMUSG00000085434.1	0
ENSMUSG00000085436.1	199.638286677236
ENSMUSG00000085437.8	0
ENSMUSG00000085438.1	919.40278087541
ENSMUSG00000085439.1	0
ENSMUSG00000085440.1	0
ENSMUSG00000085441.1	0
ENSMUSG00000085442.1	0
ENSMUSG00000085443.1	0
ENSMUSG00000085444.1	0
ENSMUSG00000085445.1	0
ENSMUSG00000085447.1	0
ENSMUSG00000085448.1	0
ENSMUSG00000085449.1	0
ENSMUSG00000085450.1	0
ENSMUSG00000085451.2	0
ENSMUSG00000085452.1	0
ENSMUSG00000085453.1	0
ENSMUSG00000085454.1	17.1320390134301
ENSMUSG00000085456.2	0
ENSMUSG00000085457.3	136.31229034391
ENSMUSG00000085459.1	0
ENSMUSG00000085463.1	0
ENSMUSG00000085464.1	0
ENSMUSG00000085465.1	0
ENSMUSG00000085466.2	0
ENSMUSG00000085467.1	0
ENSMUSG00000085468.1	0
ENSMUSG00000085469.1	0
ENSMUSG00000085470.1	0
ENSMUSG00000085471.1	0
ENSMUSG00000085472.1	0
ENSMUSG00000085476.1	0
ENSMUSG00000085477.7	0
ENSMUSG00000085478.1	0
ENSMUSG00000085479.1	0
ENSMUSG00000085481.1	0
ENSMUSG00000085482.1	0
ENSMUSG00000085483.1	0
ENSMUSG00000085484.2	0
ENSMUSG00000085485.1	0
ENSMUSG00000085486.2	0
ENSMUSG00000085487.1	0
ENSMUSG00000085488.1	0
ENSMUSG00000085489.7	0
ENSMUSG00000085491.1	0
ENSMUSG00000085492.7	496.655688611558
ENSMUSG00000085495.1	7.35304367836939
ENSMUSG00000085496.1	0
ENSMUSG00000085497.2	0
ENSMUSG00000085498.1	0
ENSMUSG00000085499.1	0
ENSMUSG00000085500.9	1.14596455532356
ENSMUSG00000085501.1	0
ENSMUSG00000085502.1	0
ENSMUSG00000085504.1	0
ENSMUSG00000085505.1	0
ENSMUSG00000085507.1	0
ENSMUSG00000085509.1	0
ENSMUSG00000085510.1	0
ENSMUSG00000085511.1	3.928196454934
ENSMUSG00000085512.1	0
ENSMUSG00000085513.1	0
ENSMUSG00000085514.1	0
ENSMUSG00000085515.1	0
ENSMUSG00000085516.1	0
ENSMUSG00000085517.7	0
ENSMUSG00000085519.1	0
ENSMUSG00000085521.4	21.2285595463372
ENSMUSG00000085522.1	0
ENSMUSG00000085523.1	0
ENSMUSG00000085524.1	0
ENSMUSG00000085525.7	0
ENSMUSG00000085526.1	0
ENSMUSG00000085527.1	4.57078056717394
ENSMUSG00000085528.1	0
ENSMUSG00000085530.1	0
ENSMUSG00000085531.1	0
ENSMUSG00000085532.1	0
ENSMUSG00000085533.1	0
ENSMUSG00000085534.7	0
ENSMUSG00000085536.1	0
ENSMUSG00000085538.1	0
ENSMUSG00000085539.1	0
ENSMUSG00000085540.1	0
ENSMUSG00000085541.1	0
ENSMUSG00000085542.1	0
ENSMUSG00000085543.1	0
ENSMUSG00000085545.1	0
ENSMUSG00000085546.1	0
ENSMUSG00000085547.4	0
ENSMUSG00000085548.1	0
ENSMUSG00000085549.7	0
ENSMUSG00000085551.1	0
ENSMUSG00000085552.1	0
ENSMUSG00000085553.1	0
ENSMUSG00000085555.9	0
ENSMUSG00000085556.1	0
ENSMUSG00000085558.7	12.4538905938127
ENSMUSG00000085559.1	0
ENSMUSG00000085560.2	8.57048276337186
ENSMUSG00000085561.1	0
ENSMUSG00000085562.7	15.8077314613444
ENSMUSG00000085563.2	0
ENSMUSG00000085564.1	45.4706600488134
ENSMUSG00000085565.1	24.1373232115888
ENSMUSG00000085566.1	246.153317572157
ENSMUSG00000085568.7	0
ENSMUSG00000085569.1	0
ENSMUSG00000085572.1	0
ENSMUSG00000085573.1	0
ENSMUSG00000085574.1	0
ENSMUSG00000085575.1	0
ENSMUSG00000085576.3	0
ENSMUSG00000085577.1	0
ENSMUSG00000085578.1	0
ENSMUSG00000085579.1	0
ENSMUSG00000085580.1	0
ENSMUSG00000085581.1	0
ENSMUSG00000085582.7	0
ENSMUSG00000085584.3	20.1283199630571
ENSMUSG00000085585.1	30.9686028233022
ENSMUSG00000085586.1	89.9298774737077
ENSMUSG00000085587.1	74.7210339055856
ENSMUSG00000085588.1	0
ENSMUSG00000085589.7	0.757848495691559
ENSMUSG00000085591.1	0
ENSMUSG00000085592.1	0
ENSMUSG00000085593.1	0
ENSMUSG00000085594.1	0
ENSMUSG00000085595.1	0
ENSMUSG00000085596.1	0
ENSMUSG00000085598.1	0
ENSMUSG00000085599.1	0
ENSMUSG00000085600.7	0
ENSMUSG00000085601.7	0
ENSMUSG00000085603.3	0
ENSMUSG00000085604.1	30.3751145342871
ENSMUSG00000085606.1	0
ENSMUSG00000085608.1	0
ENSMUSG00000085609.1	158.517585231632
ENSMUSG00000085610.1	0
ENSMUSG00000085611.3	0
ENSMUSG00000085612.1	0
ENSMUSG00000085614.1	41.5706788667308
ENSMUSG00000085615.2	35.4631334882903
ENSMUSG00000085616.1	0
ENSMUSG00000085618.1	0
ENSMUSG00000085619.1	0
ENSMUSG00000085620.2	0
ENSMUSG00000085622.9	208.013759457449
ENSMUSG00000085623.1	0
ENSMUSG00000085624.1	0
ENSMUSG00000085625.1	0
ENSMUSG00000085626.1	0
ENSMUSG00000085627.2	0
ENSMUSG00000085628.4	0
ENSMUSG00000085629.1	0
ENSMUSG00000085630.1	0
ENSMUSG00000085631.1	0
ENSMUSG00000085632.1	0
ENSMUSG00000085633.1	0
ENSMUSG00000085634.2	0
ENSMUSG00000085635.1	0
ENSMUSG00000085636.1	0
ENSMUSG00000085637.2	0
ENSMUSG00000085638.1	0
ENSMUSG00000085639.1	0
ENSMUSG00000085640.1	0
ENSMUSG00000085641.1	0
ENSMUSG00000085642.8	0
ENSMUSG00000085643.1	0
ENSMUSG00000085645.1	0
ENSMUSG00000085646.1	0
ENSMUSG00000085648.1	0
ENSMUSG00000085649.7	0
ENSMUSG00000085651.1	0
ENSMUSG00000085652.1	0
ENSMUSG00000085653.7	0
ENSMUSG00000085654.1	0
ENSMUSG00000085655.5	50.7706680882223
ENSMUSG00000085656.1	0
ENSMUSG00000085657.7	0
ENSMUSG00000085658.1	0
ENSMUSG00000085659.2	0
ENSMUSG00000085660.1	0
ENSMUSG00000085662.1	0
ENSMUSG00000085663.1	0
ENSMUSG00000085664.1	0
ENSMUSG00000085665.1	10.7395630754093
ENSMUSG00000085666.3	141.747787873859
ENSMUSG00000085667.1	100.371401123831
ENSMUSG00000085668.2	0
ENSMUSG00000085669.1	0
ENSMUSG00000085672.1	0
ENSMUSG00000085673.1	0
ENSMUSG00000085675.1	0
ENSMUSG00000085676.1	0
ENSMUSG00000085677.7	0
ENSMUSG00000085678.1	0
ENSMUSG00000085679.2	0
ENSMUSG00000085680.1	0
ENSMUSG00000085681.1	0
ENSMUSG00000085682.2	46.3663076923357
ENSMUSG00000085683.2	0
ENSMUSG00000085684.2	0
ENSMUSG00000085686.1	0
ENSMUSG00000085687.1	0
ENSMUSG00000085688.1	0
ENSMUSG00000085689.1	0
ENSMUSG00000085690.1	0
ENSMUSG00000085691.1	0
ENSMUSG00000085693.1	0
ENSMUSG00000085695.1	0
ENSMUSG00000085696.8	0
ENSMUSG00000085699.1	0
ENSMUSG00000085700.1	0
ENSMUSG00000085701.1	0
ENSMUSG00000085702.8	0
ENSMUSG00000085704.1	108.639225147336
ENSMUSG00000085705.1	0
ENSMUSG00000085706.1	0
ENSMUSG00000085707.1	0
ENSMUSG00000085708.1	0
ENSMUSG00000085709.1	0
ENSMUSG00000085710.1	0
ENSMUSG00000085711.4	1.35124314995159
ENSMUSG00000085712.1	0
ENSMUSG00000085713.1	0
ENSMUSG00000085714.1	0
ENSMUSG00000085715.2	0
ENSMUSG00000085716.1	0
ENSMUSG00000085717.1	0
ENSMUSG00000085718.2	0
ENSMUSG00000085719.1	0
ENSMUSG00000085720.8	18.9011428635307
ENSMUSG00000085721.1	0
ENSMUSG00000085722.4	0
ENSMUSG00000085723.2	0
ENSMUSG00000085724.1	0
ENSMUSG00000085725.2	0
ENSMUSG00000085728.1	114.004964784781
ENSMUSG00000085730.7	54.9586073536314
ENSMUSG00000085731.1	0
ENSMUSG00000085732.1	0
ENSMUSG00000085733.1	37.6857104570393
ENSMUSG00000085734.1	0
ENSMUSG00000085735.1	147.896813448781
ENSMUSG00000085737.1	0
ENSMUSG00000085738.2	0
ENSMUSG00000085739.1	0
ENSMUSG00000085740.1	0
ENSMUSG00000085741.8	208.21457479542
ENSMUSG00000085742.1	0
ENSMUSG00000085743.1	0
ENSMUSG00000085744.1	0
ENSMUSG00000085745.1	0
ENSMUSG00000085747.1	0
ENSMUSG00000085748.1	0
ENSMUSG00000085749.1	0
ENSMUSG00000085750.1	0
ENSMUSG00000085751.1	0
ENSMUSG00000085753.1	0
ENSMUSG00000085754.7	0
ENSMUSG00000085755.1	0
ENSMUSG00000085756.1	0
ENSMUSG00000085757.7	0
ENSMUSG00000085759.1	0
ENSMUSG00000085760.1	29.858219474893
ENSMUSG00000085761.1	0
ENSMUSG00000085762.1	0
ENSMUSG00000085763.1	0
ENSMUSG00000085765.1	0
ENSMUSG00000085766.1	0
ENSMUSG00000085767.1	0
ENSMUSG00000085768.1	0
ENSMUSG00000085770.1	0
ENSMUSG00000085771.1	0
ENSMUSG00000085772.7	0
ENSMUSG00000085773.3	0
ENSMUSG00000085774.1	0
ENSMUSG00000085775.1	0
ENSMUSG00000085776.8	0
ENSMUSG00000085779.1	0
ENSMUSG00000085781.1	0
ENSMUSG00000085782.2	0
ENSMUSG00000085783.3	46.5742080601048
ENSMUSG00000085784.1	0
ENSMUSG00000085785.7	0
ENSMUSG00000085786.1	0
ENSMUSG00000085787.3	11.2941929410836
ENSMUSG00000085788.1	0.688371507453455
ENSMUSG00000085790.1	0
ENSMUSG00000085791.4	0
ENSMUSG00000085792.2	0
ENSMUSG00000085793.2	602.581128865216
ENSMUSG00000085794.5	0
ENSMUSG00000085795.8	190.851320360217
ENSMUSG00000085796.1	0
ENSMUSG00000085797.1	0
ENSMUSG00000085798.1	0
ENSMUSG00000085799.1	0
ENSMUSG00000085800.7	0
ENSMUSG00000085801.1	0
ENSMUSG00000085802.1	0
ENSMUSG00000085803.1	0
ENSMUSG00000085804.1	0
ENSMUSG00000085805.1	0
ENSMUSG00000085806.1	0
ENSMUSG00000085807.1	0
ENSMUSG00000085808.1	0
ENSMUSG00000085810.7	0
ENSMUSG00000085811.1	0
ENSMUSG00000085812.1	3.90416353447428
ENSMUSG00000085813.1	0
ENSMUSG00000085815.1	0
ENSMUSG00000085816.1	0
ENSMUSG00000085817.1	0
ENSMUSG00000085818.7	0
ENSMUSG00000085819.7	0
ENSMUSG00000085820.7	0
ENSMUSG00000085822.2	0
ENSMUSG00000085823.7	0
ENSMUSG00000085824.7	0
ENSMUSG00000085826.1	0
ENSMUSG00000085827.8	0
ENSMUSG00000085828.1	8.5545024318454
ENSMUSG00000085829.1	103.848652598503
ENSMUSG00000085830.1	0
ENSMUSG00000085831.7	0
ENSMUSG00000085833.2	6.90781041816429
ENSMUSG00000085834.1	0
ENSMUSG00000085835.1	0
ENSMUSG00000085836.1	0
ENSMUSG00000085837.8	115.465042731672
ENSMUSG00000085838.1	18.4308467005605
ENSMUSG00000085839.1	0
ENSMUSG00000085840.1	0
ENSMUSG00000085841.1	0
ENSMUSG00000085842.7	0
ENSMUSG00000085843.1	0
ENSMUSG00000085844.1	0
ENSMUSG00000085845.7	95.1263566856298
ENSMUSG00000085846.1	0
ENSMUSG00000085847.1	0
ENSMUSG00000085851.1	0
ENSMUSG00000085852.1	0
ENSMUSG00000085853.1	0
ENSMUSG00000085856.1	0
ENSMUSG00000085857.1	0
ENSMUSG00000085858.1	0
ENSMUSG00000085860.1	0
ENSMUSG00000085861.1	0
ENSMUSG00000085862.2	0
ENSMUSG00000085863.1	0
ENSMUSG00000085864.1	0
ENSMUSG00000085865.2	0
ENSMUSG00000085866.1	0
ENSMUSG00000085867.1	0
ENSMUSG00000085868.1	0
ENSMUSG00000085869.1	0
ENSMUSG00000085870.1	0
ENSMUSG00000085871.1	0
ENSMUSG00000085872.1	0
ENSMUSG00000085873.1	309.714493198553
ENSMUSG00000085875.3	27.6981593109242
ENSMUSG00000085876.1	0
ENSMUSG00000085877.4	0
ENSMUSG00000085878.1	0
ENSMUSG00000085880.4	0
ENSMUSG00000085881.2	414.62293516616
ENSMUSG00000085882.1	28.3445512365357
ENSMUSG00000085883.2	0
ENSMUSG00000085884.1	0
ENSMUSG00000085885.1	0
ENSMUSG00000085886.1	0
ENSMUSG00000085887.2	0
ENSMUSG00000085888.7	0
ENSMUSG00000085889.1	0
ENSMUSG00000085890.7	0
ENSMUSG00000085891.7	0
ENSMUSG00000085892.1	0
ENSMUSG00000085893.1	0
ENSMUSG00000085894.1	0
ENSMUSG00000085895.1	0
ENSMUSG00000085896.2	133.157392119249
ENSMUSG00000085897.2	0
ENSMUSG00000085898.1	0
ENSMUSG00000085899.1	0
ENSMUSG00000085900.1	0
ENSMUSG00000085902.1	0
ENSMUSG00000085903.1	0
ENSMUSG00000085905.1	0
ENSMUSG00000085908.1	0
ENSMUSG00000085909.1	0
ENSMUSG00000085910.1	0
ENSMUSG00000085911.1	0
ENSMUSG00000085912.2	0
ENSMUSG00000085913.2	0
ENSMUSG00000085914.1	0
ENSMUSG00000085915.1	0
ENSMUSG00000085917.1	0
ENSMUSG00000085918.1	0
ENSMUSG00000085919.1	0
ENSMUSG00000085920.1	0
ENSMUSG00000085921.1	0
ENSMUSG00000085922.1	0
ENSMUSG00000085923.1	0
ENSMUSG00000085924.1	0
ENSMUSG00000085925.3	0
ENSMUSG00000085926.1	0
ENSMUSG00000085927.1	0
ENSMUSG00000085928.1	0
ENSMUSG00000085929.1	0
ENSMUSG00000085931.1	0
ENSMUSG00000085932.1	0
ENSMUSG00000085933.3	0
ENSMUSG00000085934.1	0
ENSMUSG00000085936.7	0
ENSMUSG00000085937.1	0
ENSMUSG00000085938.1	0
ENSMUSG00000085939.3	2.13777509226976
ENSMUSG00000085940.1	0
ENSMUSG00000085941.1	0
ENSMUSG00000085944.1	12.5910655099432
ENSMUSG00000085945.3	16.6202626539781
ENSMUSG00000085946.1	27.1795788259395
ENSMUSG00000085949.1	0
ENSMUSG00000085950.1	0
ENSMUSG00000085951.1	0
ENSMUSG00000085952.1	58.3852336374125
ENSMUSG00000085953.2	45.9430785995645
ENSMUSG00000085955.1	0
ENSMUSG00000085956.1	95.4748652438807
ENSMUSG00000085957.4	0
ENSMUSG00000085958.1	0
ENSMUSG00000085961.1	0
ENSMUSG00000085962.8	0
ENSMUSG00000085965.1	0
ENSMUSG00000085966.1	0
ENSMUSG00000085967.1	0
ENSMUSG00000085968.1	0
ENSMUSG00000085969.1	0
ENSMUSG00000085970.1	0
ENSMUSG00000085971.4	72.3023233366171
ENSMUSG00000085972.1	0
ENSMUSG00000085973.1	0
ENSMUSG00000085975.1	0
ENSMUSG00000085976.1	0
ENSMUSG00000085977.1	0
ENSMUSG00000085978.1	0
ENSMUSG00000085979.1	0
ENSMUSG00000085980.2	147.923811469817
ENSMUSG00000085982.1	0
ENSMUSG00000085984.7	99.6991347942445
ENSMUSG00000085985.1	0
ENSMUSG00000085987.2	0
ENSMUSG00000085989.1	0
ENSMUSG00000085990.1	0
ENSMUSG00000085991.1	0
ENSMUSG00000085992.1	0
ENSMUSG00000085993.2	0
ENSMUSG00000085995.2	0
ENSMUSG00000085996.1	0
ENSMUSG00000085998.8	169.655532978143
ENSMUSG00000085999.1	0
ENSMUSG00000086000.1	0
ENSMUSG00000086001.1	0
ENSMUSG00000086003.7	606.889576060359
ENSMUSG00000086004.1	0
ENSMUSG00000086006.2	37.4380153183791
ENSMUSG00000086007.1	0
ENSMUSG00000086008.8	0
ENSMUSG00000086009.1	0
ENSMUSG00000086010.8	0
ENSMUSG00000086012.2	0
ENSMUSG00000086013.1	337.263305075192
ENSMUSG00000086014.1	0
ENSMUSG00000086015.1	47.2534657847346
ENSMUSG00000086016.1	0
ENSMUSG00000086017.1	37.3813350799962
ENSMUSG00000086018.7	0
ENSMUSG00000086019.1	0
ENSMUSG00000086020.1	0
ENSMUSG00000086021.1	0
ENSMUSG00000086022.1	12.0681778262267
ENSMUSG00000086025.1	0
ENSMUSG00000086026.1	0
ENSMUSG00000086027.1	0
ENSMUSG00000086028.1	0
ENSMUSG00000086029.7	29.7302519763412
ENSMUSG00000086030.1	0
ENSMUSG00000086031.1	0
ENSMUSG00000086032.1	0
ENSMUSG00000086034.1	2.92911361867986
ENSMUSG00000086035.1	0
ENSMUSG00000086036.1	0
ENSMUSG00000086037.1	0
ENSMUSG00000086039.1	0
ENSMUSG00000086040.8	3518.09988624954
ENSMUSG00000086041.1	0
ENSMUSG00000086042.1	0
ENSMUSG00000086043.1	0
ENSMUSG00000086044.1	0
ENSMUSG00000086046.1	0
ENSMUSG00000086047.1	0
ENSMUSG00000086048.7	0
ENSMUSG00000086049.1	0
ENSMUSG00000086050.1	0
ENSMUSG00000086052.1	0
ENSMUSG00000086053.1	0
ENSMUSG00000086054.2	0
ENSMUSG00000086055.1	0
ENSMUSG00000086056.1	0
ENSMUSG00000086057.1	0
ENSMUSG00000086058.1	17.5071710536969
ENSMUSG00000086060.1	0
ENSMUSG00000086061.7	0
ENSMUSG00000086063.1	0
ENSMUSG00000086064.1	0
ENSMUSG00000086065.1	0
ENSMUSG00000086066.7	0
ENSMUSG00000086067.1	0
ENSMUSG00000086068.1	0
ENSMUSG00000086069.1	0
ENSMUSG00000086070.1	0
ENSMUSG00000086071.7	0
ENSMUSG00000086072.1	0
ENSMUSG00000086074.2	19.6213189761121
ENSMUSG00000086075.1	13.3133952218904
ENSMUSG00000086076.1	0
ENSMUSG00000086077.7	0
ENSMUSG00000086078.1	0
ENSMUSG00000086080.7	0
ENSMUSG00000086081.4	0
ENSMUSG00000086083.1	21.2512815802264
ENSMUSG00000086087.1	0
ENSMUSG00000086089.1	0
ENSMUSG00000086090.1	0
ENSMUSG00000086092.1	0
ENSMUSG00000086095.2	0
ENSMUSG00000086096.1	0
ENSMUSG00000086097.1	0
ENSMUSG00000086098.1	88.3506961184089
ENSMUSG00000086103.1	0
ENSMUSG00000086104.1	0
ENSMUSG00000086105.1	0
ENSMUSG00000086107.1	0
ENSMUSG00000086108.2	67.1863075908577
ENSMUSG00000086109.2	0
ENSMUSG00000086111.1	0
ENSMUSG00000086112.1	0
ENSMUSG00000086114.1	0
ENSMUSG00000086115.1	0
ENSMUSG00000086117.1	0
ENSMUSG00000086118.1	162.266315072744
ENSMUSG00000086119.2	1267.63352480819
ENSMUSG00000086121.1	0
ENSMUSG00000086122.1	0
ENSMUSG00000086123.3	0
ENSMUSG00000086124.2	0
ENSMUSG00000086125.1	0
ENSMUSG00000086126.1	0
ENSMUSG00000086127.1	0
ENSMUSG00000086128.8	0
ENSMUSG00000086129.1	87.4295486099313
ENSMUSG00000086130.1	35.1816049914764
ENSMUSG00000086132.1	0
ENSMUSG00000086133.1	0
ENSMUSG00000086134.1	0
ENSMUSG00000086135.1	0
ENSMUSG00000086136.1	0
ENSMUSG00000086137.1	0
ENSMUSG00000086139.1	0
ENSMUSG00000086140.1	0
ENSMUSG00000086141.7	0
ENSMUSG00000086142.3	0
ENSMUSG00000086144.2	0
ENSMUSG00000086145.1	0
ENSMUSG00000086146.1	0
ENSMUSG00000086147.2	0
ENSMUSG00000086148.1	0
ENSMUSG00000086150.1	0
ENSMUSG00000086152.1	53.4634787967716
ENSMUSG00000086153.1	0
ENSMUSG00000086154.2	0
ENSMUSG00000086155.7	24.7912683407734
ENSMUSG00000086156.1	0
ENSMUSG00000086157.1	0
ENSMUSG00000086158.2	413.73390437866
ENSMUSG00000086159.1	38.2527313219637
ENSMUSG00000086160.1	0
ENSMUSG00000086161.1	0
ENSMUSG00000086162.1	0
ENSMUSG00000086163.1	0
ENSMUSG00000086164.1	0
ENSMUSG00000086165.1	0
ENSMUSG00000086166.1	15.2173643308306
ENSMUSG00000086167.3	0
ENSMUSG00000086168.1	0
ENSMUSG00000086170.1	0
ENSMUSG00000086171.7	252.101746290203
ENSMUSG00000086172.1	0
ENSMUSG00000086173.7	0
ENSMUSG00000086174.1	0
ENSMUSG00000086175.2	0
ENSMUSG00000086176.4	0
ENSMUSG00000086177.1	0
ENSMUSG00000086179.1	0
ENSMUSG00000086181.1	0
ENSMUSG00000086184.1	0
ENSMUSG00000086185.1	0
ENSMUSG00000086186.1	0
ENSMUSG00000086187.1	0
ENSMUSG00000086188.1	0
ENSMUSG00000086189.1	0
ENSMUSG00000086190.1	0
ENSMUSG00000086191.1	223.546048681057
ENSMUSG00000086192.1	0
ENSMUSG00000086193.1	0
ENSMUSG00000086194.1	0
ENSMUSG00000086195.1	0
ENSMUSG00000086196.7	0
ENSMUSG00000086197.1	0
ENSMUSG00000086199.7	0
ENSMUSG00000086201.1	0
ENSMUSG00000086202.1	0
ENSMUSG00000086203.1	0
ENSMUSG00000086204.1	0
ENSMUSG00000086205.1	0
ENSMUSG00000086206.1	0
ENSMUSG00000086207.1	0
ENSMUSG00000086209.1	0
ENSMUSG00000086211.1	0
ENSMUSG00000086212.7	101.946649819419
ENSMUSG00000086213.2	0
ENSMUSG00000086214.1	0
ENSMUSG00000086216.1	0
ENSMUSG00000086219.7	0
ENSMUSG00000086220.1	0
ENSMUSG00000086221.1	0
ENSMUSG00000086222.1	0
ENSMUSG00000086224.8	0
ENSMUSG00000086225.1	0
ENSMUSG00000086226.1	0
ENSMUSG00000086227.1	0
ENSMUSG00000086228.3	26.3016281511193
ENSMUSG00000086229.3	0
ENSMUSG00000086231.1	0
ENSMUSG00000086232.2	0
ENSMUSG00000086233.1	0
ENSMUSG00000086234.3	48.473120892273
ENSMUSG00000086235.1	61.5693146940605
ENSMUSG00000086236.9	0
ENSMUSG00000086237.1	0
ENSMUSG00000086238.1	0
ENSMUSG00000086239.1	0
ENSMUSG00000086240.4	0
ENSMUSG00000086241.2	0
ENSMUSG00000086243.1	0
ENSMUSG00000086244.1	0
ENSMUSG00000086245.1	3.53012389968298
ENSMUSG00000086246.2	0
ENSMUSG00000086247.7	0
ENSMUSG00000086248.2	0
ENSMUSG00000086249.1	0
ENSMUSG00000086250.1	0
ENSMUSG00000086251.1	0
ENSMUSG00000086253.1	0
ENSMUSG00000086254.1	0
ENSMUSG00000086255.1	0
ENSMUSG00000086256.1	0
ENSMUSG00000086257.1	0
ENSMUSG00000086258.1	0
ENSMUSG00000086259.7	0
ENSMUSG00000086260.1	0
ENSMUSG00000086261.1	0
ENSMUSG00000086262.7	0
ENSMUSG00000086263.1	0
ENSMUSG00000086264.9	0
ENSMUSG00000086265.1	0
ENSMUSG00000086266.1	0
ENSMUSG00000086267.1	0
ENSMUSG00000086268.1	0
ENSMUSG00000086269.2	0
ENSMUSG00000086272.1	91.952856356301
ENSMUSG00000086273.7	0
ENSMUSG00000086275.1	0
ENSMUSG00000086277.2	0
ENSMUSG00000086278.5	0
ENSMUSG00000086279.1	0
ENSMUSG00000086282.1	0
ENSMUSG00000086283.7	0
ENSMUSG00000086284.1	0
ENSMUSG00000086286.1	0
ENSMUSG00000086287.1	0
ENSMUSG00000086288.1	11.4592710142154
ENSMUSG00000086289.3	0
ENSMUSG00000086290.9	1447.43519499589
ENSMUSG00000086291.1	44.1380502151144
ENSMUSG00000086293.1	0
ENSMUSG00000086296.2	16.08111373447
ENSMUSG00000086297.1	0
ENSMUSG00000086298.1	0
ENSMUSG00000086302.1	0
ENSMUSG00000086306.1	0
ENSMUSG00000086308.1	0
ENSMUSG00000086310.1	0
ENSMUSG00000086311.1	0
ENSMUSG00000086312.1	0
ENSMUSG00000086313.1	0
ENSMUSG00000086315.1	0
ENSMUSG00000086316.8	4571.8702260299
ENSMUSG00000086319.1	0
ENSMUSG00000086320.1	0
ENSMUSG00000086321.1	0
ENSMUSG00000086322.7	0
ENSMUSG00000086324.8	284.58941695607
ENSMUSG00000086326.1	0
ENSMUSG00000086327.2	0
ENSMUSG00000086328.1	0
ENSMUSG00000086329.1	0
ENSMUSG00000086330.7	0
ENSMUSG00000086331.1	0
ENSMUSG00000086332.2	0
ENSMUSG00000086333.1	0
ENSMUSG00000086335.1	0
ENSMUSG00000086336.1	0
ENSMUSG00000086337.1	0
ENSMUSG00000086338.2	0
ENSMUSG00000086339.1	0
ENSMUSG00000086340.1	0
ENSMUSG00000086341.2	0
ENSMUSG00000086342.1	0
ENSMUSG00000086346.1	0
ENSMUSG00000086347.1	0
ENSMUSG00000086348.1	0
ENSMUSG00000086349.1	0
ENSMUSG00000086350.1	47.9299144667132
ENSMUSG00000086352.1	0
ENSMUSG00000086353.1	0
ENSMUSG00000086354.2	0
ENSMUSG00000086355.1	0
ENSMUSG00000086356.1	0
ENSMUSG00000086358.2	0
ENSMUSG00000086359.1	0
ENSMUSG00000086360.1	0
ENSMUSG00000086361.1	0
ENSMUSG00000086363.7	349.92812356052
ENSMUSG00000086364.1	0
ENSMUSG00000086365.2	84.5547743607584
ENSMUSG00000086366.1	0
ENSMUSG00000086367.1	0
ENSMUSG00000086368.2	95.9027760744038
ENSMUSG00000086369.7	0
ENSMUSG00000086370.9	32.8747255316082
ENSMUSG00000086371.1	0
ENSMUSG00000086372.1	0
ENSMUSG00000086373.8	0
ENSMUSG00000086375.1	0
ENSMUSG00000086376.2	0
ENSMUSG00000086377.1	0
ENSMUSG00000086379.7	0
ENSMUSG00000086380.1	0
ENSMUSG00000086381.1	0
ENSMUSG00000086382.1	67.6413725003417
ENSMUSG00000086384.1	26.8577873844593
ENSMUSG00000086385.1	0
ENSMUSG00000086386.1	10.3821592154297
ENSMUSG00000086387.1	0
ENSMUSG00000086389.1	0
ENSMUSG00000086390.7	0
ENSMUSG00000086391.1	0
ENSMUSG00000086392.9	21.9070681929267
ENSMUSG00000086395.1	0
ENSMUSG00000086396.1	0
ENSMUSG00000086399.1	0
ENSMUSG00000086401.1	51.6338244717465
ENSMUSG00000086402.1	0
ENSMUSG00000086404.1	0
ENSMUSG00000086405.1	0
ENSMUSG00000086407.1	0
ENSMUSG00000086408.1	0
ENSMUSG00000086409.3	0
ENSMUSG00000086410.7	0
ENSMUSG00000086411.1	29.6342139292574
ENSMUSG00000086413.1	36.2366189880731
ENSMUSG00000086414.2	0
ENSMUSG00000086415.1	0
ENSMUSG00000086416.1	0
ENSMUSG00000086417.1	0
ENSMUSG00000086418.1	0
ENSMUSG00000086420.1	0
ENSMUSG00000086421.1	0
ENSMUSG00000086422.1	0
ENSMUSG00000086423.1	0
ENSMUSG00000086424.1	0
ENSMUSG00000086425.7	0
ENSMUSG00000086426.1	0
ENSMUSG00000086427.8	0
ENSMUSG00000086428.1	0
ENSMUSG00000086429.9	64.78167344673
ENSMUSG00000086430.1	0
ENSMUSG00000086431.1	0
ENSMUSG00000086432.1	0
ENSMUSG00000086433.1	0
ENSMUSG00000086434.1	0
ENSMUSG00000086436.2	0
ENSMUSG00000086437.2	0
ENSMUSG00000086438.2	0
ENSMUSG00000086439.1	0
ENSMUSG00000086441.1	0
ENSMUSG00000086442.1	0
ENSMUSG00000086443.1	0
ENSMUSG00000086444.2	0
ENSMUSG00000086445.1	0
ENSMUSG00000086446.1	0
ENSMUSG00000086447.2	0
ENSMUSG00000086448.1	26.7558191362231
ENSMUSG00000086449.1	0
ENSMUSG00000086450.1	0
ENSMUSG00000086451.8	0
ENSMUSG00000086452.1	0
ENSMUSG00000086453.7	0
ENSMUSG00000086454.7	0
ENSMUSG00000086455.1	45.902191423198
ENSMUSG00000086458.1	0
ENSMUSG00000086459.2	0
ENSMUSG00000086460.1	0
ENSMUSG00000086462.1	0
ENSMUSG00000086464.2	0
ENSMUSG00000086467.2	0
ENSMUSG00000086468.1	0
ENSMUSG00000086470.1	0
ENSMUSG00000086472.1	0
ENSMUSG00000086473.1	0
ENSMUSG00000086474.2	0
ENSMUSG00000086475.1	0
ENSMUSG00000086477.3	61.2454008647995
ENSMUSG00000086478.1	0
ENSMUSG00000086479.2	0
ENSMUSG00000086480.1	0
ENSMUSG00000086481.1	0
ENSMUSG00000086482.1	0
ENSMUSG00000086483.1	0
ENSMUSG00000086484.1	0
ENSMUSG00000086485.2	0
ENSMUSG00000086486.1	0
ENSMUSG00000086487.1	0
ENSMUSG00000086489.1	0
ENSMUSG00000086490.1	0
ENSMUSG00000086491.1	0
ENSMUSG00000086493.1	0
ENSMUSG00000086494.1	0
ENSMUSG00000086495.7	15.1556590272606
ENSMUSG00000086496.1	906.192383884061
ENSMUSG00000086497.1	0
ENSMUSG00000086498.1	0
ENSMUSG00000086499.1	0
ENSMUSG00000086500.1	0
ENSMUSG00000086501.1	0
ENSMUSG00000086502.1	0
ENSMUSG00000086503.4	1.71179938001744
ENSMUSG00000086504.1	0
ENSMUSG00000086505.1	0
ENSMUSG00000086506.1	0
ENSMUSG00000086507.1	0
ENSMUSG00000086509.2	0
ENSMUSG00000086512.1	0
ENSMUSG00000086513.3	0
ENSMUSG00000086514.1	0
ENSMUSG00000086515.1	9.73664121419859
ENSMUSG00000086517.1	0
ENSMUSG00000086518.1	0
ENSMUSG00000086519.1	0
ENSMUSG00000086521.3	0
ENSMUSG00000086522.1	0
ENSMUSG00000086523.1	0
ENSMUSG00000086524.3	0
ENSMUSG00000086525.1	0
ENSMUSG00000086526.2	0
ENSMUSG00000086527.1	0
ENSMUSG00000086528.1	0
ENSMUSG00000086529.1	0
ENSMUSG00000086530.1	0
ENSMUSG00000086531.2	0
ENSMUSG00000086533.2	0
ENSMUSG00000086534.2	0
ENSMUSG00000086536.1	0
ENSMUSG00000086537.7	0
ENSMUSG00000086539.8	0
ENSMUSG00000086540.2	0
ENSMUSG00000086541.8	0
ENSMUSG00000086542.1	0
ENSMUSG00000086544.1	75.6000457742961
ENSMUSG00000086545.4	0
ENSMUSG00000086546.1	0
ENSMUSG00000086547.1	0
ENSMUSG00000086548.1	0
ENSMUSG00000086549.1	0
ENSMUSG00000086550.2	0
ENSMUSG00000086552.3	44.5422090294429
ENSMUSG00000086554.1	0
ENSMUSG00000086555.2	184.404161725254
ENSMUSG00000086556.2	0
ENSMUSG00000086557.1	0
ENSMUSG00000086558.1	0
ENSMUSG00000086559.1	0
ENSMUSG00000086560.1	0
ENSMUSG00000086561.1	0
ENSMUSG00000086562.1	0
ENSMUSG00000086563.1	0
ENSMUSG00000086564.9	0
ENSMUSG00000086565.1	0
ENSMUSG00000086567.1	0
ENSMUSG00000086569.1	0
ENSMUSG00000086573.1	0
ENSMUSG00000086575.1	0
ENSMUSG00000086576.1	0
ENSMUSG00000086577.1	0
ENSMUSG00000086578.2	0
ENSMUSG00000086580.1	0
ENSMUSG00000086582.1	0
ENSMUSG00000086583.3	620.522484278024
ENSMUSG00000086584.8	0
ENSMUSG00000086585.1	0
ENSMUSG00000086586.1	0
ENSMUSG00000086587.7	38.4114110201679
ENSMUSG00000086588.1	0
ENSMUSG00000086589.1	22.0244237525741
ENSMUSG00000086591.1	0
ENSMUSG00000086592.1	0
ENSMUSG00000086593.2	0
ENSMUSG00000086594.2	0
ENSMUSG00000086595.1	0
ENSMUSG00000086596.2	8.9033231059465
ENSMUSG00000086598.9	0
ENSMUSG00000086600.8	0
ENSMUSG00000086601.1	0
ENSMUSG00000086602.1	14.1081670226519
ENSMUSG00000086603.1	0
ENSMUSG00000086604.2	0
ENSMUSG00000086606.1	1678.0948320751
ENSMUSG00000086607.7	0
ENSMUSG00000086608.1	0
ENSMUSG00000086610.1	0
ENSMUSG00000086612.1	0
ENSMUSG00000086613.1	0
ENSMUSG00000086614.2	0
ENSMUSG00000086617.1	0
ENSMUSG00000086618.1	0
ENSMUSG00000086620.1	0
ENSMUSG00000086621.1	0
ENSMUSG00000086624.1	0
ENSMUSG00000086625.1	0
ENSMUSG00000086628.7	0
ENSMUSG00000086629.8	0
ENSMUSG00000086630.1	0
ENSMUSG00000086631.2	0
ENSMUSG00000086632.1	0
ENSMUSG00000086633.1	0
ENSMUSG00000086636.1	0
ENSMUSG00000086637.1	2.75098910301281
ENSMUSG00000086638.7	0
ENSMUSG00000086641.1	0
ENSMUSG00000086643.1	0
ENSMUSG00000086644.1	0
ENSMUSG00000086645.2	0
ENSMUSG00000086646.7	0
ENSMUSG00000086648.1	0
ENSMUSG00000086649.1	0
ENSMUSG00000086650.1	0
ENSMUSG00000086652.1	0
ENSMUSG00000086653.1	0
ENSMUSG00000086654.1	0
ENSMUSG00000086655.1	11.8929247763808
ENSMUSG00000086656.1	0
ENSMUSG00000086657.2	0
ENSMUSG00000086658.1	0
ENSMUSG00000086659.1	0
ENSMUSG00000086660.1	0
ENSMUSG00000086662.7	0
ENSMUSG00000086665.1	0
ENSMUSG00000086666.1	0
ENSMUSG00000086668.1	0
ENSMUSG00000086669.1	0
ENSMUSG00000086670.1	210.876673304317
ENSMUSG00000086671.1	0
ENSMUSG00000086674.1	0
ENSMUSG00000086675.1	0
ENSMUSG00000086676.2	0
ENSMUSG00000086677.1	41.1491976227203
ENSMUSG00000086679.2	0
ENSMUSG00000086680.2	0
ENSMUSG00000086681.1	0
ENSMUSG00000086682.1	11.490451387643
ENSMUSG00000086683.1	0
ENSMUSG00000086684.1	0
ENSMUSG00000086685.1	0
ENSMUSG00000086686.1	0
ENSMUSG00000086687.1	0
ENSMUSG00000086688.4	44.5109350212602
ENSMUSG00000086689.1	0
ENSMUSG00000086690.1	0
ENSMUSG00000086691.2	61.6607334265625
ENSMUSG00000086693.1	178.619937155959
ENSMUSG00000086694.1	0
ENSMUSG00000086695.1	0
ENSMUSG00000086696.1	0
ENSMUSG00000086697.2	6.06347462040275
ENSMUSG00000086698.1	0
ENSMUSG00000086699.3	223.841247852106
ENSMUSG00000086700.2	0
ENSMUSG00000086701.1	0
ENSMUSG00000086702.1	0
ENSMUSG00000086703.1	0
ENSMUSG00000086704.1	0
ENSMUSG00000086706.7	0
ENSMUSG00000086707.1	0
ENSMUSG00000086708.1	0
ENSMUSG00000086709.1	0
ENSMUSG00000086710.1	0
ENSMUSG00000086711.1	0
ENSMUSG00000086712.2	0
ENSMUSG00000086713.1	0
ENSMUSG00000086714.1	6.44369414902655
ENSMUSG00000086715.1	0
ENSMUSG00000086716.1	59.2759186389178
ENSMUSG00000086717.1	0
ENSMUSG00000086718.1	0
ENSMUSG00000086719.1	0
ENSMUSG00000086720.1	0
ENSMUSG00000086721.2	4.59362744740318
ENSMUSG00000086722.1	0
ENSMUSG00000086724.1	0
ENSMUSG00000086725.1	59.9605135445847
ENSMUSG00000086726.3	0
ENSMUSG00000086727.8	0
ENSMUSG00000086728.2	118.470343829368
ENSMUSG00000086729.1	0
ENSMUSG00000086730.2	0
ENSMUSG00000086731.1	0
ENSMUSG00000086732.1	31.6056312734099
ENSMUSG00000086733.1	0
ENSMUSG00000086735.1	0
ENSMUSG00000086736.1	0
ENSMUSG00000086738.1	0
ENSMUSG00000086739.1	0
ENSMUSG00000086740.1	0
ENSMUSG00000086741.1	0
ENSMUSG00000086742.8	26.0887963529182
ENSMUSG00000086743.2	0
ENSMUSG00000086745.1	0
ENSMUSG00000086746.2	0
ENSMUSG00000086748.1	0
ENSMUSG00000086749.1	0
ENSMUSG00000086750.1	0
ENSMUSG00000086752.1	0
ENSMUSG00000086753.1	7.34879890280768
ENSMUSG00000086754.1	0
ENSMUSG00000086755.1	0
ENSMUSG00000086756.1	66.9316522687397
ENSMUSG00000086757.1	0
ENSMUSG00000086758.1	0
ENSMUSG00000086760.1	0
ENSMUSG00000086761.1	0
ENSMUSG00000086762.1	10.4734531015916
ENSMUSG00000086763.1	0
ENSMUSG00000086764.1	0
ENSMUSG00000086765.7	0
ENSMUSG00000086766.1	0
ENSMUSG00000086767.1	0
ENSMUSG00000086769.7	0
ENSMUSG00000086770.1	0
ENSMUSG00000086773.1	0
ENSMUSG00000086774.1	0
ENSMUSG00000086775.7	0
ENSMUSG00000086777.3	0
ENSMUSG00000086779.1	0
ENSMUSG00000086781.1	0
ENSMUSG00000086782.2	0
ENSMUSG00000086783.1	0
ENSMUSG00000086784.2	1164.07495268079
ENSMUSG00000086785.1	0
ENSMUSG00000086786.1	0
ENSMUSG00000086788.2	0
ENSMUSG00000086789.1	0
ENSMUSG00000086790.1	0
ENSMUSG00000086791.1	0
ENSMUSG00000086792.1	0
ENSMUSG00000086794.1	34.3888307321557
ENSMUSG00000086795.1	0
ENSMUSG00000086796.2	0
ENSMUSG00000086798.1	0
ENSMUSG00000086799.1	0
ENSMUSG00000086800.1	0
ENSMUSG00000086801.1	0
ENSMUSG00000086804.8	40.1305451226633
ENSMUSG00000086805.9	0
ENSMUSG00000086806.1	0
ENSMUSG00000086807.8	0
ENSMUSG00000086808.1	0
ENSMUSG00000086810.1	0
ENSMUSG00000086812.2	0
ENSMUSG00000086813.1	0
ENSMUSG00000086814.1	0
ENSMUSG00000086815.4	49.1309986811691
ENSMUSG00000086816.1	0
ENSMUSG00000086817.1	0
ENSMUSG00000086818.1	0
ENSMUSG00000086819.1	0
ENSMUSG00000086820.1	0
ENSMUSG00000086821.3	0
ENSMUSG00000086822.2	0
ENSMUSG00000086823.7	0
ENSMUSG00000086824.1	0
ENSMUSG00000086825.1	4.50292658135649
ENSMUSG00000086826.1	0
ENSMUSG00000086827.1	8.10742768812455
ENSMUSG00000086828.1	0
ENSMUSG00000086830.1	0
ENSMUSG00000086831.1	0
ENSMUSG00000086833.2	0
ENSMUSG00000086834.1	0
ENSMUSG00000086835.2	0
ENSMUSG00000086836.1	0
ENSMUSG00000086837.1	0
ENSMUSG00000086838.1	0
ENSMUSG00000086839.7	4.52527407622553
ENSMUSG00000086840.1	0
ENSMUSG00000086841.1	2301.52480034339
ENSMUSG00000086842.2	0
ENSMUSG00000086843.3	0
ENSMUSG00000086844.1	13.6638388984122
ENSMUSG00000086845.1	0
ENSMUSG00000086846.2	0
ENSMUSG00000086847.1	0
ENSMUSG00000086848.3	0
ENSMUSG00000086849.1	0
ENSMUSG00000086850.1	0
ENSMUSG00000086851.1	51.5768945406835
ENSMUSG00000086854.1	0
ENSMUSG00000086855.1	0
ENSMUSG00000086856.1	0
ENSMUSG00000086858.2	0
ENSMUSG00000086859.4	606.379141799063
ENSMUSG00000086860.1	0
ENSMUSG00000086861.1	0
ENSMUSG00000086862.1	0
ENSMUSG00000086863.1	0
ENSMUSG00000086866.2	0
ENSMUSG00000086867.1	0
ENSMUSG00000086868.1	0
ENSMUSG00000086870.1	0
ENSMUSG00000086872.1	0
ENSMUSG00000086873.1	21.4106791448859
ENSMUSG00000086874.1	0
ENSMUSG00000086875.2	0
ENSMUSG00000086876.1	0
ENSMUSG00000086877.7	190.586927023575
ENSMUSG00000086881.1	0
ENSMUSG00000086882.4	0
ENSMUSG00000086884.1	0
ENSMUSG00000086887.1	0
ENSMUSG00000086889.1	0
ENSMUSG00000086890.1	0
ENSMUSG00000086891.2	0
ENSMUSG00000086892.1	0
ENSMUSG00000086893.1	0
ENSMUSG00000086894.2	2.15366178904118
ENSMUSG00000086896.1	18.701544777375
ENSMUSG00000086898.1	0
ENSMUSG00000086900.1	0
ENSMUSG00000086902.7	0
ENSMUSG00000086903.4	0
ENSMUSG00000086904.1	0
ENSMUSG00000086905.1	0
ENSMUSG00000086906.1	0
ENSMUSG00000086907.1	20.4664350634989
ENSMUSG00000086908.1	0
ENSMUSG00000086909.1	21.4646127637877
ENSMUSG00000086910.1	0
ENSMUSG00000086911.1	0
ENSMUSG00000086912.3	0
ENSMUSG00000086913.1	0
ENSMUSG00000086914.1	0
ENSMUSG00000086915.7	74.7234371976315
ENSMUSG00000086916.2	0
ENSMUSG00000086917.1	0
ENSMUSG00000086918.1	0
ENSMUSG00000086919.1	0
ENSMUSG00000086920.1	0
ENSMUSG00000086921.1	0
ENSMUSG00000086922.2	329.516402405548
ENSMUSG00000086923.1	0
ENSMUSG00000086924.1	0
ENSMUSG00000086925.1	64.1114670817539
ENSMUSG00000086926.2	0
ENSMUSG00000086927.1	0
ENSMUSG00000086928.1	0
ENSMUSG00000086929.1	0
ENSMUSG00000086930.1	3.48489831299968
ENSMUSG00000086931.1	0
ENSMUSG00000086932.1	0
ENSMUSG00000086933.1	0
ENSMUSG00000086935.1	0
ENSMUSG00000086936.1	0
ENSMUSG00000086937.1	0
ENSMUSG00000086938.9	63.3546485683677
ENSMUSG00000086939.1	86.9885289137029
ENSMUSG00000086940.1	0
ENSMUSG00000086941.1	0
ENSMUSG00000086942.1	0
ENSMUSG00000086943.2	168.809605389546
ENSMUSG00000086944.1	0
ENSMUSG00000086945.1	0
ENSMUSG00000086946.7	0
ENSMUSG00000086947.1	0
ENSMUSG00000086948.1	0
ENSMUSG00000086949.1	0
ENSMUSG00000086951.1	0
ENSMUSG00000086952.1	0
ENSMUSG00000086953.1	0
ENSMUSG00000086954.1	0
ENSMUSG00000086955.1	0
ENSMUSG00000086957.1	0
ENSMUSG00000086959.1	0
ENSMUSG00000086960.1	0
ENSMUSG00000086961.1	0
ENSMUSG00000086962.4	0
ENSMUSG00000086963.1	0
ENSMUSG00000086964.1	0
ENSMUSG00000086965.1	14.9550309587995
ENSMUSG00000086968.8	820.389177334382
ENSMUSG00000086969.1	0
ENSMUSG00000086970.1	0
ENSMUSG00000086971.1	0
ENSMUSG00000086974.1	0
ENSMUSG00000086975.1	0
ENSMUSG00000086976.1	0
ENSMUSG00000086978.1	0
ENSMUSG00000086980.1	84.3842030486644
ENSMUSG00000086981.2	0
ENSMUSG00000086984.4	0
ENSMUSG00000086986.3	0
ENSMUSG00000086987.1	0
ENSMUSG00000086989.3	0
ENSMUSG00000086991.1	0
ENSMUSG00000086992.7	0
ENSMUSG00000086993.1	0
ENSMUSG00000086994.1	0
ENSMUSG00000086995.1	5.68319266860892
ENSMUSG00000086996.1	0
ENSMUSG00000086997.1	0
ENSMUSG00000086998.1	0
ENSMUSG00000086999.1	57.5413348018412
ENSMUSG00000087001.2	0
ENSMUSG00000087002.1	0
ENSMUSG00000087003.1	0
ENSMUSG00000087004.1	0
ENSMUSG00000087006.3	2516.18091568848
ENSMUSG00000087007.1	0
ENSMUSG00000087008.4	0
ENSMUSG00000087009.1	0
ENSMUSG00000087010.1	0
ENSMUSG00000087011.1	59.9252132419355
ENSMUSG00000087013.7	0
ENSMUSG00000087014.1	0
ENSMUSG00000087015.1	0
ENSMUSG00000087016.1	0
ENSMUSG00000087017.7	0
ENSMUSG00000087018.1	0
ENSMUSG00000087020.1	0
ENSMUSG00000087021.3	0
ENSMUSG00000087022.4	0
ENSMUSG00000087024.1	0
ENSMUSG00000087026.7	89.6319628947622
ENSMUSG00000087027.2	0
ENSMUSG00000087028.7	0
ENSMUSG00000087029.1	0
ENSMUSG00000087030.1	0
ENSMUSG00000087031.1	0
ENSMUSG00000087032.1	0
ENSMUSG00000087033.1	0
ENSMUSG00000087034.4	0
ENSMUSG00000087035.1	18.6912137427358
ENSMUSG00000087036.1	3.48006051732273
ENSMUSG00000087037.1	0
ENSMUSG00000087038.9	407.46565054899
ENSMUSG00000087039.1	0
ENSMUSG00000087040.1	28.369957466736
ENSMUSG00000087041.1	0
ENSMUSG00000087042.1	34.4370214194152
ENSMUSG00000087043.1	0
ENSMUSG00000087044.1	0
ENSMUSG00000087045.1	0
ENSMUSG00000087047.8	0
ENSMUSG00000087049.1	0
ENSMUSG00000087050.1	70.7585983418927
ENSMUSG00000087051.1	0
ENSMUSG00000087052.1	0
ENSMUSG00000087053.1	0
ENSMUSG00000087054.1	0
ENSMUSG00000087055.1	0
ENSMUSG00000087056.1	293.016981871669
ENSMUSG00000087057.7	0
ENSMUSG00000087058.1	0
ENSMUSG00000087059.7	0
ENSMUSG00000087060.7	30.4084797186656
ENSMUSG00000087061.1	0
ENSMUSG00000087063.1	0
ENSMUSG00000087064.1	0
ENSMUSG00000087066.1	0
ENSMUSG00000087067.1	6.85137987246147
ENSMUSG00000087069.1	0
ENSMUSG00000087070.1	0
ENSMUSG00000087071.1	0
ENSMUSG00000087072.1	0
ENSMUSG00000087074.1	0
ENSMUSG00000087075.2	383.614475148797
ENSMUSG00000087076.2	0
ENSMUSG00000087077.1	0
ENSMUSG00000087079.1	0
ENSMUSG00000087080.1	0
ENSMUSG00000087082.1	0
ENSMUSG00000087083.2	1.23585392015992
ENSMUSG00000087084.1	0
ENSMUSG00000087085.1	0
ENSMUSG00000087086.7	0
ENSMUSG00000087088.2	62.3904290725727
ENSMUSG00000087089.1	0
ENSMUSG00000087090.7	0
ENSMUSG00000087093.2	0
ENSMUSG00000087094.1	17.6106998811837
ENSMUSG00000087095.2	0
ENSMUSG00000087097.1	0
ENSMUSG00000087098.1	0
ENSMUSG00000087099.1	0
ENSMUSG00000087100.1	0
ENSMUSG00000087102.1	0
ENSMUSG00000087103.1	0
ENSMUSG00000087104.7	0
ENSMUSG00000087106.1	0
ENSMUSG00000087107.8	0
ENSMUSG00000087108.1	0
ENSMUSG00000087109.1	0
ENSMUSG00000087110.1	0
ENSMUSG00000087111.1	0
ENSMUSG00000087112.1	0
ENSMUSG00000087113.1	0
ENSMUSG00000087114.1	2.93704136127307
ENSMUSG00000087115.7	0
ENSMUSG00000087116.1	0
ENSMUSG00000087117.8	0
ENSMUSG00000087119.4	0
ENSMUSG00000087120.1	0
ENSMUSG00000087121.1	0
ENSMUSG00000087122.1	0
ENSMUSG00000087123.1	0
ENSMUSG00000087124.1	0
ENSMUSG00000087125.1	0
ENSMUSG00000087127.1	0
ENSMUSG00000087128.7	35.6143224060914
ENSMUSG00000087129.1	0
ENSMUSG00000087131.7	0
ENSMUSG00000087132.8	0
ENSMUSG00000087133.2	0
ENSMUSG00000087135.7	0
ENSMUSG00000087136.1	0
ENSMUSG00000087137.1	0
ENSMUSG00000087138.1	67.4526672573554
ENSMUSG00000087139.1	0
ENSMUSG00000087140.2	0
ENSMUSG00000087141.1	163.934355810573
ENSMUSG00000087142.7	52.0057105071719
ENSMUSG00000087143.9	210.53821487644
ENSMUSG00000087144.1	0
ENSMUSG00000087145.7	0
ENSMUSG00000087147.1	0
ENSMUSG00000087148.1	0
ENSMUSG00000087149.8	0
ENSMUSG00000087150.7	20.5790464622245
ENSMUSG00000087151.1	0
ENSMUSG00000087152.3	0
ENSMUSG00000087153.8	87.035752041827
ENSMUSG00000087155.1	0
ENSMUSG00000087157.1	0
ENSMUSG00000087158.1	0
ENSMUSG00000087159.7	0
ENSMUSG00000087160.1	0
ENSMUSG00000087162.1	0
ENSMUSG00000087163.1	0
ENSMUSG00000087164.1	0
ENSMUSG00000087165.7	336.227642261303
ENSMUSG00000087166.9	0
ENSMUSG00000087167.1	0
ENSMUSG00000087168.1	0
ENSMUSG00000087170.7	0
ENSMUSG00000087171.1	0
ENSMUSG00000087172.1	0
ENSMUSG00000087173.1	0
ENSMUSG00000087174.7	774.308642914422
ENSMUSG00000087175.7	0
ENSMUSG00000087176.1	0
ENSMUSG00000087177.7	564.205985706833
ENSMUSG00000087178.7	99.5557487726965
ENSMUSG00000087179.8	0
ENSMUSG00000087180.1	0
ENSMUSG00000087181.3	0
ENSMUSG00000087184.1	0
ENSMUSG00000087185.1	0
ENSMUSG00000087187.1	0
ENSMUSG00000087190.2	0
ENSMUSG00000087192.7	0
ENSMUSG00000087193.7	0
ENSMUSG00000087194.9	0
ENSMUSG00000087195.1	0
ENSMUSG00000087196.1	0
ENSMUSG00000087197.1	0
ENSMUSG00000087198.4	0
ENSMUSG00000087199.1	0
ENSMUSG00000087200.1	115.382519300899
ENSMUSG00000087201.1	0
ENSMUSG00000087202.1	0
ENSMUSG00000087203.7	0
ENSMUSG00000087204.1	0
ENSMUSG00000087205.1	0
ENSMUSG00000087206.1	0
ENSMUSG00000087207.8	0
ENSMUSG00000087208.1	0
ENSMUSG00000087210.1	0
ENSMUSG00000087211.7	532.208836311025
ENSMUSG00000087213.2	0
ENSMUSG00000087214.2	0
ENSMUSG00000087215.1	0
ENSMUSG00000087216.1	0
ENSMUSG00000087217.1	0
ENSMUSG00000087219.1	0
ENSMUSG00000087220.1	0
ENSMUSG00000087221.3	1.50645836221938
ENSMUSG00000087222.1	0
ENSMUSG00000087223.2	0
ENSMUSG00000087224.1	0
ENSMUSG00000087225.1	0
ENSMUSG00000087226.1	0
ENSMUSG00000087228.1	0
ENSMUSG00000087230.10	0
ENSMUSG00000087231.7	41.8443732557066
ENSMUSG00000087232.1	0
ENSMUSG00000087233.1	0
ENSMUSG00000087235.1	0
ENSMUSG00000087236.3	0
ENSMUSG00000087238.1	0
ENSMUSG00000087239.1	0
ENSMUSG00000087240.1	0
ENSMUSG00000087241.1	0
ENSMUSG00000087242.2	23.3410532547467
ENSMUSG00000087244.1	0
ENSMUSG00000087245.1	0
ENSMUSG00000087246.1	0
ENSMUSG00000087247.3	0
ENSMUSG00000087248.7	0
ENSMUSG00000087249.1	151.38027602887
ENSMUSG00000087250.2	0
ENSMUSG00000087252.1	0
ENSMUSG00000087253.1	0
ENSMUSG00000087254.1	0
ENSMUSG00000087255.2	0
ENSMUSG00000087256.1	0
ENSMUSG00000087258.1	0
ENSMUSG00000087259.7	229.938087656888
ENSMUSG00000087260.5	6782.16150341678
ENSMUSG00000087261.2	0
ENSMUSG00000087263.1	0
ENSMUSG00000087264.1	60.5154243145242
ENSMUSG00000087265.1	0
ENSMUSG00000087266.2	0
ENSMUSG00000087267.1	0
ENSMUSG00000087268.1	19.8747570464146
ENSMUSG00000087269.1	430.019641264473
ENSMUSG00000087270.2	0
ENSMUSG00000087272.1	0
ENSMUSG00000087273.1	0
ENSMUSG00000087276.1	0
ENSMUSG00000087277.1	0
ENSMUSG00000087278.1	0
ENSMUSG00000087279.10	0
ENSMUSG00000087281.1	0
ENSMUSG00000087283.1	0
ENSMUSG00000087286.1	0
ENSMUSG00000087288.1	0
ENSMUSG00000087289.2	0
ENSMUSG00000087290.2	0
ENSMUSG00000087291.1	0
ENSMUSG00000087292.1	68.7540655060418
ENSMUSG00000087293.1	0
ENSMUSG00000087294.2	0
ENSMUSG00000087295.1	0
ENSMUSG00000087296.1	0
ENSMUSG00000087298.3	0
ENSMUSG00000087299.1	0
ENSMUSG00000087300.1	0
ENSMUSG00000087301.7	807.722735846634
ENSMUSG00000087302.1	0
ENSMUSG00000087303.3	0
ENSMUSG00000087305.8	24.0994635589685
ENSMUSG00000087306.7	0
ENSMUSG00000087307.1	0
ENSMUSG00000087308.1	0
ENSMUSG00000087309.1	0
ENSMUSG00000087312.1	0
ENSMUSG00000087314.1	0
ENSMUSG00000087316.1	0
ENSMUSG00000087317.1	0
ENSMUSG00000087318.1	0
ENSMUSG00000087319.1	0
ENSMUSG00000087321.1	0
ENSMUSG00000087322.1	116.587848290916
ENSMUSG00000087323.1	0
ENSMUSG00000087325.3	0
ENSMUSG00000087326.1	0
ENSMUSG00000087327.1	0
ENSMUSG00000087328.1	0
ENSMUSG00000087329.3	0
ENSMUSG00000087330.1	0
ENSMUSG00000087331.8	339.490001973163
ENSMUSG00000087332.1	0
ENSMUSG00000087333.1	0
ENSMUSG00000087334.1	90.2951778646955
ENSMUSG00000087335.2	0
ENSMUSG00000087336.2	67.5845049924488
ENSMUSG00000087337.1	0
ENSMUSG00000087338.2	0
ENSMUSG00000087339.1	0
ENSMUSG00000087340.1	0
ENSMUSG00000087341.4	91.5490720809927
ENSMUSG00000087342.1	0
ENSMUSG00000087343.1	0
ENSMUSG00000087344.1	128.912429288022
ENSMUSG00000087345.1	0
ENSMUSG00000087347.1	16.6271604142659
ENSMUSG00000087348.1	0
ENSMUSG00000087350.1	0
ENSMUSG00000087351.1	0
ENSMUSG00000087352.1	0
ENSMUSG00000087353.1	0
ENSMUSG00000087354.1	0
ENSMUSG00000087355.7	0
ENSMUSG00000087356.1	0
ENSMUSG00000087357.1	0
ENSMUSG00000087358.8	0
ENSMUSG00000087360.2	0
ENSMUSG00000087361.7	0
ENSMUSG00000087362.7	4.55770291305365
ENSMUSG00000087363.1	0
ENSMUSG00000087364.1	0
ENSMUSG00000087365.7	0
ENSMUSG00000087366.7	6.41335648839428
ENSMUSG00000087367.1	0
ENSMUSG00000087368.7	0
ENSMUSG00000087369.1	0
ENSMUSG00000087370.3	172.393007464845
ENSMUSG00000087371.1	0
ENSMUSG00000087373.7	0
ENSMUSG00000087374.1	0
ENSMUSG00000087376.3	0
ENSMUSG00000087377.1	0
ENSMUSG00000087378.1	0
ENSMUSG00000087379.1	0
ENSMUSG00000087380.7	626.526032655202
ENSMUSG00000087381.8	78.3701363673367
ENSMUSG00000087382.7	0
ENSMUSG00000087383.7	0
ENSMUSG00000087384.1	0
ENSMUSG00000087385.8	253.054199018448
ENSMUSG00000087386.1	0
ENSMUSG00000087387.2	87.6210628955688
ENSMUSG00000087388.1	0
ENSMUSG00000087389.1	0
ENSMUSG00000087390.1	6.93899079159191
ENSMUSG00000087393.1	0
ENSMUSG00000087394.1	0
ENSMUSG00000087395.1	0
ENSMUSG00000087396.7	22.9499096713685
ENSMUSG00000087397.1	0
ENSMUSG00000087398.1	0
ENSMUSG00000087399.1	0
ENSMUSG00000087400.8	81.1740915301159
ENSMUSG00000087401.1	0
ENSMUSG00000087402.1	0
ENSMUSG00000087403.9	225.565937616734
ENSMUSG00000087404.1	0
ENSMUSG00000087405.1	0
ENSMUSG00000087406.1	0
ENSMUSG00000087407.1	0
ENSMUSG00000087408.10	960.916685869002
ENSMUSG00000087409.1	0
ENSMUSG00000087410.7	0
ENSMUSG00000087411.1	0
ENSMUSG00000087412.4	235.730895412061
ENSMUSG00000087413.1	0
ENSMUSG00000087415.4	0
ENSMUSG00000087416.1	0
ENSMUSG00000087417.1	0
ENSMUSG00000087422.1	0
ENSMUSG00000087424.1	0
ENSMUSG00000087425.1	0
ENSMUSG00000087428.1	0
ENSMUSG00000087429.1	0
ENSMUSG00000087430.1	59.4028249435792
ENSMUSG00000087431.1	0
ENSMUSG00000087432.1	0
ENSMUSG00000087433.1	0
ENSMUSG00000087434.1	0
ENSMUSG00000087435.1	47.1441940256054
ENSMUSG00000087436.1	0
ENSMUSG00000087437.7	0
ENSMUSG00000087439.1	0
ENSMUSG00000087440.2	19.1265217189069
ENSMUSG00000087441.1	0
ENSMUSG00000087442.1	0
ENSMUSG00000087443.1	0
ENSMUSG00000087444.1	0
ENSMUSG00000087445.1	0
ENSMUSG00000087449.1	0
ENSMUSG00000087450.1	0
ENSMUSG00000087451.1	0
ENSMUSG00000087452.1	0
ENSMUSG00000087454.1	0
ENSMUSG00000087455.7	0
ENSMUSG00000087456.1	0
ENSMUSG00000087457.1	0
ENSMUSG00000087458.1	0
ENSMUSG00000087459.8	0
ENSMUSG00000087460.2	0
ENSMUSG00000087461.2	37.1004308148826
ENSMUSG00000087462.1	0
ENSMUSG00000087464.1	0
ENSMUSG00000087465.1	0
ENSMUSG00000087466.3	72.2608119285504
ENSMUSG00000087467.1	0
ENSMUSG00000087468.1	0
ENSMUSG00000087469.1	0
ENSMUSG00000087470.2	0
ENSMUSG00000087473.7	0
ENSMUSG00000087474.1	0
ENSMUSG00000087475.3	44.6841905296653
ENSMUSG00000087476.1	0
ENSMUSG00000087477.1	0
ENSMUSG00000087478.1	30.2751438274917
ENSMUSG00000087479.1	131.105511308934
ENSMUSG00000087480.1	0
ENSMUSG00000087482.1	0
ENSMUSG00000087484.1	0
ENSMUSG00000087485.1	0
ENSMUSG00000087486.1	0
ENSMUSG00000087487.1	0
ENSMUSG00000087489.1	0
ENSMUSG00000087491.7	0
ENSMUSG00000087492.2	0
ENSMUSG00000087495.7	0
ENSMUSG00000087496.1	0
ENSMUSG00000087497.7	799.22229188003
ENSMUSG00000087500.1	0
ENSMUSG00000087501.1	0
ENSMUSG00000087502.1	0
ENSMUSG00000087504.1	0
ENSMUSG00000087505.1	0
ENSMUSG00000087507.1	0
ENSMUSG00000087508.1	0
ENSMUSG00000087510.1	0
ENSMUSG00000087512.2	0
ENSMUSG00000087513.1	0
ENSMUSG00000087514.1	0
ENSMUSG00000087515.1	0
ENSMUSG00000087516.7	0
ENSMUSG00000087517.1	0
ENSMUSG00000087518.1	0
ENSMUSG00000087519.8	28.3520108053537
ENSMUSG00000087520.2	0
ENSMUSG00000087521.2	0
ENSMUSG00000087522.3	0
ENSMUSG00000087523.1	171.163364650103
ENSMUSG00000087524.1	0
ENSMUSG00000087525.1	0
ENSMUSG00000087526.2	0
ENSMUSG00000087527.1	0
ENSMUSG00000087528.1	0
ENSMUSG00000087530.2	0
ENSMUSG00000087531.7	0
ENSMUSG00000087532.1	0
ENSMUSG00000087534.1	0
ENSMUSG00000087535.2	0
ENSMUSG00000087536.1	110.504647948785
ENSMUSG00000087537.1	0
ENSMUSG00000087538.1	0
ENSMUSG00000087539.1	0
ENSMUSG00000087540.1	0
ENSMUSG00000087541.1	0
ENSMUSG00000087542.1	0
ENSMUSG00000087543.1	0
ENSMUSG00000087544.1	0
ENSMUSG00000087545.1	0
ENSMUSG00000087547.1	0
ENSMUSG00000087549.1	0
ENSMUSG00000087550.1	0
ENSMUSG00000087552.2	0
ENSMUSG00000087553.1	0
ENSMUSG00000087555.1	0
ENSMUSG00000087556.1	45.9839969875161
ENSMUSG00000087559.1	0
ENSMUSG00000087561.7	0
ENSMUSG00000087563.1	89.8247880669702
ENSMUSG00000087564.1	0
ENSMUSG00000087565.1	0
ENSMUSG00000087568.1	0
ENSMUSG00000087569.1	29.6912687066605
ENSMUSG00000087570.1	0
ENSMUSG00000087571.1	0
ENSMUSG00000087574.1	8.2736605899018
ENSMUSG00000087575.7	0
ENSMUSG00000087577.1	0
ENSMUSG00000087578.1	35.7585511404348
ENSMUSG00000087579.7	0
ENSMUSG00000087581.1	0
ENSMUSG00000087582.6	0
ENSMUSG00000087584.1	0
ENSMUSG00000087585.1	0
ENSMUSG00000087586.1	0
ENSMUSG00000087587.1	0
ENSMUSG00000087588.1	0
ENSMUSG00000087589.3	21.6643981194535
ENSMUSG00000087590.2	309.126154821065
ENSMUSG00000087591.7	0
ENSMUSG00000087592.1	0
ENSMUSG00000087593.1	0
ENSMUSG00000087595.1	0
ENSMUSG00000087596.1	0
ENSMUSG00000087597.1	0
ENSMUSG00000087598.9	54.3662114700918
ENSMUSG00000087600.1	0
ENSMUSG00000087601.3	44.9692147240006
ENSMUSG00000087602.1	0
ENSMUSG00000087603.1	0
ENSMUSG00000087604.7	0
ENSMUSG00000087605.1	0
ENSMUSG00000087606.1	0
ENSMUSG00000087607.1	0
ENSMUSG00000087608.1	0
ENSMUSG00000087609.1	0
ENSMUSG00000087610.1	0
ENSMUSG00000087611.1	0
ENSMUSG00000087612.1	31.8140310265392
ENSMUSG00000087613.1	0
ENSMUSG00000087614.1	0
ENSMUSG00000087615.2	0
ENSMUSG00000087616.1	0
ENSMUSG00000087617.1	0
ENSMUSG00000087618.1	0
ENSMUSG00000087620.7	76.8618053100165
ENSMUSG00000087621.7	0
ENSMUSG00000087622.1	0
ENSMUSG00000087623.1	0
ENSMUSG00000087624.1	0
ENSMUSG00000087625.1	0
ENSMUSG00000087626.1	0
ENSMUSG00000087627.2	0
ENSMUSG00000087628.1	0
ENSMUSG00000087629.1	0
ENSMUSG00000087630.1	0
ENSMUSG00000087632.1	0
ENSMUSG00000087633.1	22.9180426430706
ENSMUSG00000087635.3	0
ENSMUSG00000087636.1	0
ENSMUSG00000087637.1	0
ENSMUSG00000087638.1	0
ENSMUSG00000087639.1	0
ENSMUSG00000087640.1	0
ENSMUSG00000087641.1	0
ENSMUSG00000087642.3	0
ENSMUSG00000087643.1	0
ENSMUSG00000087644.1	24.4712247480539
ENSMUSG00000087646.1	0
ENSMUSG00000087647.2	0
ENSMUSG00000087648.1	0
ENSMUSG00000087649.2	0
ENSMUSG00000087651.3	789.444888335805
ENSMUSG00000087652.1	0
ENSMUSG00000087654.1	0
ENSMUSG00000087657.8	0
ENSMUSG00000087658.2	40.164440903987
ENSMUSG00000087659.7	0
ENSMUSG00000087660.1	0
ENSMUSG00000087662.2	0
ENSMUSG00000087663.1	0
ENSMUSG00000087666.3	0
ENSMUSG00000087667.8	0
ENSMUSG00000087668.1	0
ENSMUSG00000087669.1	0
ENSMUSG00000087670.1	0
ENSMUSG00000087672.1	0
ENSMUSG00000087674.7	134.12339067539
ENSMUSG00000087675.1	0
ENSMUSG00000087677.1	0
ENSMUSG00000087678.1	0
ENSMUSG00000087679.2	1677.81658079472
ENSMUSG00000087681.1	0
ENSMUSG00000087682.1	0
ENSMUSG00000087683.1	0
ENSMUSG00000087684.1	0
ENSMUSG00000087685.1	0
ENSMUSG00000087687.3	4549.61649076224
ENSMUSG00000087688.1	0
ENSMUSG00000087689.1	0
ENSMUSG00000087690.1	0
ENSMUSG00000087691.1	0
ENSMUSG00000087692.1	126.823188210447
ENSMUSG00000087693.1	0
ENSMUSG00000087694.8	493.874611540593
ENSMUSG00000087695.1	0
ENSMUSG00000087698.1	73.2974735131597
ENSMUSG00000087700.2	0
ENSMUSG00000087701.4	44.9598512484968
ENSMUSG00000087702.1	0
ENSMUSG00000087703.1	0
ENSMUSG00000087704.1	0
ENSMUSG00000087707.1	0
ENSMUSG00000087708.1	0
ENSMUSG00000087710.1	0
ENSMUSG00000087712.1	0
ENSMUSG00000087714.1	0
ENSMUSG00000087715.1	0
ENSMUSG00000087716.2	0
ENSMUSG00000087717.1	0
ENSMUSG00000087718.1	0
ENSMUSG00000087719.1	0
ENSMUSG00000087720.1	0
ENSMUSG00000087721.1	0
ENSMUSG00000087722.1	0
ENSMUSG00000087723.1	0
ENSMUSG00000087724.1	0
ENSMUSG00000087726.1	0
ENSMUSG00000087728.1	0
ENSMUSG00000087730.1	0
ENSMUSG00000087731.1	0
ENSMUSG00000087732.1	0
ENSMUSG00000087734.1	0
ENSMUSG00000087736.1	0
ENSMUSG00000087737.1	0
ENSMUSG00000087739.1	0
ENSMUSG00000087741.1	0
ENSMUSG00000087742.1	0
ENSMUSG00000087743.1	0
ENSMUSG00000087744.1	0
ENSMUSG00000087746.1	0
ENSMUSG00000087747.1	0
ENSMUSG00000087748.1	0
ENSMUSG00000087750.1	0
ENSMUSG00000087752.1	0
ENSMUSG00000087754.1	0
ENSMUSG00000087756.1	0
ENSMUSG00000087758.1	0
ENSMUSG00000087759.1	0
ENSMUSG00000087760.1	0
ENSMUSG00000087761.1	0
ENSMUSG00000087764.1	0
ENSMUSG00000087765.1	0
ENSMUSG00000087766.1	0
ENSMUSG00000087767.1	0
ENSMUSG00000087768.1	0
ENSMUSG00000087769.1	0
ENSMUSG00000087772.1	0
ENSMUSG00000087774.1	0
ENSMUSG00000087775.1	0
ENSMUSG00000087776.1	0
ENSMUSG00000087777.1	0
ENSMUSG00000087779.1	0
ENSMUSG00000087780.1	0
ENSMUSG00000087781.1	0
ENSMUSG00000087782.1	0
ENSMUSG00000087783.1	0
ENSMUSG00000087784.1	0
ENSMUSG00000087785.1	0
ENSMUSG00000087786.1	0
ENSMUSG00000087789.1	0
ENSMUSG00000087790.1	0
ENSMUSG00000087791.1	0
ENSMUSG00000087792.1	0
ENSMUSG00000087793.1	0
ENSMUSG00000087794.1	0
ENSMUSG00000087795.1	0
ENSMUSG00000087796.1	0
ENSMUSG00000087798.1	0
ENSMUSG00000087799.1	0
ENSMUSG00000087800.1	0
ENSMUSG00000087801.1	0
ENSMUSG00000087802.1	0
ENSMUSG00000087804.1	0
ENSMUSG00000087805.2	0
ENSMUSG00000087806.1	0
ENSMUSG00000087807.1	0
ENSMUSG00000087808.1	0
ENSMUSG00000087810.1	0
ENSMUSG00000087812.1	0
ENSMUSG00000087813.1	0
ENSMUSG00000087815.1	0
ENSMUSG00000087816.1	0
ENSMUSG00000087817.1	0
ENSMUSG00000087819.1	0
ENSMUSG00000087820.1	0
ENSMUSG00000087823.1	0
ENSMUSG00000087825.1	0
ENSMUSG00000087829.1	0
ENSMUSG00000087830.1	0
ENSMUSG00000087831.1	0
ENSMUSG00000087832.1	0
ENSMUSG00000087833.1	0
ENSMUSG00000087834.1	0
ENSMUSG00000087835.1	0
ENSMUSG00000087836.1	0
ENSMUSG00000087838.1	0
ENSMUSG00000087839.1	0
ENSMUSG00000087841.1	0
ENSMUSG00000087842.1	0
ENSMUSG00000087843.1	0
ENSMUSG00000087844.1	0
ENSMUSG00000087845.2	0
ENSMUSG00000087846.1	0
ENSMUSG00000087847.1	0
ENSMUSG00000087848.1	0
ENSMUSG00000087850.1	0
ENSMUSG00000087852.1	0
ENSMUSG00000087853.1	0
ENSMUSG00000087854.1	0
ENSMUSG00000087855.1	0
ENSMUSG00000087857.1	0
ENSMUSG00000087858.1	0
ENSMUSG00000087859.1	0
ENSMUSG00000087860.1	0
ENSMUSG00000087861.1	0
ENSMUSG00000087862.1	0
ENSMUSG00000087863.1	0
ENSMUSG00000087867.1	0
ENSMUSG00000087869.1	0
ENSMUSG00000087870.1	0
ENSMUSG00000087871.1	0
ENSMUSG00000087872.1	0
ENSMUSG00000087873.1	0
ENSMUSG00000087875.1	0
ENSMUSG00000087876.1	0
ENSMUSG00000087877.1	0
ENSMUSG00000087878.1	0
ENSMUSG00000087879.1	0
ENSMUSG00000087880.1	0
ENSMUSG00000087881.1	0
ENSMUSG00000087883.1	0
ENSMUSG00000087884.1	0
ENSMUSG00000087885.1	0
ENSMUSG00000087886.1	0
ENSMUSG00000087887.1	0
ENSMUSG00000087890.1	0
ENSMUSG00000087891.1	0
ENSMUSG00000087892.1	0
ENSMUSG00000087893.1	0
ENSMUSG00000087894.1	0
ENSMUSG00000087895.1	0
ENSMUSG00000087896.1	0
ENSMUSG00000087897.1	0
ENSMUSG00000087898.1	0
ENSMUSG00000087899.1	0
ENSMUSG00000087902.1	0
ENSMUSG00000087903.1	0
ENSMUSG00000087904.1	0
ENSMUSG00000087905.1	0
ENSMUSG00000087908.1	0
ENSMUSG00000087909.1	0
ENSMUSG00000087910.1	0
ENSMUSG00000087911.1	0
ENSMUSG00000087912.1	0
ENSMUSG00000087913.1	0
ENSMUSG00000087914.1	0
ENSMUSG00000087915.1	0
ENSMUSG00000087916.1	0
ENSMUSG00000087917.1	0
ENSMUSG00000087919.1	0
ENSMUSG00000087921.1	0
ENSMUSG00000087922.1	0
ENSMUSG00000087923.1	0
ENSMUSG00000087924.1	0
ENSMUSG00000087925.1	0
ENSMUSG00000087926.1	0
ENSMUSG00000087929.1	0
ENSMUSG00000087930.1	0
ENSMUSG00000087932.1	0
ENSMUSG00000087933.1	0
ENSMUSG00000087935.1	0
ENSMUSG00000087936.1	0
ENSMUSG00000087937.1	0
ENSMUSG00000087938.1	0
ENSMUSG00000087939.1	0
ENSMUSG00000087940.1	0
ENSMUSG00000087941.2	0
ENSMUSG00000087942.1	0
ENSMUSG00000087943.1	3601.30975341211
ENSMUSG00000087945.1	0
ENSMUSG00000087946.1	0
ENSMUSG00000087947.1	0
ENSMUSG00000087949.1	0
ENSMUSG00000087950.1	0
ENSMUSG00000087951.1	0
ENSMUSG00000087954.1	0
ENSMUSG00000087956.1	0
ENSMUSG00000087957.1	0
ENSMUSG00000087958.1	0
ENSMUSG00000087959.1	0
ENSMUSG00000087960.1	0
ENSMUSG00000087961.1	0
ENSMUSG00000087963.1	0
ENSMUSG00000087964.1	0
ENSMUSG00000087965.1	0
ENSMUSG00000087966.1	0
ENSMUSG00000087967.1	0
ENSMUSG00000087968.1	0
ENSMUSG00000087973.1	0
ENSMUSG00000087975.1	0
ENSMUSG00000087979.1	0
ENSMUSG00000087980.1	0
ENSMUSG00000087981.1	0
ENSMUSG00000087982.1	0
ENSMUSG00000087983.1	0
ENSMUSG00000087985.1	0
ENSMUSG00000087987.1	0
ENSMUSG00000087989.1	0
ENSMUSG00000087990.2	0
ENSMUSG00000087991.1	0
ENSMUSG00000087992.1	0
ENSMUSG00000087993.1	0
ENSMUSG00000087994.1	0
ENSMUSG00000087995.1	0
ENSMUSG00000087997.1	0
ENSMUSG00000087999.1	0
ENSMUSG00000088000.1	0
ENSMUSG00000088001.1	0
ENSMUSG00000088002.1	0
ENSMUSG00000088004.1	0
ENSMUSG00000088005.1	0
ENSMUSG00000088008.1	0
ENSMUSG00000088009.1	0
ENSMUSG00000088010.1	0
ENSMUSG00000088014.1	0
ENSMUSG00000088015.1	0
ENSMUSG00000088016.1	0
ENSMUSG00000088017.1	0
ENSMUSG00000088018.1	0
ENSMUSG00000088019.1	0
ENSMUSG00000088020.1	0
ENSMUSG00000088021.1	0
ENSMUSG00000088022.1	0
ENSMUSG00000088025.1	0
ENSMUSG00000088026.1	0
ENSMUSG00000088027.1	0
ENSMUSG00000088028.1	0
ENSMUSG00000088030.1	0
ENSMUSG00000088031.1	0
ENSMUSG00000088036.1	0
ENSMUSG00000088037.1	0
ENSMUSG00000088039.1	0
ENSMUSG00000088040.1	0
ENSMUSG00000088041.1	0
ENSMUSG00000088043.1	0
ENSMUSG00000088044.1	0
ENSMUSG00000088045.1	0
ENSMUSG00000088046.1	0
ENSMUSG00000088047.1	0
ENSMUSG00000088048.1	0
ENSMUSG00000088049.1	0
ENSMUSG00000088050.1	0
ENSMUSG00000088051.1	0
ENSMUSG00000088052.1	0
ENSMUSG00000088054.1	0
ENSMUSG00000088055.1	0
ENSMUSG00000088056.1	0
ENSMUSG00000088057.1	0
ENSMUSG00000088058.1	0
ENSMUSG00000088059.1	0
ENSMUSG00000088060.1	0
ENSMUSG00000088062.1	0
ENSMUSG00000088063.1	0
ENSMUSG00000088064.1	0
ENSMUSG00000088066.1	0
ENSMUSG00000088067.1	0
ENSMUSG00000088068.1	0
ENSMUSG00000088069.1	0
ENSMUSG00000088070.1	0
ENSMUSG00000088071.1	0
ENSMUSG00000088073.1	0
ENSMUSG00000088075.1	0
ENSMUSG00000088076.1	0
ENSMUSG00000088077.1	0
ENSMUSG00000088083.1	0
ENSMUSG00000088084.1	0
ENSMUSG00000088085.1	0
ENSMUSG00000088086.1	0
ENSMUSG00000088088.1	60.9297893171518
ENSMUSG00000088090.1	0
ENSMUSG00000088091.1	0
ENSMUSG00000088093.1	0
ENSMUSG00000088094.1	0
ENSMUSG00000088095.1	0
ENSMUSG00000088096.1	0
ENSMUSG00000088097.1	0
ENSMUSG00000088098.1	0
ENSMUSG00000088099.1	0
ENSMUSG00000088102.1	0
ENSMUSG00000088103.1	0
ENSMUSG00000088104.1	0
ENSMUSG00000088105.1	0
ENSMUSG00000088106.1	0
ENSMUSG00000088108.1	0
ENSMUSG00000088111.1	0
ENSMUSG00000088112.1	0
ENSMUSG00000088113.1	0
ENSMUSG00000088114.1	0
ENSMUSG00000088115.1	0
ENSMUSG00000088116.1	0
ENSMUSG00000088118.1	0
ENSMUSG00000088119.1	0
ENSMUSG00000088121.1	0
ENSMUSG00000088122.2	0
ENSMUSG00000088123.1	0
ENSMUSG00000088124.1	0
ENSMUSG00000088125.1	0
ENSMUSG00000088126.1	0
ENSMUSG00000088128.1	0
ENSMUSG00000088132.1	0
ENSMUSG00000088133.1	0
ENSMUSG00000088134.1	0
ENSMUSG00000088135.1	0
ENSMUSG00000088136.1	0
ENSMUSG00000088138.1	0
ENSMUSG00000088139.2	0
ENSMUSG00000088141.1	0
ENSMUSG00000088143.1	0
ENSMUSG00000088144.1	0
ENSMUSG00000088145.1	0
ENSMUSG00000088146.1	0
ENSMUSG00000088147.1	0
ENSMUSG00000088148.1	0
ENSMUSG00000088149.1	0
ENSMUSG00000088150.1	0
ENSMUSG00000088151.1	0
ENSMUSG00000088152.1	0
ENSMUSG00000088153.1	0
ENSMUSG00000088154.1	0
ENSMUSG00000088155.1	0
ENSMUSG00000088156.1	0
ENSMUSG00000088157.1	0
ENSMUSG00000088158.1	0
ENSMUSG00000088159.1	0
ENSMUSG00000088160.1	0
ENSMUSG00000088161.1	0
ENSMUSG00000088162.1	0
ENSMUSG00000088164.1	0
ENSMUSG00000088165.1	0
ENSMUSG00000088166.1	0
ENSMUSG00000088167.1	0
ENSMUSG00000088168.1	0
ENSMUSG00000088169.1	0
ENSMUSG00000088170.1	0
ENSMUSG00000088171.1	0
ENSMUSG00000088172.1	0
ENSMUSG00000088175.1	0
ENSMUSG00000088176.1	0
ENSMUSG00000088177.1	0
ENSMUSG00000088179.1	0
ENSMUSG00000088180.1	0
ENSMUSG00000088181.1	0
ENSMUSG00000088182.1	0
ENSMUSG00000088183.1	0
ENSMUSG00000088184.1	0
ENSMUSG00000088185.1	0
ENSMUSG00000088187.1	0
ENSMUSG00000088188.1	0
ENSMUSG00000088189.1	0
ENSMUSG00000088191.1	0
ENSMUSG00000088192.1	0
ENSMUSG00000088193.1	0
ENSMUSG00000088194.1	0
ENSMUSG00000088195.1	0
ENSMUSG00000088196.1	0
ENSMUSG00000088197.1	0
ENSMUSG00000088198.1	0
ENSMUSG00000088200.1	0
ENSMUSG00000088201.1	0
ENSMUSG00000088203.1	0
ENSMUSG00000088204.1	0
ENSMUSG00000088205.1	0
ENSMUSG00000088207.1	0
ENSMUSG00000088208.1	0
ENSMUSG00000088209.1	0
ENSMUSG00000088210.1	0
ENSMUSG00000088211.1	0
ENSMUSG00000088212.1	0
ENSMUSG00000088213.1	0
ENSMUSG00000088216.1	0
ENSMUSG00000088217.1	0
ENSMUSG00000088218.1	0
ENSMUSG00000088219.1	0
ENSMUSG00000088220.1	0
ENSMUSG00000088221.1	0
ENSMUSG00000088222.1	0
ENSMUSG00000088223.1	0
ENSMUSG00000088224.1	0
ENSMUSG00000088225.1	0
ENSMUSG00000088226.1	0
ENSMUSG00000088227.1	0
ENSMUSG00000088228.1	0
ENSMUSG00000088229.1	0
ENSMUSG00000088230.1	0
ENSMUSG00000088231.1	0
ENSMUSG00000088232.1	0
ENSMUSG00000088233.1	0
ENSMUSG00000088234.1	0
ENSMUSG00000088236.1	0
ENSMUSG00000088237.1	0
ENSMUSG00000088239.1	0
ENSMUSG00000088240.1	0
ENSMUSG00000088241.1	0
ENSMUSG00000088242.1	0
ENSMUSG00000088243.1	0
ENSMUSG00000088244.1	0
ENSMUSG00000088245.1	0
ENSMUSG00000088246.1	0
ENSMUSG00000088248.1	0
ENSMUSG00000088249.1	0
ENSMUSG00000088250.1	0
ENSMUSG00000088252.1	0
ENSMUSG00000088253.1	0
ENSMUSG00000088254.1	0
ENSMUSG00000088255.1	0
ENSMUSG00000088257.1	0
ENSMUSG00000088258.1	0
ENSMUSG00000088259.1	0
ENSMUSG00000088260.1	0
ENSMUSG00000088261.1	0
ENSMUSG00000088264.1	0
ENSMUSG00000088265.1	0
ENSMUSG00000088266.1	0
ENSMUSG00000088268.1	0
ENSMUSG00000088269.1	0
ENSMUSG00000088270.1	0
ENSMUSG00000088273.1	0
ENSMUSG00000088275.1	0
ENSMUSG00000088276.1	0
ENSMUSG00000088278.1	0
ENSMUSG00000088279.1	0
ENSMUSG00000088280.1	0
ENSMUSG00000088281.1	0
ENSMUSG00000088282.1	0
ENSMUSG00000088283.1	0
ENSMUSG00000088284.1	0
ENSMUSG00000088285.1	0
ENSMUSG00000088286.1	0
ENSMUSG00000088288.1	0
ENSMUSG00000088291.1	0
ENSMUSG00000088293.1	0
ENSMUSG00000088294.1	0
ENSMUSG00000088295.1	0
ENSMUSG00000088296.1	0
ENSMUSG00000088297.1	0
ENSMUSG00000088298.1	0
ENSMUSG00000088299.1	0
ENSMUSG00000088301.1	0
ENSMUSG00000088302.1	0
ENSMUSG00000088303.1	0
ENSMUSG00000088304.1	0
ENSMUSG00000088307.1	0
ENSMUSG00000088308.1	0
ENSMUSG00000088310.1	0
ENSMUSG00000088311.1	0
ENSMUSG00000088312.1	0
ENSMUSG00000088313.1	0
ENSMUSG00000088314.1	0
ENSMUSG00000088317.1	0
ENSMUSG00000088318.1	0
ENSMUSG00000088320.1	0
ENSMUSG00000088322.1	0
ENSMUSG00000088323.1	0
ENSMUSG00000088324.1	0
ENSMUSG00000088325.1	0
ENSMUSG00000088326.1	0
ENSMUSG00000088327.1	0
ENSMUSG00000088329.1	0
ENSMUSG00000088331.1	0
ENSMUSG00000088332.1	0
ENSMUSG00000088333.2	0
ENSMUSG00000088334.2	0
ENSMUSG00000088335.1	0
ENSMUSG00000088337.1	0
ENSMUSG00000088338.1	0
ENSMUSG00000088339.1	0
ENSMUSG00000088340.1	0
ENSMUSG00000088342.1	0
ENSMUSG00000088343.1	0
ENSMUSG00000088344.1	0
ENSMUSG00000088346.1	0
ENSMUSG00000088348.1	0
ENSMUSG00000088349.1	0
ENSMUSG00000088350.1	0
ENSMUSG00000088351.1	0
ENSMUSG00000088352.1	0
ENSMUSG00000088353.1	0
ENSMUSG00000088354.2	0
ENSMUSG00000088356.1	0
ENSMUSG00000088357.1	0
ENSMUSG00000088358.1	0
ENSMUSG00000088359.1	0
ENSMUSG00000088360.1	0
ENSMUSG00000088361.1	0
ENSMUSG00000088362.1	0
ENSMUSG00000088363.1	0
ENSMUSG00000088364.2	0
ENSMUSG00000088365.1	0
ENSMUSG00000088366.1	0
ENSMUSG00000088367.1	0
ENSMUSG00000088368.1	0
ENSMUSG00000088369.1	0
ENSMUSG00000088370.1	0
ENSMUSG00000088371.1	0
ENSMUSG00000088372.1	0
ENSMUSG00000088373.3	0
ENSMUSG00000088374.1	0
ENSMUSG00000088377.1	0
ENSMUSG00000088378.1	0
ENSMUSG00000088379.1	0
ENSMUSG00000088380.1	0
ENSMUSG00000088383.1	0
ENSMUSG00000088384.1	0
ENSMUSG00000088385.1	0
ENSMUSG00000088386.1	0
ENSMUSG00000088387.1	0
ENSMUSG00000088389.1	0
ENSMUSG00000088391.1	0
ENSMUSG00000088392.1	0
ENSMUSG00000088393.1	0
ENSMUSG00000088394.1	0
ENSMUSG00000088395.1	0
ENSMUSG00000088397.1	0
ENSMUSG00000088398.1	0
ENSMUSG00000088400.1	0
ENSMUSG00000088402.1	0
ENSMUSG00000088403.1	0
ENSMUSG00000088404.1	0
ENSMUSG00000088405.1	0
ENSMUSG00000088406.1	0
ENSMUSG00000088407.1	0
ENSMUSG00000088408.1	0
ENSMUSG00000088409.1	0
ENSMUSG00000088410.1	0
ENSMUSG00000088412.1	0
ENSMUSG00000088414.1	0
ENSMUSG00000088415.1	0
ENSMUSG00000088416.1	0
ENSMUSG00000088417.1	0
ENSMUSG00000088418.1	0
ENSMUSG00000088419.1	0
ENSMUSG00000088420.1	0
ENSMUSG00000088421.1	0
ENSMUSG00000088422.1	0
ENSMUSG00000088423.1	0
ENSMUSG00000088425.1	0
ENSMUSG00000088426.1	0
ENSMUSG00000088428.1	0
ENSMUSG00000088429.1	0
ENSMUSG00000088432.1	0
ENSMUSG00000088433.1	0
ENSMUSG00000088435.1	0
ENSMUSG00000088436.1	0
ENSMUSG00000088437.1	0
ENSMUSG00000088438.1	0
ENSMUSG00000088439.1	0
ENSMUSG00000088440.1	0
ENSMUSG00000088441.1	0
ENSMUSG00000088442.1	0
ENSMUSG00000088443.1	0
ENSMUSG00000088444.1	0
ENSMUSG00000088445.1	0
ENSMUSG00000088446.1	0
ENSMUSG00000088447.1	0
ENSMUSG00000088448.1	0
ENSMUSG00000088449.1	0
ENSMUSG00000088450.1	0
ENSMUSG00000088451.1	0
ENSMUSG00000088453.1	0
ENSMUSG00000088454.1	0
ENSMUSG00000088456.1	0
ENSMUSG00000088458.1	0
ENSMUSG00000088459.1	0
ENSMUSG00000088460.1	0
ENSMUSG00000088461.1	0
ENSMUSG00000088463.1	0
ENSMUSG00000088464.1	0
ENSMUSG00000088465.1	0
ENSMUSG00000088468.1	0
ENSMUSG00000088469.1	0
ENSMUSG00000088470.1	0
ENSMUSG00000088471.1	0
ENSMUSG00000088472.1	0
ENSMUSG00000088473.1	0
ENSMUSG00000088474.1	0
ENSMUSG00000088475.1	0
ENSMUSG00000088476.1	0
ENSMUSG00000088477.1	0
ENSMUSG00000088478.1	0
ENSMUSG00000088479.1	0
ENSMUSG00000088480.1	0
ENSMUSG00000088481.1	0
ENSMUSG00000088482.1	0
ENSMUSG00000088483.1	0
ENSMUSG00000088484.1	0
ENSMUSG00000088485.1	0
ENSMUSG00000088487.1	0
ENSMUSG00000088490.1	0
ENSMUSG00000088491.1	0
ENSMUSG00000088493.1	0
ENSMUSG00000088494.1	0
ENSMUSG00000088495.1	0
ENSMUSG00000088497.1	0
ENSMUSG00000088498.1	0
ENSMUSG00000088499.1	0
ENSMUSG00000088500.1	0
ENSMUSG00000088501.1	0
ENSMUSG00000088502.1	0
ENSMUSG00000088504.1	0
ENSMUSG00000088505.1	0
ENSMUSG00000088506.1	0
ENSMUSG00000088509.1	0
ENSMUSG00000088510.1	0
ENSMUSG00000088511.1	0
ENSMUSG00000088512.1	0
ENSMUSG00000088514.1	0
ENSMUSG00000088515.1	0
ENSMUSG00000088516.1	0
ENSMUSG00000088517.1	0
ENSMUSG00000088518.1	0
ENSMUSG00000088519.1	0
ENSMUSG00000088521.1	0
ENSMUSG00000088522.1	0
ENSMUSG00000088523.1	0
ENSMUSG00000088524.1	0
ENSMUSG00000088525.1	0
ENSMUSG00000088526.1	0
ENSMUSG00000088527.1	0
ENSMUSG00000088528.1	0
ENSMUSG00000088529.1	0
ENSMUSG00000088530.1	0
ENSMUSG00000088532.1	0
ENSMUSG00000088533.1	0
ENSMUSG00000088535.1	0
ENSMUSG00000088536.1	0
ENSMUSG00000088537.1	0
ENSMUSG00000088538.1	0
ENSMUSG00000088539.1	0
ENSMUSG00000088541.1	0
ENSMUSG00000088542.1	0
ENSMUSG00000088543.1	0
ENSMUSG00000088544.1	0
ENSMUSG00000088545.1	0
ENSMUSG00000088546.1	0
ENSMUSG00000088547.1	0
ENSMUSG00000088548.1	0
ENSMUSG00000088549.1	0
ENSMUSG00000088550.1	0
ENSMUSG00000088551.1	0
ENSMUSG00000088552.1	0
ENSMUSG00000088553.1	0
ENSMUSG00000088554.1	0
ENSMUSG00000088555.1	0
ENSMUSG00000088558.1	0
ENSMUSG00000088559.1	0
ENSMUSG00000088562.2	0
ENSMUSG00000088563.1	0
ENSMUSG00000088564.1	0
ENSMUSG00000088565.1	0
ENSMUSG00000088566.1	0
ENSMUSG00000088570.1	0
ENSMUSG00000088571.1	0
ENSMUSG00000088572.1	0
ENSMUSG00000088573.1	0
ENSMUSG00000088574.1	0
ENSMUSG00000088575.1	0
ENSMUSG00000088576.1	0
ENSMUSG00000088577.1	0
ENSMUSG00000088578.1	0
ENSMUSG00000088579.1	0
ENSMUSG00000088580.1	0
ENSMUSG00000088581.1	0
ENSMUSG00000088582.1	0
ENSMUSG00000088583.1	0
ENSMUSG00000088585.1	0
ENSMUSG00000088587.1	0
ENSMUSG00000088589.1	0
ENSMUSG00000088591.1	0
ENSMUSG00000088594.1	0
ENSMUSG00000088595.1	2184.18600131707
ENSMUSG00000088596.1	0
ENSMUSG00000088597.1	0
ENSMUSG00000088598.1	0
ENSMUSG00000088600.1	0
ENSMUSG00000088601.1	0
ENSMUSG00000088602.2	0
ENSMUSG00000088603.1	0
ENSMUSG00000088605.1	0
ENSMUSG00000088606.1	0
ENSMUSG00000088608.1	0
ENSMUSG00000088609.1	0
ENSMUSG00000088611.1	0
ENSMUSG00000088614.1	0
ENSMUSG00000088615.1	0
ENSMUSG00000088616.1	0
ENSMUSG00000088617.1	0
ENSMUSG00000088618.1	0
ENSMUSG00000088620.1	0
ENSMUSG00000088621.1	0
ENSMUSG00000088622.1	0
ENSMUSG00000088623.1	0
ENSMUSG00000088624.1	0
ENSMUSG00000088625.1	0
ENSMUSG00000088626.2	0
ENSMUSG00000088627.1	0
ENSMUSG00000088628.1	0
ENSMUSG00000088629.1	0
ENSMUSG00000088630.1	0
ENSMUSG00000088631.1	0
ENSMUSG00000088632.1	0
ENSMUSG00000088633.1	0
ENSMUSG00000088634.1	0
ENSMUSG00000088635.1	0
ENSMUSG00000088637.1	0
ENSMUSG00000088638.1	0
ENSMUSG00000088639.1	0
ENSMUSG00000088640.1	0
ENSMUSG00000088641.1	0
ENSMUSG00000088643.1	0
ENSMUSG00000088644.1	0
ENSMUSG00000088646.1	0
ENSMUSG00000088647.1	0
ENSMUSG00000088649.1	0
ENSMUSG00000088650.1	0
ENSMUSG00000088651.1	0
ENSMUSG00000088653.1	0
ENSMUSG00000088654.1	0
ENSMUSG00000088656.1	0
ENSMUSG00000088657.1	0
ENSMUSG00000088658.1	0
ENSMUSG00000088659.1	0
ENSMUSG00000088660.1	0
ENSMUSG00000088661.1	0
ENSMUSG00000088663.1	0
ENSMUSG00000088666.1	0
ENSMUSG00000088668.1	0
ENSMUSG00000088669.1	0
ENSMUSG00000088670.1	0
ENSMUSG00000088671.1	0
ENSMUSG00000088672.1	0
ENSMUSG00000088674.1	0
ENSMUSG00000088675.1	0
ENSMUSG00000088677.1	0
ENSMUSG00000088678.1	0
ENSMUSG00000088679.1	0
ENSMUSG00000088680.1	0
ENSMUSG00000088682.1	0
ENSMUSG00000088683.1	0
ENSMUSG00000088684.1	0
ENSMUSG00000088685.1	0
ENSMUSG00000088686.1	0
ENSMUSG00000088687.1	0
ENSMUSG00000088688.1	0
ENSMUSG00000088689.1	0
ENSMUSG00000088691.1	0
ENSMUSG00000088692.1	0
ENSMUSG00000088693.1	0
ENSMUSG00000088695.1	0
ENSMUSG00000088696.1	0
ENSMUSG00000088697.1	0
ENSMUSG00000088699.1	0
ENSMUSG00000088700.1	0
ENSMUSG00000088701.1	0
ENSMUSG00000088702.1	0
ENSMUSG00000088703.1	0
ENSMUSG00000088704.1	0
ENSMUSG00000088705.1	0
ENSMUSG00000088706.1	0
ENSMUSG00000088707.1	0
ENSMUSG00000088708.1	0
ENSMUSG00000088709.1	0
ENSMUSG00000088710.1	0
ENSMUSG00000088711.1	0
ENSMUSG00000088712.1	0
ENSMUSG00000088713.1	0
ENSMUSG00000088714.1	0
ENSMUSG00000088715.1	0
ENSMUSG00000088716.1	0
ENSMUSG00000088717.1	0
ENSMUSG00000088718.1	0
ENSMUSG00000088719.1	0
ENSMUSG00000088721.2	0
ENSMUSG00000088722.1	0
ENSMUSG00000088726.1	0
ENSMUSG00000088730.1	0
ENSMUSG00000088731.1	0
ENSMUSG00000088732.1	0
ENSMUSG00000088733.1	0
ENSMUSG00000088734.1	0
ENSMUSG00000088735.1	0
ENSMUSG00000088736.1	0
ENSMUSG00000088737.1	0
ENSMUSG00000088738.2	0
ENSMUSG00000088739.1	0
ENSMUSG00000088740.1	0
ENSMUSG00000088742.1	0
ENSMUSG00000088743.1	0
ENSMUSG00000088744.1	0
ENSMUSG00000088746.1	0
ENSMUSG00000088747.1	0
ENSMUSG00000088748.1	0
ENSMUSG00000088749.1	0
ENSMUSG00000088750.1	0
ENSMUSG00000088751.1	0
ENSMUSG00000088752.1	0
ENSMUSG00000088753.1	0
ENSMUSG00000088754.1	0
ENSMUSG00000088756.1	0
ENSMUSG00000088758.1	0
ENSMUSG00000088760.1	0
ENSMUSG00000088761.1	0
ENSMUSG00000088763.1	0
ENSMUSG00000088764.1	0
ENSMUSG00000088766.1	0
ENSMUSG00000088767.1	0
ENSMUSG00000088768.1	0
ENSMUSG00000088769.1	0
ENSMUSG00000088772.1	0
ENSMUSG00000088773.1	0
ENSMUSG00000088774.1	0
ENSMUSG00000088775.1	0
ENSMUSG00000088776.1	0
ENSMUSG00000088777.1	0
ENSMUSG00000088779.1	0
ENSMUSG00000088781.1	0
ENSMUSG00000088782.1	0
ENSMUSG00000088783.1	0
ENSMUSG00000088784.1	0
ENSMUSG00000088786.1	0
ENSMUSG00000088787.1	0
ENSMUSG00000088789.1	0
ENSMUSG00000088790.1	0
ENSMUSG00000088791.1	0
ENSMUSG00000088792.1	0
ENSMUSG00000088793.1	0
ENSMUSG00000088794.1	0
ENSMUSG00000088796.1	0
ENSMUSG00000088797.1	0
ENSMUSG00000088798.1	0
ENSMUSG00000088799.1	0
ENSMUSG00000088800.1	0
ENSMUSG00000088802.1	0
ENSMUSG00000088803.1	0
ENSMUSG00000088804.1	0
ENSMUSG00000088808.1	0
ENSMUSG00000088809.1	0
ENSMUSG00000088810.1	0
ENSMUSG00000088811.1	0
ENSMUSG00000088812.1	0
ENSMUSG00000088813.1	0
ENSMUSG00000088814.1	0
ENSMUSG00000088816.1	0
ENSMUSG00000088817.1	0
ENSMUSG00000088818.1	0
ENSMUSG00000088819.1	0
ENSMUSG00000088820.1	0
ENSMUSG00000088822.1	0
ENSMUSG00000088823.1	0
ENSMUSG00000088824.1	0
ENSMUSG00000088825.1	0
ENSMUSG00000088829.1	0
ENSMUSG00000088830.1	0
ENSMUSG00000088832.1	0
ENSMUSG00000088833.1	0
ENSMUSG00000088835.1	0
ENSMUSG00000088836.1	0
ENSMUSG00000088839.2	0
ENSMUSG00000088840.1	0
ENSMUSG00000088842.1	0
ENSMUSG00000088843.1	0
ENSMUSG00000088845.1	0
ENSMUSG00000088846.1	0
ENSMUSG00000088848.1	0
ENSMUSG00000088849.1	0
ENSMUSG00000088850.1	0
ENSMUSG00000088851.1	0
ENSMUSG00000088852.1	0
ENSMUSG00000088853.1	0
ENSMUSG00000088854.1	0
ENSMUSG00000088855.1	0
ENSMUSG00000088856.1	0
ENSMUSG00000088857.1	0
ENSMUSG00000088858.1	0
ENSMUSG00000088860.1	0
ENSMUSG00000088861.1	0
ENSMUSG00000088862.1	0
ENSMUSG00000088863.1	0
ENSMUSG00000088864.1	0
ENSMUSG00000088865.1	0
ENSMUSG00000088867.1	0
ENSMUSG00000088868.1	0
ENSMUSG00000088870.1	0
ENSMUSG00000088872.1	0
ENSMUSG00000088873.1	0
ENSMUSG00000088874.1	0
ENSMUSG00000088875.1	0
ENSMUSG00000088876.1	0
ENSMUSG00000088877.1	0
ENSMUSG00000088878.1	0
ENSMUSG00000088879.1	0
ENSMUSG00000088880.1	0
ENSMUSG00000088883.1	0
ENSMUSG00000088884.1	0
ENSMUSG00000088885.1	0
ENSMUSG00000088888.1	0
ENSMUSG00000088889.1	0
ENSMUSG00000088890.1	0
ENSMUSG00000088891.1	0
ENSMUSG00000088892.1	0
ENSMUSG00000088894.1	0
ENSMUSG00000088895.1	0
ENSMUSG00000088896.1	0
ENSMUSG00000088897.1	0
ENSMUSG00000088898.1	0
ENSMUSG00000088900.1	0
ENSMUSG00000088901.1	0
ENSMUSG00000088902.1	0
ENSMUSG00000088903.1	0
ENSMUSG00000088904.1	0
ENSMUSG00000088905.1	0
ENSMUSG00000088906.1	0
ENSMUSG00000088907.1	0
ENSMUSG00000088908.1	0
ENSMUSG00000088909.1	0
ENSMUSG00000088910.1	0
ENSMUSG00000088911.1	0
ENSMUSG00000088913.1	0
ENSMUSG00000088914.1	0
ENSMUSG00000088915.1	0
ENSMUSG00000088916.1	0
ENSMUSG00000088918.1	0
ENSMUSG00000088920.1	0
ENSMUSG00000088922.1	0
ENSMUSG00000088923.1	0
ENSMUSG00000088924.1	0
ENSMUSG00000088925.1	0
ENSMUSG00000088926.1	0
ENSMUSG00000088928.1	0
ENSMUSG00000088929.1	0
ENSMUSG00000088930.1	0
ENSMUSG00000088932.1	0
ENSMUSG00000088933.1	0
ENSMUSG00000088935.1	0
ENSMUSG00000088937.1	0
ENSMUSG00000088938.1	0
ENSMUSG00000088939.1	0
ENSMUSG00000088940.1	0
ENSMUSG00000088941.1	0
ENSMUSG00000088942.1	0
ENSMUSG00000088943.1	0
ENSMUSG00000088944.1	0
ENSMUSG00000088947.1	0
ENSMUSG00000088948.1	0
ENSMUSG00000088949.1	0
ENSMUSG00000088950.1	0
ENSMUSG00000088951.1	0
ENSMUSG00000088953.1	0
ENSMUSG00000088954.1	0
ENSMUSG00000088955.1	0
ENSMUSG00000088956.1	0
ENSMUSG00000088957.1	0
ENSMUSG00000088958.1	0
ENSMUSG00000088959.1	0
ENSMUSG00000088960.1	0
ENSMUSG00000088961.1	0
ENSMUSG00000088964.1	0
ENSMUSG00000088966.1	0
ENSMUSG00000088969.1	0
ENSMUSG00000088970.1	0
ENSMUSG00000088971.1	0
ENSMUSG00000088972.2	0
ENSMUSG00000088973.1	0
ENSMUSG00000088975.1	0
ENSMUSG00000088976.1	0
ENSMUSG00000088978.1	0
ENSMUSG00000088979.1	0
ENSMUSG00000088980.1	0
ENSMUSG00000088981.1	0
ENSMUSG00000088982.1	0
ENSMUSG00000088983.1	0
ENSMUSG00000088984.1	0
ENSMUSG00000088985.1	0
ENSMUSG00000088986.1	0
ENSMUSG00000088987.1	0
ENSMUSG00000088988.1	0
ENSMUSG00000088989.1	0
ENSMUSG00000088990.1	0
ENSMUSG00000088991.1	0
ENSMUSG00000088992.1	0
ENSMUSG00000088993.1	0
ENSMUSG00000088994.1	0
ENSMUSG00000088995.1	0
ENSMUSG00000088996.2	0
ENSMUSG00000088997.1	0
ENSMUSG00000088999.1	0
ENSMUSG00000089000.1	0
ENSMUSG00000089001.1	0
ENSMUSG00000089002.1	0
ENSMUSG00000089003.1	0
ENSMUSG00000089004.1	0
ENSMUSG00000089005.1	0
ENSMUSG00000089007.1	0
ENSMUSG00000089008.1	0
ENSMUSG00000089009.1	0
ENSMUSG00000089011.1	0
ENSMUSG00000089014.1	0
ENSMUSG00000089015.1	0
ENSMUSG00000089016.1	0
ENSMUSG00000089017.1	0
ENSMUSG00000089018.1	0
ENSMUSG00000089019.1	0
ENSMUSG00000089021.1	0
ENSMUSG00000089023.1	0
ENSMUSG00000089024.1	0
ENSMUSG00000089025.1	0
ENSMUSG00000089026.2	0
ENSMUSG00000089027.1	0
ENSMUSG00000089028.1	0
ENSMUSG00000089029.1	0
ENSMUSG00000089030.1	0
ENSMUSG00000089033.1	0
ENSMUSG00000089034.1	0
ENSMUSG00000089035.1	0
ENSMUSG00000089036.1	0
ENSMUSG00000089037.1	0
ENSMUSG00000089038.1	0
ENSMUSG00000089039.1	0
ENSMUSG00000089040.1	0
ENSMUSG00000089041.1	0
ENSMUSG00000089043.1	0
ENSMUSG00000089044.1	0
ENSMUSG00000089045.1	0
ENSMUSG00000089046.1	0
ENSMUSG00000089047.1	0
ENSMUSG00000089048.1	0
ENSMUSG00000089049.1	0
ENSMUSG00000089050.1	0
ENSMUSG00000089051.1	0
ENSMUSG00000089052.1	0
ENSMUSG00000089053.1	0
ENSMUSG00000089054.1	0
ENSMUSG00000089055.1	0
ENSMUSG00000089057.1	0
ENSMUSG00000089060.1	0
ENSMUSG00000089061.1	0
ENSMUSG00000089062.1	0
ENSMUSG00000089065.1	0
ENSMUSG00000089066.1	0
ENSMUSG00000089068.1	0
ENSMUSG00000089069.1	0
ENSMUSG00000089070.1	0
ENSMUSG00000089071.1	0
ENSMUSG00000089072.1	0
ENSMUSG00000089073.1	0
ENSMUSG00000089074.1	0
ENSMUSG00000089075.1	0
ENSMUSG00000089077.1	0
ENSMUSG00000089078.1	0
ENSMUSG00000089079.1	0
ENSMUSG00000089080.1	0
ENSMUSG00000089081.1	0
ENSMUSG00000089082.1	0
ENSMUSG00000089083.1	0
ENSMUSG00000089084.1	0
ENSMUSG00000089085.1	0
ENSMUSG00000089087.1	0
ENSMUSG00000089088.1	0
ENSMUSG00000089090.1	0
ENSMUSG00000089091.1	0
ENSMUSG00000089092.1	0
ENSMUSG00000089093.3	0
ENSMUSG00000089094.1	0
ENSMUSG00000089095.1	0
ENSMUSG00000089096.1	0
ENSMUSG00000089097.1	0
ENSMUSG00000089098.1	0
ENSMUSG00000089102.1	0
ENSMUSG00000089103.1	0
ENSMUSG00000089105.1	0
ENSMUSG00000089106.1	0
ENSMUSG00000089107.1	0
ENSMUSG00000089109.1	0
ENSMUSG00000089111.1	0
ENSMUSG00000089113.1	0
ENSMUSG00000089114.1	0
ENSMUSG00000089115.1	0
ENSMUSG00000089116.1	0
ENSMUSG00000089117.1	0
ENSMUSG00000089118.1	0
ENSMUSG00000089119.1	0
ENSMUSG00000089120.1	0
ENSMUSG00000089123.1	0
ENSMUSG00000089124.1	0
ENSMUSG00000089125.1	0
ENSMUSG00000089127.1	0
ENSMUSG00000089128.1	0
ENSMUSG00000089129.1	0
ENSMUSG00000089130.1	0
ENSMUSG00000089131.1	0
ENSMUSG00000089132.1	0
ENSMUSG00000089133.1	0
ENSMUSG00000089134.1	0
ENSMUSG00000089136.1	0
ENSMUSG00000089137.1	0
ENSMUSG00000089138.1	0
ENSMUSG00000089139.1	0
ENSMUSG00000089141.1	0
ENSMUSG00000089143.2	0
ENSMUSG00000089144.1	0
ENSMUSG00000089145.1	0
ENSMUSG00000089146.1	0
ENSMUSG00000089147.1	0
ENSMUSG00000089148.1	0
ENSMUSG00000089149.1	0
ENSMUSG00000089151.1	0
ENSMUSG00000089152.1	0
ENSMUSG00000089153.1	0
ENSMUSG00000089155.1	0
ENSMUSG00000089156.1	0
ENSMUSG00000089157.1	0
ENSMUSG00000089158.1	0
ENSMUSG00000089161.1	0
ENSMUSG00000089162.1	0
ENSMUSG00000089164.1	0
ENSMUSG00000089168.1	0
ENSMUSG00000089169.1	0
ENSMUSG00000089170.1	0
ENSMUSG00000089171.1	0
ENSMUSG00000089174.1	0
ENSMUSG00000089175.1	0
ENSMUSG00000089177.1	0
ENSMUSG00000089178.1	0
ENSMUSG00000089179.1	0
ENSMUSG00000089182.1	0
ENSMUSG00000089183.1	0
ENSMUSG00000089184.1	0
ENSMUSG00000089185.1	0
ENSMUSG00000089186.1	0
ENSMUSG00000089187.1	0
ENSMUSG00000089188.1	0
ENSMUSG00000089189.1	0
ENSMUSG00000089190.1	0
ENSMUSG00000089191.1	0
ENSMUSG00000089194.1	0
ENSMUSG00000089195.1	0
ENSMUSG00000089197.1	0
ENSMUSG00000089199.1	0
ENSMUSG00000089203.1	0
ENSMUSG00000089204.1	0
ENSMUSG00000089205.1	0
ENSMUSG00000089206.1	0
ENSMUSG00000089207.1	0
ENSMUSG00000089208.1	0
ENSMUSG00000089209.1	0
ENSMUSG00000089210.1	0
ENSMUSG00000089211.1	0
ENSMUSG00000089213.1	0
ENSMUSG00000089214.1	0
ENSMUSG00000089217.1	0
ENSMUSG00000089218.1	0
ENSMUSG00000089219.1	0
ENSMUSG00000089220.1	0
ENSMUSG00000089222.1	0
ENSMUSG00000089223.1	0
ENSMUSG00000089224.1	0
ENSMUSG00000089226.1	0
ENSMUSG00000089227.1	0
ENSMUSG00000089228.1	0
ENSMUSG00000089229.1	0
ENSMUSG00000089230.1	0
ENSMUSG00000089231.1	0
ENSMUSG00000089233.1	0
ENSMUSG00000089234.1	0
ENSMUSG00000089235.1	0
ENSMUSG00000089237.1	0
ENSMUSG00000089239.1	0
ENSMUSG00000089241.1	0
ENSMUSG00000089242.1	0
ENSMUSG00000089244.1	0
ENSMUSG00000089245.1	0
ENSMUSG00000089247.1	0
ENSMUSG00000089248.1	0
ENSMUSG00000089250.1	0
ENSMUSG00000089251.1	0
ENSMUSG00000089252.1	0
ENSMUSG00000089253.1	0
ENSMUSG00000089255.1	336.480799427341
ENSMUSG00000089256.1	0
ENSMUSG00000089257.1	0
ENSMUSG00000089258.1	0
ENSMUSG00000089259.1	0
ENSMUSG00000089260.1	0
ENSMUSG00000089261.1	0
ENSMUSG00000089262.1	0
ENSMUSG00000089263.1	0
ENSMUSG00000089264.1	0
ENSMUSG00000089265.1	0
ENSMUSG00000089266.1	0
ENSMUSG00000089267.1	0
ENSMUSG00000089268.1	0
ENSMUSG00000089269.1	0
ENSMUSG00000089270.1	0
ENSMUSG00000089271.1	0
ENSMUSG00000089272.1	0
ENSMUSG00000089273.1	0
ENSMUSG00000089274.1	0
ENSMUSG00000089275.1	0
ENSMUSG00000089276.1	0
ENSMUSG00000089277.1	0
ENSMUSG00000089278.1	0
ENSMUSG00000089279.1	0
ENSMUSG00000089280.1	0
ENSMUSG00000089281.1	0
ENSMUSG00000089282.1	0
ENSMUSG00000089284.1	0
ENSMUSG00000089285.1	0
ENSMUSG00000089286.1	0
ENSMUSG00000089287.1	0
ENSMUSG00000089288.1	0
ENSMUSG00000089289.1	0
ENSMUSG00000089290.1	0
ENSMUSG00000089291.1	0
ENSMUSG00000089292.1	0
ENSMUSG00000089293.1	0
ENSMUSG00000089294.1	0
ENSMUSG00000089296.1	0
ENSMUSG00000089297.1	0
ENSMUSG00000089298.1	0
ENSMUSG00000089299.1	0
ENSMUSG00000089301.1	0
ENSMUSG00000089302.1	0
ENSMUSG00000089304.1	0
ENSMUSG00000089305.1	0
ENSMUSG00000089306.1	0
ENSMUSG00000089307.1	0
ENSMUSG00000089308.1	0
ENSMUSG00000089309.1	0
ENSMUSG00000089310.1	0
ENSMUSG00000089311.1	0
ENSMUSG00000089312.1	0
ENSMUSG00000089313.2	0
ENSMUSG00000089314.1	0
ENSMUSG00000089316.1	0
ENSMUSG00000089317.1	0
ENSMUSG00000089318.1	0
ENSMUSG00000089320.1	0
ENSMUSG00000089321.1	0
ENSMUSG00000089322.1	0
ENSMUSG00000089323.1	0
ENSMUSG00000089324.1	0
ENSMUSG00000089326.1	0
ENSMUSG00000089327.1	0
ENSMUSG00000089331.1	0
ENSMUSG00000089333.1	0
ENSMUSG00000089334.1	0
ENSMUSG00000089335.1	0
ENSMUSG00000089336.1	0
ENSMUSG00000089337.1	0
ENSMUSG00000089338.1	0
ENSMUSG00000089341.1	0
ENSMUSG00000089342.1	0
ENSMUSG00000089343.1	0
ENSMUSG00000089344.1	0
ENSMUSG00000089345.1	0
ENSMUSG00000089346.1	0
ENSMUSG00000089348.1	0
ENSMUSG00000089349.1	0
ENSMUSG00000089350.1	0
ENSMUSG00000089351.1	0
ENSMUSG00000089352.1	0
ENSMUSG00000089353.1	0
ENSMUSG00000089357.1	0
ENSMUSG00000089358.1	0
ENSMUSG00000089359.1	0
ENSMUSG00000089363.1	0
ENSMUSG00000089364.1	0
ENSMUSG00000089365.1	0
ENSMUSG00000089366.1	0
ENSMUSG00000089369.1	0
ENSMUSG00000089370.1	0
ENSMUSG00000089371.1	0
ENSMUSG00000089372.1	0
ENSMUSG00000089373.1	0
ENSMUSG00000089375.1	0
ENSMUSG00000089376.1	0
ENSMUSG00000089377.1	0
ENSMUSG00000089380.1	0
ENSMUSG00000089381.1	0
ENSMUSG00000089382.1	0
ENSMUSG00000089383.1	0
ENSMUSG00000089384.1	0
ENSMUSG00000089385.1	0
ENSMUSG00000089387.1	0
ENSMUSG00000089389.1	0
ENSMUSG00000089390.1	0
ENSMUSG00000089391.1	0
ENSMUSG00000089392.1	0
ENSMUSG00000089393.1	0
ENSMUSG00000089394.1	0
ENSMUSG00000089395.1	0
ENSMUSG00000089396.1	695.852830746226
ENSMUSG00000089397.1	0
ENSMUSG00000089398.1	0
ENSMUSG00000089399.1	0
ENSMUSG00000089401.1	0
ENSMUSG00000089404.1	0
ENSMUSG00000089405.1	0
ENSMUSG00000089406.1	0
ENSMUSG00000089407.1	0
ENSMUSG00000089408.1	0
ENSMUSG00000089409.1	0
ENSMUSG00000089410.1	0
ENSMUSG00000089413.1	0
ENSMUSG00000089414.1	0
ENSMUSG00000089415.1	0
ENSMUSG00000089416.1	0
ENSMUSG00000089417.1	48.8852386607797
ENSMUSG00000089418.2	0
ENSMUSG00000089420.2	0
ENSMUSG00000089422.1	0
ENSMUSG00000089423.1	0
ENSMUSG00000089424.1	0
ENSMUSG00000089425.1	0
ENSMUSG00000089427.1	0
ENSMUSG00000089429.1	0
ENSMUSG00000089431.1	0
ENSMUSG00000089432.1	0
ENSMUSG00000089434.1	0
ENSMUSG00000089436.1	0
ENSMUSG00000089437.1	0
ENSMUSG00000089438.1	0
ENSMUSG00000089439.1	0
ENSMUSG00000089441.1	0
ENSMUSG00000089442.1	0
ENSMUSG00000089443.1	0
ENSMUSG00000089444.1	0
ENSMUSG00000089445.1	0
ENSMUSG00000089446.1	0
ENSMUSG00000089447.1	0
ENSMUSG00000089450.1	0
ENSMUSG00000089451.1	0
ENSMUSG00000089452.1	0
ENSMUSG00000089453.1	0
ENSMUSG00000089454.1	0
ENSMUSG00000089455.1	0
ENSMUSG00000089458.1	0
ENSMUSG00000089459.1	0
ENSMUSG00000089460.1	0
ENSMUSG00000089461.1	0
ENSMUSG00000089462.1	0
ENSMUSG00000089464.1	0
ENSMUSG00000089465.1	0
ENSMUSG00000089467.1	0
ENSMUSG00000089468.2	0
ENSMUSG00000089469.1	0
ENSMUSG00000089470.1	0
ENSMUSG00000089471.1	0
ENSMUSG00000089472.1	0
ENSMUSG00000089473.1	0
ENSMUSG00000089475.1	0
ENSMUSG00000089476.1	0
ENSMUSG00000089477.1	0
ENSMUSG00000089479.1	0
ENSMUSG00000089480.1	0
ENSMUSG00000089481.1	0
ENSMUSG00000089482.1	0
ENSMUSG00000089484.1	0
ENSMUSG00000089485.1	0
ENSMUSG00000089486.1	0
ENSMUSG00000089487.1	0
ENSMUSG00000089488.1	0
ENSMUSG00000089489.1	0
ENSMUSG00000089490.1	0
ENSMUSG00000089491.1	0
ENSMUSG00000089493.1	0
ENSMUSG00000089497.1	0
ENSMUSG00000089498.1	0
ENSMUSG00000089499.1	0
ENSMUSG00000089501.1	0
ENSMUSG00000089504.1	0
ENSMUSG00000089506.1	0
ENSMUSG00000089507.1	0
ENSMUSG00000089508.1	0
ENSMUSG00000089509.1	0
ENSMUSG00000089510.1	0
ENSMUSG00000089512.3	0
ENSMUSG00000089513.1	0
ENSMUSG00000089514.1	0
ENSMUSG00000089516.1	0
ENSMUSG00000089517.1	0
ENSMUSG00000089520.1	0
ENSMUSG00000089522.1	0
ENSMUSG00000089524.1	0
ENSMUSG00000089525.1	0
ENSMUSG00000089528.1	0
ENSMUSG00000089529.1	0
ENSMUSG00000089530.1	0
ENSMUSG00000089531.1	0
ENSMUSG00000089533.1	0
ENSMUSG00000089534.1	0
ENSMUSG00000089536.1	873.580990495204
ENSMUSG00000089538.1	0
ENSMUSG00000089539.1	0
ENSMUSG00000089541.1	0
ENSMUSG00000089542.1	0
ENSMUSG00000089543.1	0
ENSMUSG00000089544.1	0
ENSMUSG00000089545.1	0
ENSMUSG00000089546.1	0
ENSMUSG00000089548.1	0
ENSMUSG00000089549.1	0
ENSMUSG00000089550.1	0
ENSMUSG00000089551.1	0
ENSMUSG00000089552.1	0
ENSMUSG00000089553.1	0
ENSMUSG00000089555.1	0
ENSMUSG00000089556.1	0
ENSMUSG00000089558.1	0
ENSMUSG00000089560.1	0
ENSMUSG00000089561.1	0
ENSMUSG00000089562.1	0
ENSMUSG00000089563.1	0
ENSMUSG00000089564.1	0
ENSMUSG00000089570.1	0
ENSMUSG00000089571.1	0
ENSMUSG00000089575.1	0
ENSMUSG00000089576.1	0
ENSMUSG00000089578.1	0
ENSMUSG00000089580.1	0
ENSMUSG00000089581.1	0
ENSMUSG00000089583.1	0
ENSMUSG00000089584.1	0
ENSMUSG00000089585.1	0
ENSMUSG00000089586.1	0
ENSMUSG00000089587.1	0
ENSMUSG00000089588.1	0
ENSMUSG00000089589.1	0
ENSMUSG00000089590.1	0
ENSMUSG00000089591.1	0
ENSMUSG00000089593.1	0
ENSMUSG00000089596.1	0
ENSMUSG00000089597.1	0
ENSMUSG00000089598.1	0
ENSMUSG00000089599.1	0
ENSMUSG00000089601.1	0
ENSMUSG00000089603.1	0
ENSMUSG00000089605.1	0
ENSMUSG00000089606.1	0
ENSMUSG00000089607.1	0
ENSMUSG00000089608.1	0
ENSMUSG00000089609.1	0
ENSMUSG00000089610.1	0
ENSMUSG00000089612.1	0
ENSMUSG00000089613.1	0
ENSMUSG00000089614.1	0
ENSMUSG00000089615.1	0
ENSMUSG00000089616.1	0
ENSMUSG00000089617.1	7.57576954901949
ENSMUSG00000089618.1	0
ENSMUSG00000089619.1	0
ENSMUSG00000089621.1	0
ENSMUSG00000089622.1	0
ENSMUSG00000089624.1	0
ENSMUSG00000089625.1	0
ENSMUSG00000089627.1	0
ENSMUSG00000089628.1	0
ENSMUSG00000089630.1	0
ENSMUSG00000089631.2	0
ENSMUSG00000089633.2	0
ENSMUSG00000089634.1	0
ENSMUSG00000089635.1	0
ENSMUSG00000089636.1	0
ENSMUSG00000089639.1	0
ENSMUSG00000089640.1	0
ENSMUSG00000089643.2	0
ENSMUSG00000089645.3	0
ENSMUSG00000089646.1	17.3865694892081
ENSMUSG00000089647.2	0
ENSMUSG00000089648.1	0
ENSMUSG00000089651.1	0
ENSMUSG00000089652.1	0
ENSMUSG00000089653.1	0
ENSMUSG00000089654.1	0
ENSMUSG00000089655.1	0
ENSMUSG00000089656.1	0
ENSMUSG00000089657.1	0
ENSMUSG00000089659.2	0
ENSMUSG00000089661.9	0
ENSMUSG00000089662.1	69.6575472574023
ENSMUSG00000089663.1	26.1732861135474
ENSMUSG00000089664.2	0
ENSMUSG00000089665.2	1082.44255023635
ENSMUSG00000089666.1	0
ENSMUSG00000089667.1	0
ENSMUSG00000089669.7	0
ENSMUSG00000089670.1	1.88084132444582
ENSMUSG00000089671.1	0
ENSMUSG00000089673.1	0
ENSMUSG00000089675.1	0
ENSMUSG00000089678.8	0
ENSMUSG00000089679.1	0
ENSMUSG00000089680.1	0
ENSMUSG00000089682.10	1943.42997829481
ENSMUSG00000089683.2	0
ENSMUSG00000089684.1	0
ENSMUSG00000089685.7	0
ENSMUSG00000089686.2	0
ENSMUSG00000089687.2	0
ENSMUSG00000089689.1	0
ENSMUSG00000089690.1	0
ENSMUSG00000089694.2	0
ENSMUSG00000089695.2	0
ENSMUSG00000089696.3	0
ENSMUSG00000089697.1	0
ENSMUSG00000089698.1	19.3849536428114
ENSMUSG00000089699.1	0
ENSMUSG00000089700.1	0
ENSMUSG00000089701.1	0
ENSMUSG00000089702.1	0
ENSMUSG00000089703.1	0
ENSMUSG00000089704.9	640.094145622381
ENSMUSG00000089705.1	0
ENSMUSG00000089706.7	120.338076288108
ENSMUSG00000089707.1	0
ENSMUSG00000089708.1	0
ENSMUSG00000089709.1	0
ENSMUSG00000089710.1	0
ENSMUSG00000089711.1	0
ENSMUSG00000089712.2	0
ENSMUSG00000089713.1	0
ENSMUSG00000089714.1	20.3189603243143
ENSMUSG00000089715.12	4774.56837165543
ENSMUSG00000089716.7	0
ENSMUSG00000089717.2	0
ENSMUSG00000089718.1	0
ENSMUSG00000089719.1	0
ENSMUSG00000089722.2	0
ENSMUSG00000089723.1	0
ENSMUSG00000089724.1	0
ENSMUSG00000089726.2	0
ENSMUSG00000089727.2	0
ENSMUSG00000089728.3	0
ENSMUSG00000089729.1	0
ENSMUSG00000089730.2	40.7304317866059
ENSMUSG00000089731.3	0
ENSMUSG00000089732.5	0
ENSMUSG00000089733.1	0
ENSMUSG00000089735.1	0
ENSMUSG00000089736.2	0
ENSMUSG00000089737.1	31.3659887236829
ENSMUSG00000089739.2	0
ENSMUSG00000089742.1	0
ENSMUSG00000089743.7	0
ENSMUSG00000089744.2	0
ENSMUSG00000089745.1	0
ENSMUSG00000089746.1	0
ENSMUSG00000089748.2	0
ENSMUSG00000089749.1	0
ENSMUSG00000089753.9	97.8298417562534
ENSMUSG00000089754.1	0
ENSMUSG00000089755.1	0
ENSMUSG00000089756.2	0
ENSMUSG00000089759.7	0
ENSMUSG00000089760.1	0
ENSMUSG00000089761.3	0
ENSMUSG00000089762.3	575.764010176028
ENSMUSG00000089764.2	5.82632899747682
ENSMUSG00000089766.1	0
ENSMUSG00000089767.1	0
ENSMUSG00000089768.2	156.070097581282
ENSMUSG00000089769.1	0
ENSMUSG00000089771.1	0
ENSMUSG00000089773.7	0
ENSMUSG00000089774.2	40.5116385756674
ENSMUSG00000089775.1	0
ENSMUSG00000089776.1	0
ENSMUSG00000089779.1	0
ENSMUSG00000089780.1	0
ENSMUSG00000089781.2	0
ENSMUSG00000089782.1	47.8352185177849
ENSMUSG00000089783.2	0
ENSMUSG00000089785.2	0
ENSMUSG00000089787.2	0
ENSMUSG00000089789.1	0
ENSMUSG00000089790.1	0
ENSMUSG00000089791.1	3.75965389586583
ENSMUSG00000089792.3	0
ENSMUSG00000089793.1	0
ENSMUSG00000089794.1	0
ENSMUSG00000089795.1	0
ENSMUSG00000089796.1	0
ENSMUSG00000089797.1	0
ENSMUSG00000089798.10	0
ENSMUSG00000089800.1	0
ENSMUSG00000089802.1	0
ENSMUSG00000089803.3	13.5017571374416
ENSMUSG00000089804.2	0
ENSMUSG00000089806.1	0
ENSMUSG00000089807.1	0
ENSMUSG00000089808.3	0
ENSMUSG00000089809.9	991.978861024172
ENSMUSG00000089810.1	465.877944630608
ENSMUSG00000089811.2	0
ENSMUSG00000089812.2	151.876509018986
ENSMUSG00000089814.1	0
ENSMUSG00000089815.7	116.336064434619
ENSMUSG00000089816.1	0
ENSMUSG00000089817.1	3.52712758752177
ENSMUSG00000089818.1	10.3653673826929
ENSMUSG00000089819.1	0
ENSMUSG00000089820.1	0
ENSMUSG00000089821.1	0
ENSMUSG00000089822.1	0
ENSMUSG00000089824.10	79.8917011367022
ENSMUSG00000089826.1	0
ENSMUSG00000089827.1	0
ENSMUSG00000089828.2	0
ENSMUSG00000089829.2	0
ENSMUSG00000089830.1	0
ENSMUSG00000089831.1	0
ENSMUSG00000089832.8	244.942214438912
ENSMUSG00000089833.2	0
ENSMUSG00000089834.2	0
ENSMUSG00000089835.1	0
ENSMUSG00000089836.2	0
ENSMUSG00000089837.9	0
ENSMUSG00000089838.1	144.053325235571
ENSMUSG00000089839.1	0
ENSMUSG00000089840.1	0
ENSMUSG00000089842.2	0
ENSMUSG00000089844.7	0
ENSMUSG00000089847.8	4071.42635613377
ENSMUSG00000089849.1	0
ENSMUSG00000089851.1	0
ENSMUSG00000089854.2	0
ENSMUSG00000089857.9	61.3261764468122
ENSMUSG00000089859.5	14.4287100007316
ENSMUSG00000089861.1	0
ENSMUSG00000089862.8	1172.22816776413
ENSMUSG00000089865.2	0
ENSMUSG00000089866.1	0
ENSMUSG00000089868.1	0
ENSMUSG00000089870.1	0
ENSMUSG00000089871.1	0
ENSMUSG00000089872.10	745.766179017321
ENSMUSG00000089873.8	0
ENSMUSG00000089874.1	0
ENSMUSG00000089875.2	24.1757758843244
ENSMUSG00000089876.3	0
ENSMUSG00000089877.1	0
ENSMUSG00000089879.1	0
ENSMUSG00000089881.1	0
ENSMUSG00000089883.1	0
ENSMUSG00000089885.2	0
ENSMUSG00000089886.1	0
ENSMUSG00000089887.2	0
ENSMUSG00000089888.1	0
ENSMUSG00000089889.2	386.05687531079
ENSMUSG00000089890.1	0
ENSMUSG00000089891.1	0
ENSMUSG00000089892.3	0
ENSMUSG00000089893.1	0
ENSMUSG00000089894.2	0
ENSMUSG00000089898.2	0
ENSMUSG00000089900.2	0
ENSMUSG00000089901.1	0
ENSMUSG00000089902.1	0
ENSMUSG00000089904.1	0
ENSMUSG00000089905.1	0
ENSMUSG00000089906.1	0
ENSMUSG00000089907.2	0
ENSMUSG00000089908.1	0
ENSMUSG00000089909.1	0
ENSMUSG00000089910.1	0
ENSMUSG00000089911.4	526.717376409149
ENSMUSG00000089914.2	0
ENSMUSG00000089916.1	0
ENSMUSG00000089917.7	1163.20936179364
ENSMUSG00000089922.2	1.49334949651408
ENSMUSG00000089924.1	0
ENSMUSG00000089926.1	0
ENSMUSG00000089927.1	0
ENSMUSG00000089929.1	0
ENSMUSG00000089931.1	0
ENSMUSG00000089932.1	0
ENSMUSG00000089933.1	0
ENSMUSG00000089934.1	0
ENSMUSG00000089935.1	0
ENSMUSG00000089936.1	0
ENSMUSG00000089937.1	0
ENSMUSG00000089938.1	0
ENSMUSG00000089940.1	0
ENSMUSG00000089941.1	0
ENSMUSG00000089942.9	0
ENSMUSG00000089943.1	0
ENSMUSG00000089945.13	0
ENSMUSG00000089947.1	0
ENSMUSG00000089948.1	90.8667244094467
ENSMUSG00000089949.2	0
ENSMUSG00000089950.2	0
ENSMUSG00000089951.8	262.113580049458
ENSMUSG00000089952.1	0
ENSMUSG00000089953.3	0
ENSMUSG00000089956.1	0
ENSMUSG00000089957.2	34.2970374606336
ENSMUSG00000089958.1	0
ENSMUSG00000089959.1	0
ENSMUSG00000089960.1	0
ENSMUSG00000089961.1	0
ENSMUSG00000089963.3	0
ENSMUSG00000089964.1	0
ENSMUSG00000089965.1	0
ENSMUSG00000089966.1	0
ENSMUSG00000089967.1	0
ENSMUSG00000089968.1	0
ENSMUSG00000089972.3	0
ENSMUSG00000089973.3	0
ENSMUSG00000089975.2	0
ENSMUSG00000089976.1	0
ENSMUSG00000089978.1	0
ENSMUSG00000089982.7	0
ENSMUSG00000089983.2	0
ENSMUSG00000089984.7	0
ENSMUSG00000089987.2	0
ENSMUSG00000089988.2	3.39834858775967
ENSMUSG00000089989.10	0
ENSMUSG00000089990.1	0
ENSMUSG00000089991.2	0
ENSMUSG00000089992.3	0
ENSMUSG00000089993.1	6.20414523405465
ENSMUSG00000089994.1	0
ENSMUSG00000089995.2	0
ENSMUSG00000089996.6	873.228112315051
ENSMUSG00000089997.2	9.48794730481799
ENSMUSG00000089998.2	7.35307488995441
ENSMUSG00000089999.1	44.648952650186
ENSMUSG00000090000.2	2062.80761168891
ENSMUSG00000090001.1	0
ENSMUSG00000090002.1	0
ENSMUSG00000090003.1	0
ENSMUSG00000090004.1	0
ENSMUSG00000090005.1	0
ENSMUSG00000090006.1	0
ENSMUSG00000090007.1	0
ENSMUSG00000090008.1	0
ENSMUSG00000090009.1	0
ENSMUSG00000090012.1	0
ENSMUSG00000090013.1	0
ENSMUSG00000090015.8	68.3863306114231
ENSMUSG00000090016.1	0
ENSMUSG00000090017.1	0
ENSMUSG00000090019.5	0
ENSMUSG00000090021.2	0
ENSMUSG00000090023.1	0
ENSMUSG00000090024.1	0
ENSMUSG00000090026.1	0
ENSMUSG00000090027.1	0
ENSMUSG00000090030.1	0
ENSMUSG00000090031.2	0
ENSMUSG00000090033.1	0
ENSMUSG00000090034.1	0
ENSMUSG00000090035.3	11.6236312208919
ENSMUSG00000090036.1	0
ENSMUSG00000090038.7	0
ENSMUSG00000090039.1	7.40004832539841
ENSMUSG00000090040.1	0
ENSMUSG00000090041.1	0
ENSMUSG00000090042.1	0
ENSMUSG00000090043.1	0
ENSMUSG00000090044.1	0
ENSMUSG00000090047.1	0
ENSMUSG00000090048.1	0
ENSMUSG00000090050.1	127.976862027268
ENSMUSG00000090051.1	0
ENSMUSG00000090053.9	82.6671913339499
ENSMUSG00000090054.1	0
ENSMUSG00000090057.1	0
ENSMUSG00000090059.4	0
ENSMUSG00000090061.9	18.315925644544
ENSMUSG00000090062.2	0
ENSMUSG00000090063.6	467.136707854167
ENSMUSG00000090066.2	3.83805739741754
ENSMUSG00000090067.1	0
ENSMUSG00000090069.2	73.8204860432163
ENSMUSG00000090070.1	0
ENSMUSG00000090071.4	6307.52184264142
ENSMUSG00000090073.1	0
ENSMUSG00000090074.1	0
ENSMUSG00000090075.1	0
ENSMUSG00000090077.9	171.99746304798
ENSMUSG00000090078.2	0
ENSMUSG00000090079.1	0
ENSMUSG00000090080.2	0
ENSMUSG00000090081.1	0
ENSMUSG00000090083.11	1461.81312374781
ENSMUSG00000090084.7	4.36185021709942
ENSMUSG00000090086.7	32.3604834569402
ENSMUSG00000090087.1	0
ENSMUSG00000090088.1	0
ENSMUSG00000090089.3	0
ENSMUSG00000090090.1	0
ENSMUSG00000090093.8	444.391140429877
ENSMUSG00000090095.1	0
ENSMUSG00000090097.8	0
ENSMUSG00000090098.7	11.3916979326631
ENSMUSG00000090099.2	0
ENSMUSG00000090100.7	197.610095459946
ENSMUSG00000090101.1	530.332988840181
ENSMUSG00000090102.1	0
ENSMUSG00000090103.1	0
ENSMUSG00000090104.1	0
ENSMUSG00000090105.2	0
ENSMUSG00000090106.1	0
ENSMUSG00000090109.1	0
ENSMUSG00000090110.8	516.704200551738
ENSMUSG00000090111.1	0
ENSMUSG00000090112.8	57.016948962044
ENSMUSG00000090113.7	9.50202372965868
ENSMUSG00000090114.1	0
ENSMUSG00000090115.7	66.9735382158266
ENSMUSG00000090116.1	0
ENSMUSG00000090117.7	0
ENSMUSG00000090118.1	0
ENSMUSG00000090119.1	0
ENSMUSG00000090120.1	0
ENSMUSG00000090121.10	0
ENSMUSG00000090122.3	20.2232656046656
ENSMUSG00000090124.7	0
ENSMUSG00000090125.3	563.787157447549
ENSMUSG00000090126.1	0
ENSMUSG00000090128.1	0
ENSMUSG00000090129.10	0
ENSMUSG00000090131.1	0
ENSMUSG00000090132.2	0
ENSMUSG00000090135.1	0
ENSMUSG00000090136.4	90.2500147011822
ENSMUSG00000090137.8	56210.8180482446
ENSMUSG00000090138.2	0
ENSMUSG00000090141.1	0
ENSMUSG00000090142.2	0
ENSMUSG00000090145.7	0
ENSMUSG00000090146.1	0
ENSMUSG00000090147.1	0
ENSMUSG00000090150.10	154.34562629775
ENSMUSG00000090151.1	0
ENSMUSG00000090152.1	0
ENSMUSG00000090157.7	39.6121831187736
ENSMUSG00000090159.1	0
ENSMUSG00000090160.1	0
ENSMUSG00000090162.1	0
ENSMUSG00000090163.1	0
ENSMUSG00000090164.8	26.501038967765
ENSMUSG00000090165.8	0
ENSMUSG00000090166.2	0
ENSMUSG00000090168.1	0
ENSMUSG00000090171.1	0
ENSMUSG00000090173.8	10.3089056254051
ENSMUSG00000090174.1	0
ENSMUSG00000090175.1	9.28241901750985
ENSMUSG00000090176.1	19.6289346028551
ENSMUSG00000090179.1	0
ENSMUSG00000090180.1	0
ENSMUSG00000090185.1	0
ENSMUSG00000090186.7	0
ENSMUSG00000090188.1	0
ENSMUSG00000090191.1	0
ENSMUSG00000090192.1	0
ENSMUSG00000090193.1	0
ENSMUSG00000090194.1	0
ENSMUSG00000090197.1	3.0369808564835
ENSMUSG00000090199.1	0
ENSMUSG00000090200.1	0
ENSMUSG00000090202.1	0
ENSMUSG00000090203.2	0
ENSMUSG00000090206.8	58.618821139647
ENSMUSG00000090207.2	8.12178501723036
ENSMUSG00000090208.1	0
ENSMUSG00000090210.7	0
ENSMUSG00000090211.3	0
ENSMUSG00000090212.1	0
ENSMUSG00000090213.1	1156.01918016586
ENSMUSG00000090214.8	0
ENSMUSG00000090215.9	0
ENSMUSG00000090216.1	0
ENSMUSG00000090217.1	0
ENSMUSG00000090219.3	0
ENSMUSG00000090220.1	0
ENSMUSG00000090222.2	0
ENSMUSG00000090223.2	104725.007737097
ENSMUSG00000090224.1	0
ENSMUSG00000090225.1	0
ENSMUSG00000090226.1	0
ENSMUSG00000090227.1	0
ENSMUSG00000090228.1	0
ENSMUSG00000090230.1	9.59156976705991
ENSMUSG00000090231.10	0
ENSMUSG00000090232.1	0
ENSMUSG00000090235.1	55.1509955636492
ENSMUSG00000090236.3	200.276376321234
ENSMUSG00000090237.1	0
ENSMUSG00000090242.1	0
ENSMUSG00000090243.1	0
ENSMUSG00000090244.1	0
ENSMUSG00000090246.1	0
ENSMUSG00000090247.7	9037.80714648671
ENSMUSG00000090248.1	45.1113834937331
ENSMUSG00000090249.9	0
ENSMUSG00000090252.1	0
ENSMUSG00000090254.7	0
ENSMUSG00000090255.7	0
ENSMUSG00000090256.1	0
ENSMUSG00000090257.1	0
ENSMUSG00000090258.7	4002.32833896089
ENSMUSG00000090259.1	0
ENSMUSG00000090260.1	0
ENSMUSG00000090263.1	0
ENSMUSG00000090264.1	0
ENSMUSG00000090265.1	0
ENSMUSG00000090266.10	266.365034890368
ENSMUSG00000090268.1	0
ENSMUSG00000090270.1	0
ENSMUSG00000090272.9	11.5283110402633
ENSMUSG00000090273.3	29.8724831692438
ENSMUSG00000090277.1	0
ENSMUSG00000090284.2	0
ENSMUSG00000090290.2	3.58739715818115
ENSMUSG00000090291.3	1591.29341661355
ENSMUSG00000090292.1	0
ENSMUSG00000090293.1	0
ENSMUSG00000090298.2	0
ENSMUSG00000090300.1	0
ENSMUSG00000090302.1	0
ENSMUSG00000090303.3	0
ENSMUSG00000090304.4	0
ENSMUSG00000090305.2	0
ENSMUSG00000090306.5	0
ENSMUSG00000090307.7	0
ENSMUSG00000090308.2	0
ENSMUSG00000090314.2	0
ENSMUSG00000090315.2	0
ENSMUSG00000090317.1	103.267336827643
ENSMUSG00000090318.1	0
ENSMUSG00000090319.2	24.1255876556241
ENSMUSG00000090322.1	0
ENSMUSG00000090323.2	0
ENSMUSG00000090326.2	0
ENSMUSG00000090327.1	0
ENSMUSG00000090328.1	0
ENSMUSG00000090329.1	0
ENSMUSG00000090330.2	154.13697685194
ENSMUSG00000090331.1	0
ENSMUSG00000090332.1	0
ENSMUSG00000090333.1	0
ENSMUSG00000090334.1	6.13114133671012
ENSMUSG00000090336.5	55.6370847886359
ENSMUSG00000090338.2	0
ENSMUSG00000090341.1	0
ENSMUSG00000090342.2	0
ENSMUSG00000090346.2	0
ENSMUSG00000090350.1	0
ENSMUSG00000090351.1	0
ENSMUSG00000090352.3	0
ENSMUSG00000090353.2	0
ENSMUSG00000090355.3	0
ENSMUSG00000090356.2	11.7271600483788
ENSMUSG00000090357.1	0
ENSMUSG00000090358.1	0
ENSMUSG00000090362.2	1.97781571908005
ENSMUSG00000090363.8	30.9652943952908
ENSMUSG00000090364.1	0
ENSMUSG00000090365.1	0
ENSMUSG00000090369.3	0
ENSMUSG00000090370.4	0
ENSMUSG00000090374.1	0
ENSMUSG00000090379.1	0
ENSMUSG00000090381.2	53.2836064323439
ENSMUSG00000090383.2	0
ENSMUSG00000090385.1	0
ENSMUSG00000090386.10	2.9264918455388
ENSMUSG00000090387.1	0
ENSMUSG00000090389.2	2.55744606434952
ENSMUSG00000090394.8	0
ENSMUSG00000090395.1	0
ENSMUSG00000090396.1	0
ENSMUSG00000090397.1	0
ENSMUSG00000090404.7	0
ENSMUSG00000090406.1	0
ENSMUSG00000090408.1	0
ENSMUSG00000090411.2	0
ENSMUSG00000090417.4	0
ENSMUSG00000090427.1	0
ENSMUSG00000090429.3	0
ENSMUSG00000090436.2	0
ENSMUSG00000090439.3	0
ENSMUSG00000090440.2	0
ENSMUSG00000090441.2	0
ENSMUSG00000090448.1	0
ENSMUSG00000090449.1	0
ENSMUSG00000090451.1	1.95687274553658
ENSMUSG00000090455.2	0
ENSMUSG00000090457.3	0
ENSMUSG00000090458.1	0
ENSMUSG00000090459.1	0
ENSMUSG00000090460.3	0
ENSMUSG00000090461.2	206.078329070816
ENSMUSG00000090462.7	0
ENSMUSG00000090464.1	0
ENSMUSG00000090465.1	0
ENSMUSG00000090466.1	0
ENSMUSG00000090467.3	312.195814207057
ENSMUSG00000090468.3	0
ENSMUSG00000090470.2	0
ENSMUSG00000090471.2	0
ENSMUSG00000090472.8	0
ENSMUSG00000090474.3	0
ENSMUSG00000090475.1	2.62742243794782
ENSMUSG00000090476.1	0
ENSMUSG00000090478.1	0
ENSMUSG00000090481.1	0
ENSMUSG00000090482.3	0
ENSMUSG00000090485.2	0
ENSMUSG00000090486.2	86.0505583609035
ENSMUSG00000090487.8	0
ENSMUSG00000090489.3	0
ENSMUSG00000090494.1	0
ENSMUSG00000090497.2	0
ENSMUSG00000090500.1	0
ENSMUSG00000090505.2	0
ENSMUSG00000090509.2	0
ENSMUSG00000090512.8	0
ENSMUSG00000090515.2	0
ENSMUSG00000090516.1	163.117174091773
ENSMUSG00000090519.1	0
ENSMUSG00000090523.2	19.5330526136964
ENSMUSG00000090527.2	0
ENSMUSG00000090533.2	0
ENSMUSG00000090534.1	0
ENSMUSG00000090535.1	0
ENSMUSG00000090538.2	0
ENSMUSG00000090539.8	0
ENSMUSG00000090544.3	0
ENSMUSG00000090546.2	0
ENSMUSG00000090547.1	0
ENSMUSG00000090549.2	0
ENSMUSG00000090550.2	0
ENSMUSG00000090552.1	0
ENSMUSG00000090553.8	3421.51782123893
ENSMUSG00000090555.1	0
ENSMUSG00000090556.5	0
ENSMUSG00000090558.1	0
ENSMUSG00000090559.1	0
ENSMUSG00000090561.2	0
ENSMUSG00000090564.9	6.47490573403918
ENSMUSG00000090565.7	0
ENSMUSG00000090570.1	0
ENSMUSG00000090572.2	0
ENSMUSG00000090574.1	0
ENSMUSG00000090576.2	0
ENSMUSG00000090577.1	0
ENSMUSG00000090578.1	0
ENSMUSG00000090581.9	0
ENSMUSG00000090582.1	0
ENSMUSG00000090584.1	0
ENSMUSG00000090585.8	0
ENSMUSG00000090588.2	0
ENSMUSG00000090589.1	0
ENSMUSG00000090592.2	0
ENSMUSG00000090594.1	0
ENSMUSG00000090598.1	0
ENSMUSG00000090602.3	0
ENSMUSG00000090603.1	0
ENSMUSG00000090607.1	0
ENSMUSG00000090608.1	0
ENSMUSG00000090610.3	4.24493161964213
ENSMUSG00000090618.1	0
ENSMUSG00000090619.2	1.62627963708285
ENSMUSG00000090622.1	72.0062502411874
ENSMUSG00000090623.3	0
ENSMUSG00000090624.1	0
ENSMUSG00000090625.1	162.888923770576
ENSMUSG00000090626.9	340.497792841635
ENSMUSG00000090627.8	0
ENSMUSG00000090628.1	0
ENSMUSG00000090629.2	0
ENSMUSG00000090631.3	0
ENSMUSG00000090634.1	0
ENSMUSG00000090635.1	0
ENSMUSG00000090636.1	0
ENSMUSG00000090637.2	0
ENSMUSG00000090638.1	0
ENSMUSG00000090641.2	40.426555794923
ENSMUSG00000090642.2	0
ENSMUSG00000090643.8	92.896975591348
ENSMUSG00000090655.2	0
ENSMUSG00000090657.1	0
ENSMUSG00000090658.7	0
ENSMUSG00000090659.9	13.2822460600478
ENSMUSG00000090660.1	0
ENSMUSG00000090662.3	0
ENSMUSG00000090665.2	25.1322861186213
ENSMUSG00000090667.2	19.1583575356198
ENSMUSG00000090671.1	0
ENSMUSG00000090674.1	0
ENSMUSG00000090675.2	0
ENSMUSG00000090681.1	0
ENSMUSG00000090682.4	0
ENSMUSG00000090684.1	0
ENSMUSG00000090685.1	0
ENSMUSG00000090688.2	0
ENSMUSG00000090690.1	0
ENSMUSG00000090691.3	55.6273779856969
ENSMUSG00000090692.1	0
ENSMUSG00000090693.4	0
ENSMUSG00000090698.2	6.97731861798741
ENSMUSG00000090699.1	0
ENSMUSG00000090700.2	0
ENSMUSG00000090701.1	0
ENSMUSG00000090704.2	0
ENSMUSG00000090706.1	0
ENSMUSG00000090707.8	12.6909737935687
ENSMUSG00000090708.1	0
ENSMUSG00000090709.2	0
ENSMUSG00000090710.3	0
ENSMUSG00000090713.2	0
ENSMUSG00000090714.10	0
ENSMUSG00000090715.2	0
ENSMUSG00000090716.2	0
ENSMUSG00000090718.1	0
ENSMUSG00000090722.8	0
ENSMUSG00000090724.1	0
ENSMUSG00000090726.4	0
ENSMUSG00000090727.2	0
ENSMUSG00000090728.1	0
ENSMUSG00000090731.1	0
ENSMUSG00000090732.1	0
ENSMUSG00000090733.6	34856.8977325127
ENSMUSG00000090736.1	0
ENSMUSG00000090737.1	0
ENSMUSG00000090738.2	0
ENSMUSG00000090740.2	0
ENSMUSG00000090742.1	0
ENSMUSG00000090743.1	0
ENSMUSG00000090744.7	0
ENSMUSG00000090747.3	0
ENSMUSG00000090750.1	0
ENSMUSG00000090751.2	0
ENSMUSG00000090753.1	0
ENSMUSG00000090758.1	0
ENSMUSG00000090761.1	0
ENSMUSG00000090762.2	0
ENSMUSG00000090764.8	0
ENSMUSG00000090765.1	0
ENSMUSG00000090772.1	0
ENSMUSG00000090773.3	0
ENSMUSG00000090774.2	0
ENSMUSG00000090777.2	0
ENSMUSG00000090778.1	0
ENSMUSG00000090779.1	43.909737470747
ENSMUSG00000090781.2	0
ENSMUSG00000090782.1	0
ENSMUSG00000090785.1	0
ENSMUSG00000090788.2	0
ENSMUSG00000090790.2	0
ENSMUSG00000090793.2	0
ENSMUSG00000090795.1	0
ENSMUSG00000090796.1	0
ENSMUSG00000090798.1	0
ENSMUSG00000090799.2	231.773609759895
ENSMUSG00000090801.1	0
ENSMUSG00000090802.2	0
ENSMUSG00000090806.2	0
ENSMUSG00000090808.3	0
ENSMUSG00000090812.8	376.116921831819
ENSMUSG00000090816.1	0
ENSMUSG00000090817.7	0
ENSMUSG00000090818.1	0
ENSMUSG00000090821.1	0
ENSMUSG00000090824.2	21.4045304626384
ENSMUSG00000090827.8	0
ENSMUSG00000090839.1	0
ENSMUSG00000090840.2	0
ENSMUSG00000090841.2	62858.4874273207
ENSMUSG00000090843.2	0
ENSMUSG00000090849.3	0
ENSMUSG00000090853.1	0
ENSMUSG00000090854.9	0
ENSMUSG00000090855.1	0
ENSMUSG00000090860.1	0
ENSMUSG00000090861.1	0
ENSMUSG00000090862.3	18886.7124681044
ENSMUSG00000090863.1	12.4908763220527
ENSMUSG00000090864.11	0
ENSMUSG00000090865.2	0
ENSMUSG00000090868.2	44.5393687752067
ENSMUSG00000090872.8	0
ENSMUSG00000090873.1	0
ENSMUSG00000090874.2	0
ENSMUSG00000090877.3	92.2290788836628
ENSMUSG00000090881.3	0
ENSMUSG00000090882.1	0
ENSMUSG00000090889.1	0
ENSMUSG00000090891.3	0
ENSMUSG00000090892.2	0
ENSMUSG00000090894.4	0
ENSMUSG00000090897.2	0
ENSMUSG00000090900.1	0
ENSMUSG00000090907.1	11.900758884219
ENSMUSG00000090919.6	0
ENSMUSG00000090925.2	0
ENSMUSG00000090927.1	0
ENSMUSG00000090935.10	312.514484490036
ENSMUSG00000090936.2	32.3107634020151
ENSMUSG00000090939.1	0
ENSMUSG00000090941.1	0
ENSMUSG00000090942.1	0
ENSMUSG00000090946.3	113.675807409238
ENSMUSG00000090947.1	0
ENSMUSG00000090949.2	0
ENSMUSG00000090951.4	0
ENSMUSG00000090952.2	328.443160843304
ENSMUSG00000090955.1	0
ENSMUSG00000090957.2	1.96074298207814
ENSMUSG00000090958.2	32.965676090335
ENSMUSG00000090961.2	0
ENSMUSG00000090963.2	225.983673470543
ENSMUSG00000090964.1	0
ENSMUSG00000090965.1	0
ENSMUSG00000090966.2	0
ENSMUSG00000090967.3	0
ENSMUSG00000090968.2	0
ENSMUSG00000090975.1	0
ENSMUSG00000090981.6	0
ENSMUSG00000090989.1	0
ENSMUSG00000090990.1	0
ENSMUSG00000090991.1	0
ENSMUSG00000090994.1	0
ENSMUSG00000090996.1	0
ENSMUSG00000091002.2	405.616863522352
ENSMUSG00000091003.2	0
ENSMUSG00000091004.2	0
ENSMUSG00000091005.1	0
ENSMUSG00000091006.3	0
ENSMUSG00000091007.1	0
ENSMUSG00000091008.1	0
ENSMUSG00000091010.1	0
ENSMUSG00000091011.1	0
ENSMUSG00000091012.2	0
ENSMUSG00000091013.3	0
ENSMUSG00000091014.3	0
ENSMUSG00000091016.1	0
ENSMUSG00000091017.1	0
ENSMUSG00000091019.1	0
ENSMUSG00000091020.3	1.1072621899079
ENSMUSG00000091021.1	0
ENSMUSG00000091022.8	0
ENSMUSG00000091027.1	0
ENSMUSG00000091028.1	0
ENSMUSG00000091031.1	0
ENSMUSG00000091034.8	0
ENSMUSG00000091037.1	0
ENSMUSG00000091039.2	0
ENSMUSG00000091040.1	0
ENSMUSG00000091041.1	0
ENSMUSG00000091043.2	0
ENSMUSG00000091045.9	0
ENSMUSG00000091048.1	0
ENSMUSG00000091049.8	0
ENSMUSG00000091050.1	24.4865496362951
ENSMUSG00000091055.2	0
ENSMUSG00000091058.2	10.20974641982
ENSMUSG00000091059.2	0
ENSMUSG00000091060.2	0
ENSMUSG00000091061.1	0
ENSMUSG00000091071.2	0
ENSMUSG00000091076.2	0
ENSMUSG00000091077.3	0
ENSMUSG00000091078.1	0
ENSMUSG00000091079.1	0
ENSMUSG00000091080.2	0
ENSMUSG00000091083.4	3.61018161524036
ENSMUSG00000091086.2	17.151515042478
ENSMUSG00000091087.2	0
ENSMUSG00000091091.2	0
ENSMUSG00000091096.1	0
ENSMUSG00000091099.1	0
ENSMUSG00000091101.2	0
ENSMUSG00000091102.1	0
ENSMUSG00000091105.1	0
ENSMUSG00000091109.1	0
ENSMUSG00000091110.1	0
ENSMUSG00000091114.1	0
ENSMUSG00000091116.1	0
ENSMUSG00000091117.1	0
ENSMUSG00000091119.2	0
ENSMUSG00000091122.8	0
ENSMUSG00000091123.1	0
ENSMUSG00000091129.3	0
ENSMUSG00000091131.1	0
ENSMUSG00000091132.1	0
ENSMUSG00000091133.1	0
ENSMUSG00000091135.1	0
ENSMUSG00000091140.1	0
ENSMUSG00000091142.1	0
ENSMUSG00000091144.2	1.92066730692193
ENSMUSG00000091146.1	0
ENSMUSG00000091147.1	0
ENSMUSG00000091148.7	0
ENSMUSG00000091149.1	0
ENSMUSG00000091151.2	0
ENSMUSG00000091154.2	70.2665164925836
ENSMUSG00000091155.1	0
ENSMUSG00000091157.1	0
ENSMUSG00000091159.1	0
ENSMUSG00000091160.1	0
ENSMUSG00000091163.4	0
ENSMUSG00000091165.1	0
ENSMUSG00000091172.1	0
ENSMUSG00000091174.1	0
ENSMUSG00000091175.2	0
ENSMUSG00000091177.2	0
ENSMUSG00000091183.5	13.7016049162775
ENSMUSG00000091184.1	0
ENSMUSG00000091185.1	0
ENSMUSG00000091189.1	0
ENSMUSG00000091191.2	60.702787459355
ENSMUSG00000091192.1	0
ENSMUSG00000091193.2	0
ENSMUSG00000091194.1	0
ENSMUSG00000091195.1	0
ENSMUSG00000091198.2	0
ENSMUSG00000091199.10	0
ENSMUSG00000091204.8	0
ENSMUSG00000091205.3	0
ENSMUSG00000091206.2	0
ENSMUSG00000091212.1	0
ENSMUSG00000091215.3	0
ENSMUSG00000091216.2	0
ENSMUSG00000091221.1	0
ENSMUSG00000091223.2	0
ENSMUSG00000091227.1	0
ENSMUSG00000091228.1	9677.91452582114
ENSMUSG00000091230.1	0
ENSMUSG00000091233.3	0
ENSMUSG00000091237.1	0
ENSMUSG00000091238.1	0
ENSMUSG00000091239.2	0
ENSMUSG00000091243.2	12.5221191186503
ENSMUSG00000091248.1	0
ENSMUSG00000091255.1	0
ENSMUSG00000091259.2	0
ENSMUSG00000091260.1	0
ENSMUSG00000091264.3	1726.49947474986
ENSMUSG00000091268.2	0
ENSMUSG00000091269.2	43.6571733248249
ENSMUSG00000091272.2	0
ENSMUSG00000091273.1	0
ENSMUSG00000091275.1	25.4370048230996
ENSMUSG00000091277.2	1.57072301576038
ENSMUSG00000091280.1	0
ENSMUSG00000091281.1	0
ENSMUSG00000091283.1	0
ENSMUSG00000091285.2	0
ENSMUSG00000091286.1	0
ENSMUSG00000091288.1	0
ENSMUSG00000091289.1	0
ENSMUSG00000091290.1	0
ENSMUSG00000091292.1	0
ENSMUSG00000091293.1	0
ENSMUSG00000091296.2	0
ENSMUSG00000091297.2	0
ENSMUSG00000091304.2	0
ENSMUSG00000091305.1	0
ENSMUSG00000091306.2	0
ENSMUSG00000091307.1	0
ENSMUSG00000091311.3	0
ENSMUSG00000091312.1	0
ENSMUSG00000091313.1	0
ENSMUSG00000091315.1	0
ENSMUSG00000091318.2	0
ENSMUSG00000091325.2	0
ENSMUSG00000091326.1	0
ENSMUSG00000091329.2	86.3256572712048
ENSMUSG00000091336.1	0
ENSMUSG00000091337.3	4967.51358361939
ENSMUSG00000091345.9	9.33541628886129
ENSMUSG00000091347.2	0
ENSMUSG00000091350.2	0
ENSMUSG00000091351.1	0
ENSMUSG00000091355.1	0
ENSMUSG00000091358.2	0
ENSMUSG00000091361.2	0
ENSMUSG00000091363.1	0
ENSMUSG00000091366.1	0
ENSMUSG00000091367.1	0
ENSMUSG00000091368.1	0
ENSMUSG00000091370.1	0
ENSMUSG00000091373.4	0
ENSMUSG00000091375.2	0
ENSMUSG00000091376.1	0
ENSMUSG00000091378.1	12.6631330597374
ENSMUSG00000091381.3	0
ENSMUSG00000091382.2	0
ENSMUSG00000091383.2	408.511644397518
ENSMUSG00000091386.2	0
ENSMUSG00000091387.2	25.5176867703572
ENSMUSG00000091390.1	0
ENSMUSG00000091393.1	0
ENSMUSG00000091396.2	0
ENSMUSG00000091400.1	0
ENSMUSG00000091401.1	0
ENSMUSG00000091402.7	85.2365602237742
ENSMUSG00000091404.1	0
ENSMUSG00000091405.2	21.1816173224782
ENSMUSG00000091407.2	0
ENSMUSG00000091408.3	0
ENSMUSG00000091410.1	6.11547312103378
ENSMUSG00000091411.1	0
ENSMUSG00000091412.1	0
ENSMUSG00000091415.5	0
ENSMUSG00000091416.2	0
ENSMUSG00000091418.2	1.05882180996831
ENSMUSG00000091419.2	0
ENSMUSG00000091421.3	166.268295714648
ENSMUSG00000091422.8	0
ENSMUSG00000091423.2	59.7950297208478
ENSMUSG00000091425.1	0
ENSMUSG00000091426.1	42.2864229342404
ENSMUSG00000091429.1	0
ENSMUSG00000091430.1	0
ENSMUSG00000091435.1	0
ENSMUSG00000091438.1	0
ENSMUSG00000091441.1	0
ENSMUSG00000091442.1	0
ENSMUSG00000091443.1	0
ENSMUSG00000091449.3	14.8724451048561
ENSMUSG00000091450.2	0
ENSMUSG00000091453.2	0
ENSMUSG00000091455.4	0
ENSMUSG00000091457.1	45.790953334213
ENSMUSG00000091459.1	0
ENSMUSG00000091460.2	6.39459832580169
ENSMUSG00000091462.2	0
ENSMUSG00000091466.1	0
ENSMUSG00000091468.3	0
ENSMUSG00000091470.1	0
ENSMUSG00000091471.1	0
ENSMUSG00000091472.2	80.4112491808223
ENSMUSG00000091474.2	92.4924422379993
ENSMUSG00000091475.4	626.712053701878
ENSMUSG00000091476.8	0
ENSMUSG00000091477.1	0
ENSMUSG00000091478.2	418.2687291999
ENSMUSG00000091479.1	0
ENSMUSG00000091481.1	0
ENSMUSG00000091483.1	0
ENSMUSG00000091486.1	0
ENSMUSG00000091487.1	0
ENSMUSG00000091490.3	0
ENSMUSG00000091491.2	0
ENSMUSG00000091492.1	0
ENSMUSG00000091494.8	0
ENSMUSG00000091496.1	0
ENSMUSG00000091497.1	0
ENSMUSG00000091498.4	2773.01658550071
ENSMUSG00000091504.2	0
ENSMUSG00000091507.1	0
ENSMUSG00000091509.7	114.980576509106
ENSMUSG00000091510.4	11.2347348716346
ENSMUSG00000091511.3	0
ENSMUSG00000091512.5	3453.27897984045
ENSMUSG00000091514.2	58.1850737427266
ENSMUSG00000091515.5	0
ENSMUSG00000091519.1	12.7342642619812
ENSMUSG00000091523.1	0
ENSMUSG00000091526.2	0
ENSMUSG00000091528.9	0
ENSMUSG00000091530.2	0
ENSMUSG00000091531.2	0
ENSMUSG00000091534.2	0
ENSMUSG00000091537.2	13696.111021872
ENSMUSG00000091539.2	0
ENSMUSG00000091541.2	0
ENSMUSG00000091542.1	0
ENSMUSG00000091548.2	0
ENSMUSG00000091549.1	183.279670740419
ENSMUSG00000091550.1	0
ENSMUSG00000091552.2	0
ENSMUSG00000091553.1	0
ENSMUSG00000091556.8	0
ENSMUSG00000091557.2	0
ENSMUSG00000091558.1	0
ENSMUSG00000091561.3	0
ENSMUSG00000091563.8	0
ENSMUSG00000091568.8	0
ENSMUSG00000091569.1	0
ENSMUSG00000091570.1	0
ENSMUSG00000091572.9	0
ENSMUSG00000091573.1	0
ENSMUSG00000091575.2	0
ENSMUSG00000091577.2	0
ENSMUSG00000091583.1	0
ENSMUSG00000091584.1	0
ENSMUSG00000091586.2	56.2614101236434
ENSMUSG00000091587.1	0
ENSMUSG00000091594.2	0
ENSMUSG00000091595.1	0
ENSMUSG00000091601.3	0
ENSMUSG00000091604.2	0
ENSMUSG00000091605.2	0
ENSMUSG00000091606.2	0
ENSMUSG00000091613.1	0
ENSMUSG00000091614.2	0
ENSMUSG00000091615.2	0
ENSMUSG00000091617.8	0
ENSMUSG00000091618.3	0
ENSMUSG00000091620.3	0
ENSMUSG00000091623.2	61.4606671666316
ENSMUSG00000091624.2	0
ENSMUSG00000091625.8	1307.11205991994
ENSMUSG00000091627.1	0
ENSMUSG00000091631.2	0
ENSMUSG00000091635.2	0
ENSMUSG00000091636.2	618.219599901037
ENSMUSG00000091638.2	0
ENSMUSG00000091639.2	2.08871048062991
ENSMUSG00000091648.2	3.98996418167399
ENSMUSG00000091649.3	0
ENSMUSG00000091650.2	0
ENSMUSG00000091651.3	0
ENSMUSG00000091652.2	0
ENSMUSG00000091655.3	1484.16970118809
ENSMUSG00000091656.2	0
ENSMUSG00000091657.1	0
ENSMUSG00000091659.1	0
ENSMUSG00000091661.2	0
ENSMUSG00000091662.9	0
ENSMUSG00000091665.1	0
ENSMUSG00000091668.3	0
ENSMUSG00000091669.1	0
ENSMUSG00000091670.3	0
ENSMUSG00000091671.1	0
ENSMUSG00000091672.2	0
ENSMUSG00000091676.1	0
ENSMUSG00000091679.9	0
ENSMUSG00000091680.3	1.255829334568
ENSMUSG00000091682.2	0
ENSMUSG00000091685.6	0
ENSMUSG00000091686.1	0
ENSMUSG00000091692.2	0
ENSMUSG00000091694.9	0
ENSMUSG00000091695.2	0
ENSMUSG00000091697.2	14.9119901830671
ENSMUSG00000091698.8	10.9769583910153
ENSMUSG00000091700.7	0
ENSMUSG00000091703.2	0
ENSMUSG00000091705.8	92.7727846945827
ENSMUSG00000091707.1	0
ENSMUSG00000091709.1	0
ENSMUSG00000091712.2	13.9907178282494
ENSMUSG00000091713.1	0
ENSMUSG00000091718.1	0
ENSMUSG00000091721.4	0
ENSMUSG00000091722.2	161.807067810868
ENSMUSG00000091723.2	0
ENSMUSG00000091725.8	0
ENSMUSG00000091730.1	0
ENSMUSG00000091731.1	0
ENSMUSG00000091732.1	0
ENSMUSG00000091733.1	0
ENSMUSG00000091734.2	0
ENSMUSG00000091735.2	228.410623897955
ENSMUSG00000091736.3	22.0345363061182
ENSMUSG00000091740.3	0
ENSMUSG00000091741.1	0
ENSMUSG00000091742.2	0
ENSMUSG00000091743.2	0
ENSMUSG00000091745.1	0
ENSMUSG00000091749.7	0
ENSMUSG00000091752.2	0
ENSMUSG00000091754.8	14.3911624639614
ENSMUSG00000091756.1	0
ENSMUSG00000091757.1	0
ENSMUSG00000091762.1	0
ENSMUSG00000091764.3	31.2191382161985
ENSMUSG00000091768.1	0
ENSMUSG00000091771.1	0
ENSMUSG00000091775.2	0
ENSMUSG00000091776.1	0
ENSMUSG00000091779.8	0
ENSMUSG00000091780.3	1000.88898825565
ENSMUSG00000091784.2	0
ENSMUSG00000091785.2	0
ENSMUSG00000091786.1	0
ENSMUSG00000091788.3	0
ENSMUSG00000091792.1	0
ENSMUSG00000091794.3	0
ENSMUSG00000091800.2	0
ENSMUSG00000091803.7	2248.99198858853
ENSMUSG00000091805.2	0
ENSMUSG00000091806.1	0
ENSMUSG00000091808.1	0
ENSMUSG00000091809.4	0
ENSMUSG00000091811.2	2818.05674415745
ENSMUSG00000091812.1	0
ENSMUSG00000091813.4	0
ENSMUSG00000091814.1	0
ENSMUSG00000091815.1	0
ENSMUSG00000091816.1	0
ENSMUSG00000091817.1	118.497716389424
ENSMUSG00000091818.3	0
ENSMUSG00000091821.1	0
ENSMUSG00000091825.1	0
ENSMUSG00000091827.2	0
ENSMUSG00000091831.5	4.79946785056144
ENSMUSG00000091832.1	0
ENSMUSG00000091834.2	0
ENSMUSG00000091842.2	0
ENSMUSG00000091844.2	0
ENSMUSG00000091845.1	91.7962366227077
ENSMUSG00000091847.1	0
ENSMUSG00000091849.7	0
ENSMUSG00000091859.2	0
ENSMUSG00000091863.2	0
ENSMUSG00000091864.1	176.260060424739
ENSMUSG00000091866.1	78.6163957730863
ENSMUSG00000091867.2	0
ENSMUSG00000091873.2	0
ENSMUSG00000091874.2	0
ENSMUSG00000091876.1	0
ENSMUSG00000091879.2	0
ENSMUSG00000091881.1	0
ENSMUSG00000091882.8	0
ENSMUSG00000091887.1	0
ENSMUSG00000091888.3	0
ENSMUSG00000091890.2	29.084328224505
ENSMUSG00000091894.1	0
ENSMUSG00000091896.8	3047.23198946504
ENSMUSG00000091897.1	0
ENSMUSG00000091898.8	163.828704595306
ENSMUSG00000091900.3	13.9319152020856
ENSMUSG00000091902.1	0
ENSMUSG00000091903.8	0
ENSMUSG00000091905.3	0
ENSMUSG00000091906.2	0
ENSMUSG00000091908.7	0
ENSMUSG00000091911.1	0
ENSMUSG00000091922.1	0
ENSMUSG00000091923.8	0
ENSMUSG00000091924.2	0
ENSMUSG00000091926.3	0
ENSMUSG00000091929.2	0
ENSMUSG00000091930.2	0
ENSMUSG00000091931.5	785.872628796355
ENSMUSG00000091933.2	0
ENSMUSG00000091936.1	0
ENSMUSG00000091937.3	0
ENSMUSG00000091938.3	0
ENSMUSG00000091941.1	2.28940097226109
ENSMUSG00000091942.1	0
ENSMUSG00000091945.2	0
ENSMUSG00000091947.1	37.8219802372044
ENSMUSG00000091950.3	0
ENSMUSG00000091952.3	13.3700754602734
ENSMUSG00000091955.2	943.337228784416
ENSMUSG00000091956.2	0
ENSMUSG00000091957.3	2282.97360177103
ENSMUSG00000091960.1	0
ENSMUSG00000091961.1	0
ENSMUSG00000091962.3	0
ENSMUSG00000091967.5	0
ENSMUSG00000091968.1	0
ENSMUSG00000091970.3	0
ENSMUSG00000091971.3	217.622838923701
ENSMUSG00000091972.2	0
ENSMUSG00000091983.3	0
ENSMUSG00000091985.1	14.276366254285
ENSMUSG00000091987.8	0
ENSMUSG00000091989.1	55.6831842996995
ENSMUSG00000091990.1	0
ENSMUSG00000091993.2	25.3747064994144
ENSMUSG00000091994.2	54.5401536333671
ENSMUSG00000091995.1	0
ENSMUSG00000091996.8	12.0421785759112
ENSMUSG00000091997.1	0
ENSMUSG00000091998.2	0
ENSMUSG00000092004.1	0
ENSMUSG00000092006.1	0
ENSMUSG00000092008.2	0
ENSMUSG00000092009.1	4.64422142670864
ENSMUSG00000092014.1	8.90098223707055
ENSMUSG00000092019.4	0
ENSMUSG00000092021.8	17.443156092836
ENSMUSG00000092027.1	0
ENSMUSG00000092029.1	0
ENSMUSG00000092031.1	0
ENSMUSG00000092032.2	0
ENSMUSG00000092035.8	379.630878130465
ENSMUSG00000092036.2	0
ENSMUSG00000092039.2	0
ENSMUSG00000092040.1	0
ENSMUSG00000092042.1	0
ENSMUSG00000092043.2	0
ENSMUSG00000092045.1	0
ENSMUSG00000092047.1	0
ENSMUSG00000092048.3	0
ENSMUSG00000092049.9	0
ENSMUSG00000092051.2	0
ENSMUSG00000092054.3	0
ENSMUSG00000092055.1	0
ENSMUSG00000092056.2	0
ENSMUSG00000092060.4	58.3012744737286
ENSMUSG00000092066.1	0
ENSMUSG00000092071.1	36.8729919948956
ENSMUSG00000092072.3	176.523423779076
ENSMUSG00000092073.8	0
ENSMUSG00000092074.2	44.0470684448026
ENSMUSG00000092075.1	0
ENSMUSG00000092077.2	0
ENSMUSG00000092080.2	0
ENSMUSG00000092083.4	24.2110137638036
ENSMUSG00000092085.1	0
ENSMUSG00000092086.2	9.95946071960372
ENSMUSG00000092090.2	0
ENSMUSG00000092092.1	0
ENSMUSG00000092093.1	0
ENSMUSG00000092094.5	0
ENSMUSG00000092097.2	34.3284987383263
ENSMUSG00000092103.2	0
ENSMUSG00000092107.1	0
ENSMUSG00000092109.2	0
ENSMUSG00000092111.2	0
ENSMUSG00000092116.1	7.97262485245502
ENSMUSG00000092118.1	28.5079750956618
ENSMUSG00000092120.2	0
ENSMUSG00000092123.1	0
ENSMUSG00000092124.1	0
ENSMUSG00000092125.1	0
ENSMUSG00000092130.2	0
ENSMUSG00000092131.1	0
ENSMUSG00000092134.1	0
ENSMUSG00000092142.1	0
ENSMUSG00000092144.1	0
ENSMUSG00000092147.1	0
ENSMUSG00000092148.1	0
ENSMUSG00000092152.1	0
ENSMUSG00000092157.1	0
ENSMUSG00000092162.3	0.889249268594712
ENSMUSG00000092164.2	0
ENSMUSG00000092165.9	0
ENSMUSG00000092166.2	0
ENSMUSG00000092167.8	0
ENSMUSG00000092168.1	0
ENSMUSG00000092171.1	0
ENSMUSG00000092172.1	0
ENSMUSG00000092173.1	0
ENSMUSG00000092175.1	0
ENSMUSG00000092176.1	13.0416359511855
ENSMUSG00000092178.2	15.1943613926763
ENSMUSG00000092179.2	0
ENSMUSG00000092181.1	0
ENSMUSG00000092182.1	0
ENSMUSG00000092183.1	0
ENSMUSG00000092184.1	0
ENSMUSG00000092185.1	0
ENSMUSG00000092186.1	0
ENSMUSG00000092187.1	11.2939744599885
ENSMUSG00000092188.1	0
ENSMUSG00000092190.1	0
ENSMUSG00000092191.1	0
ENSMUSG00000092192.7	181.133999117141
ENSMUSG00000092193.1	0
ENSMUSG00000092195.2	0
ENSMUSG00000092196.2	0
ENSMUSG00000092197.1	0
ENSMUSG00000092199.1	0
ENSMUSG00000092200.2	0
ENSMUSG00000092201.7	43.5776774177977
ENSMUSG00000092202.1	0
ENSMUSG00000092203.7	399.220392501449
ENSMUSG00000092204.1	0
ENSMUSG00000092208.1	0
ENSMUSG00000092210.1	0
ENSMUSG00000092211.1	0
ENSMUSG00000092212.3	0
ENSMUSG00000092213.1	0
ENSMUSG00000092214.1	0
ENSMUSG00000092216.3	38.3394371051288
ENSMUSG00000092217.2	0
ENSMUSG00000092218.1	0
ENSMUSG00000092219.1	0
ENSMUSG00000092220.1	0
ENSMUSG00000092221.1	0
ENSMUSG00000092223.1	0
ENSMUSG00000092224.2	0
ENSMUSG00000092225.1	0
ENSMUSG00000092227.1	0
ENSMUSG00000092228.1	0
ENSMUSG00000092229.3	0
ENSMUSG00000092230.1	1.96888920576644
ENSMUSG00000092231.1	0
ENSMUSG00000092232.1	0
ENSMUSG00000092233.1	0
ENSMUSG00000092237.2	0
ENSMUSG00000092238.1	0
ENSMUSG00000092239.1	0
ENSMUSG00000092240.1	0
ENSMUSG00000092241.1	134.081660786228
ENSMUSG00000092242.1	0
ENSMUSG00000092243.8	0
ENSMUSG00000092244.3	0
ENSMUSG00000092245.1	0
ENSMUSG00000092246.2	0
ENSMUSG00000092247.2	0
ENSMUSG00000092248.1	0
ENSMUSG00000092250.1	0
ENSMUSG00000092251.3	0
ENSMUSG00000092253.1	0
ENSMUSG00000092255.1	0
ENSMUSG00000092256.1	0
ENSMUSG00000092257.1	19.8744449305645
ENSMUSG00000092258.2	0
ENSMUSG00000092259.1	0
ENSMUSG00000092260.7	95.8964713342313
ENSMUSG00000092261.1	0
ENSMUSG00000092263.1	0
ENSMUSG00000092264.1	0
ENSMUSG00000092265.2	0
ENSMUSG00000092266.1	0
ENSMUSG00000092268.1	0
ENSMUSG00000092269.1	0
ENSMUSG00000092270.1	0
ENSMUSG00000092271.1	0
ENSMUSG00000092272.1	0
ENSMUSG00000092274.3	101.686376411998
ENSMUSG00000092275.1	0
ENSMUSG00000092276.2	0
ENSMUSG00000092277.1	0
ENSMUSG00000092278.1	0
ENSMUSG00000092281.1	0
ENSMUSG00000092283.1	0
ENSMUSG00000092284.1	0
ENSMUSG00000092285.1	0
ENSMUSG00000092286.1	0
ENSMUSG00000092287.2	0
ENSMUSG00000092289.1	0
ENSMUSG00000092290.1	0
ENSMUSG00000092292.3	0
ENSMUSG00000092293.1	0
ENSMUSG00000092294.1	0
ENSMUSG00000092295.1	0
ENSMUSG00000092296.1	0
ENSMUSG00000092297.1	0
ENSMUSG00000092298.1	0
ENSMUSG00000092300.7	0
ENSMUSG00000092301.1	0
ENSMUSG00000092303.1	0
ENSMUSG00000092304.2	0
ENSMUSG00000092305.1	0
ENSMUSG00000092306.3	0
ENSMUSG00000092307.1	0
ENSMUSG00000092308.3	0
ENSMUSG00000092309.2	0
ENSMUSG00000092310.2	0
ENSMUSG00000092311.1	0
ENSMUSG00000092312.1	0
ENSMUSG00000092313.1	0
ENSMUSG00000092314.1	0
ENSMUSG00000092316.1	0
ENSMUSG00000092317.1	0
ENSMUSG00000092318.1	0
ENSMUSG00000092322.8	0
ENSMUSG00000092323.1	0
ENSMUSG00000092325.2	0
ENSMUSG00000092326.1	0
ENSMUSG00000092328.1	0
ENSMUSG00000092329.1	259.565684730122
ENSMUSG00000092330.2	0
ENSMUSG00000092331.1	0
ENSMUSG00000092332.1	0
ENSMUSG00000092335.1	1.22455532638535
ENSMUSG00000092336.1	0
ENSMUSG00000092338.1	0
ENSMUSG00000092339.1	0
ENSMUSG00000092340.3	0
ENSMUSG00000092341.3	74.3260825088358
ENSMUSG00000092342.2	0
ENSMUSG00000092343.1	0
ENSMUSG00000092344.1	0
ENSMUSG00000092345.1	0
ENSMUSG00000092346.1	0
ENSMUSG00000092349.1	30.0945848081936
ENSMUSG00000092350.1	0
ENSMUSG00000092351.1	0
ENSMUSG00000092353.1	0
ENSMUSG00000092354.7	0
ENSMUSG00000092356.2	0
ENSMUSG00000092357.1	0
ENSMUSG00000092358.1	0
ENSMUSG00000092359.1	0
ENSMUSG00000092360.1	0
ENSMUSG00000092362.3	0
ENSMUSG00000092363.1	0
ENSMUSG00000092364.2	0
ENSMUSG00000092365.2	0
ENSMUSG00000092366.2	0
ENSMUSG00000092367.1	0
ENSMUSG00000092368.1	487.779082622383
ENSMUSG00000092369.1	0
ENSMUSG00000092370.1	0
ENSMUSG00000092371.1	0
ENSMUSG00000092372.3	0
ENSMUSG00000092373.1	36.1662992870397
ENSMUSG00000092374.1	0
ENSMUSG00000092375.1	81.4901088283687
ENSMUSG00000092376.1	0
ENSMUSG00000092377.1	0
ENSMUSG00000092381.1	0
ENSMUSG00000092382.2	0
ENSMUSG00000092383.2	0
ENSMUSG00000092384.7	0
ENSMUSG00000092385.1	0
ENSMUSG00000092386.1	0
ENSMUSG00000092387.1	0
ENSMUSG00000092388.2	0
ENSMUSG00000092389.2	0
ENSMUSG00000092390.1	0
ENSMUSG00000092392.1	0
ENSMUSG00000092393.2	0
ENSMUSG00000092394.1	0
ENSMUSG00000092395.1	0
ENSMUSG00000092396.2	0
ENSMUSG00000092397.7	0
ENSMUSG00000092398.1	0
ENSMUSG00000092399.1	0
ENSMUSG00000092401.3	0
ENSMUSG00000092402.1	0
ENSMUSG00000092404.2	0
ENSMUSG00000092405.1	0
ENSMUSG00000092406.1	0
ENSMUSG00000092408.1	0
ENSMUSG00000092409.1	0
ENSMUSG00000092410.1	0
ENSMUSG00000092411.1	0
ENSMUSG00000092412.1	0
ENSMUSG00000092413.6	0
ENSMUSG00000092414.1	0
ENSMUSG00000092415.2	0
ENSMUSG00000092416.2	58.4824889363119
ENSMUSG00000092417.3	984.794172635361
ENSMUSG00000092418.1	0
ENSMUSG00000092419.1	0
ENSMUSG00000092422.1	0
ENSMUSG00000092425.1	0
ENSMUSG00000092426.1	0
ENSMUSG00000092427.1	0
ENSMUSG00000092428.1	0
ENSMUSG00000092429.1	0
ENSMUSG00000092431.1	0
ENSMUSG00000092433.1	0
ENSMUSG00000092435.1	0
ENSMUSG00000092437.1	0
ENSMUSG00000092438.1	0
ENSMUSG00000092439.2	0
ENSMUSG00000092440.1	0
ENSMUSG00000092441.1	0
ENSMUSG00000092444.1	0
ENSMUSG00000092447.1	0
ENSMUSG00000092448.1	23.0892693984499
ENSMUSG00000092450.1	0
ENSMUSG00000092451.3	0
ENSMUSG00000092452.1	0
ENSMUSG00000092454.1	8.75463111494635
ENSMUSG00000092455.1	0
ENSMUSG00000092456.2	0
ENSMUSG00000092457.3	0
ENSMUSG00000092458.1	0
ENSMUSG00000092460.1	0
ENSMUSG00000092461.1	0
ENSMUSG00000092462.1	0
ENSMUSG00000092463.1	0
ENSMUSG00000092464.1	0
ENSMUSG00000092465.2	0
ENSMUSG00000092466.1	0
ENSMUSG00000092467.1	0
ENSMUSG00000092468.1	0
ENSMUSG00000092469.1	0
ENSMUSG00000092470.1	33.5189326462688
ENSMUSG00000092471.1	0
ENSMUSG00000092472.1	0
ENSMUSG00000092473.4	0
ENSMUSG00000092474.1	40.2527384779877
ENSMUSG00000092476.1	0
ENSMUSG00000092477.1	0
ENSMUSG00000092480.1	0
ENSMUSG00000092482.1	24.226838037405
ENSMUSG00000092483.1	0
ENSMUSG00000092485.1	0
ENSMUSG00000092487.1	0
ENSMUSG00000092488.1	0
ENSMUSG00000092489.1	0
ENSMUSG00000092490.7	0
ENSMUSG00000092492.1	0
ENSMUSG00000092493.1	0
ENSMUSG00000092494.2	0
ENSMUSG00000092495.1	0
ENSMUSG00000092496.1	0
ENSMUSG00000092499.1	0
ENSMUSG00000092500.1	0
ENSMUSG00000092502.1	0
ENSMUSG00000092503.1	0
ENSMUSG00000092504.1	0
ENSMUSG00000092505.1	0
ENSMUSG00000092506.1	0
ENSMUSG00000092508.1	0
ENSMUSG00000092509.1	0
ENSMUSG00000092510.1	0
ENSMUSG00000092511.7	0
ENSMUSG00000092512.2	0
ENSMUSG00000092513.1	0
ENSMUSG00000092514.1	0
ENSMUSG00000092515.8	0
ENSMUSG00000092516.1	0
ENSMUSG00000092517.1	0
ENSMUSG00000092518.9	0
ENSMUSG00000092519.2	0
ENSMUSG00000092520.1	0
ENSMUSG00000092521.2	0
ENSMUSG00000092522.1	0
ENSMUSG00000092523.1	0
ENSMUSG00000092524.3	0
ENSMUSG00000092525.1	0
ENSMUSG00000092526.1	0
ENSMUSG00000092528.9	0
ENSMUSG00000092529.2	0
ENSMUSG00000092530.1	0
ENSMUSG00000092532.1	0
ENSMUSG00000092533.1	0
ENSMUSG00000092534.8	0
ENSMUSG00000092535.1	0
ENSMUSG00000092536.2	200.086859577038
ENSMUSG00000092538.1	0
ENSMUSG00000092539.2	0
ENSMUSG00000092540.1	0
ENSMUSG00000092541.7	0
ENSMUSG00000092542.2	0
ENSMUSG00000092543.1	0
ENSMUSG00000092544.8	0
ENSMUSG00000092545.7	0
ENSMUSG00000092547.1	0
ENSMUSG00000092548.1	0
ENSMUSG00000092549.1	0
ENSMUSG00000092550.2	0
ENSMUSG00000092551.3	0
ENSMUSG00000092552.1	0
ENSMUSG00000092553.1	0
ENSMUSG00000092554.1	0
ENSMUSG00000092555.1	0
ENSMUSG00000092556.2	0
ENSMUSG00000092557.1	0
ENSMUSG00000092558.3	454.586841636441
ENSMUSG00000092559.1	0
ENSMUSG00000092560.2	26.0046187081392
ENSMUSG00000092561.1	0
ENSMUSG00000092562.1	0
ENSMUSG00000092563.1	0
ENSMUSG00000092564.2	618.252309642131
ENSMUSG00000092565.1	0
ENSMUSG00000092566.1	0
ENSMUSG00000092567.2	0
ENSMUSG00000092568.2	0
ENSMUSG00000092569.1	0
ENSMUSG00000092570.7	0
ENSMUSG00000092571.1	0
ENSMUSG00000092572.7	0
ENSMUSG00000092573.1	0
ENSMUSG00000092574.4	0
ENSMUSG00000092575.2	0
ENSMUSG00000092576.3	0
ENSMUSG00000092577.1	0
ENSMUSG00000092578.1	0
ENSMUSG00000092579.2	0
ENSMUSG00000092580.1	0
ENSMUSG00000092581.1	0
ENSMUSG00000092583.1	0
ENSMUSG00000092584.1	0
ENSMUSG00000092586.8	0
ENSMUSG00000092587.1	0
ENSMUSG00000092588.1	0
ENSMUSG00000092591.1	0
ENSMUSG00000092592.1	0
ENSMUSG00000092593.1	0
ENSMUSG00000092595.2	0
ENSMUSG00000092596.1	0
ENSMUSG00000092597.2	0
ENSMUSG00000092599.1	0
ENSMUSG00000092600.1	0
ENSMUSG00000092601.2	0
ENSMUSG00000092602.1	0
ENSMUSG00000092603.1	0
ENSMUSG00000092604.1	0
ENSMUSG00000092606.1	0
ENSMUSG00000092607.9	2282.86067825645
ENSMUSG00000092608.2	0
ENSMUSG00000092609.1	35.6216259169844
ENSMUSG00000092610.1	0
ENSMUSG00000092611.2	0
ENSMUSG00000092612.2	0
ENSMUSG00000092614.2	0
ENSMUSG00000092615.2	0
ENSMUSG00000092616.1	0
ENSMUSG00000092617.1	0
ENSMUSG00000092618.2	0
ENSMUSG00000092619.1	0
ENSMUSG00000092620.1	0
ENSMUSG00000092621.1	0
ENSMUSG00000092622.8	0
ENSMUSG00000092624.2	0
ENSMUSG00000092625.2	0
ENSMUSG00000092626.1	70.1046532127082
ENSMUSG00000092627.2	0
ENSMUSG00000092629.1	0
ENSMUSG00000092633.1	0
ENSMUSG00000092636.1	0
ENSMUSG00000092638.1	0
ENSMUSG00000092639.1	0
ENSMUSG00000092641.2	0
ENSMUSG00000092643.1	0
ENSMUSG00000092644.1	0
ENSMUSG00000092647.1	0
ENSMUSG00000092648.1	0
ENSMUSG00000092650.1	0
ENSMUSG00000092652.1	0
ENSMUSG00000092653.2	0
ENSMUSG00000092655.1	0
ENSMUSG00000092656.1	0
ENSMUSG00000092657.1	0
ENSMUSG00000092659.1	0
ENSMUSG00000092660.1	0
ENSMUSG00000092661.1	0
ENSMUSG00000092664.1	0
ENSMUSG00000092666.1	0
ENSMUSG00000092668.1	0
ENSMUSG00000092671.1	0
ENSMUSG00000092673.1	0
ENSMUSG00000092674.2	0
ENSMUSG00000092675.1	0
ENSMUSG00000092677.1	0
ENSMUSG00000092679.1	0
ENSMUSG00000092680.1	0
ENSMUSG00000092683.1	0
ENSMUSG00000092685.1	0
ENSMUSG00000092686.1	0
ENSMUSG00000092687.1	0
ENSMUSG00000092693.1	0
ENSMUSG00000092695.1	0
ENSMUSG00000092696.1	0
ENSMUSG00000092697.1	0
ENSMUSG00000092698.1	0
ENSMUSG00000092701.1	0
ENSMUSG00000092702.2	0
ENSMUSG00000092704.1	0
ENSMUSG00000092705.1	0
ENSMUSG00000092706.1	0
ENSMUSG00000092710.1	0
ENSMUSG00000092713.1	0
ENSMUSG00000092714.1	0
ENSMUSG00000092715.1	0
ENSMUSG00000092718.1	0
ENSMUSG00000092719.1	0
ENSMUSG00000092720.1	0
ENSMUSG00000092723.1	0
ENSMUSG00000092724.1	0
ENSMUSG00000092725.1	0
ENSMUSG00000092727.1	0
ENSMUSG00000092730.1	0
ENSMUSG00000092731.1	0
ENSMUSG00000092732.1	0
ENSMUSG00000092734.1	0
ENSMUSG00000092737.2	0
ENSMUSG00000092738.1	0
ENSMUSG00000092741.2	0
ENSMUSG00000092743.1	0
ENSMUSG00000092745.1	0
ENSMUSG00000092746.2	0
ENSMUSG00000092747.1	0
ENSMUSG00000092748.1	0
ENSMUSG00000092751.1	0
ENSMUSG00000092752.1	0
ENSMUSG00000092753.1	0
ENSMUSG00000092758.1	0
ENSMUSG00000092759.1	0
ENSMUSG00000092760.1	0
ENSMUSG00000092761.1	0
ENSMUSG00000092762.2	0
ENSMUSG00000092763.1	0
ENSMUSG00000092764.1	0
ENSMUSG00000092765.3	0
ENSMUSG00000092767.1	0
ENSMUSG00000092770.1	0
ENSMUSG00000092774.1	0
ENSMUSG00000092776.1	0
ENSMUSG00000092777.1	0
ENSMUSG00000092781.1	0
ENSMUSG00000092784.1	0
ENSMUSG00000092787.1	0
ENSMUSG00000092790.1	0
ENSMUSG00000092792.1	0
ENSMUSG00000092793.1	0
ENSMUSG00000092794.1	0
ENSMUSG00000092795.2	0
ENSMUSG00000092796.1	0
ENSMUSG00000092799.1	0
ENSMUSG00000092802.1	0
ENSMUSG00000092805.2	0
ENSMUSG00000092806.2	0
ENSMUSG00000092807.1	0
ENSMUSG00000092811.1	0
ENSMUSG00000092812.1	0
ENSMUSG00000092813.1	0
ENSMUSG00000092814.1	0
ENSMUSG00000092815.1	0
ENSMUSG00000092816.1	0
ENSMUSG00000092818.2	0
ENSMUSG00000092819.1	514.017413679096
ENSMUSG00000092821.1	0
ENSMUSG00000092822.2	0
ENSMUSG00000092825.1	0
ENSMUSG00000092826.1	0
ENSMUSG00000092827.1	0
ENSMUSG00000092829.1	0
ENSMUSG00000092830.1	0
ENSMUSG00000092832.1	0
ENSMUSG00000092833.1	0
ENSMUSG00000092834.1	0
ENSMUSG00000092835.1	0
ENSMUSG00000092837.1	0
ENSMUSG00000092838.1	0
ENSMUSG00000092840.1	0
ENSMUSG00000092841.1	0
ENSMUSG00000092842.1	0
ENSMUSG00000092843.1	0
ENSMUSG00000092845.1	0
ENSMUSG00000092847.1	0
ENSMUSG00000092848.1	0
ENSMUSG00000092849.1	0
ENSMUSG00000092850.1	0
ENSMUSG00000092851.1	0
ENSMUSG00000092852.1	0
ENSMUSG00000092853.1	0
ENSMUSG00000092855.1	0
ENSMUSG00000092856.2	0
ENSMUSG00000092862.1	0
ENSMUSG00000092866.1	0
ENSMUSG00000092867.1	0
ENSMUSG00000092868.1	0
ENSMUSG00000092870.1	0
ENSMUSG00000092871.1	0
ENSMUSG00000092875.2	0
ENSMUSG00000092876.1	0
ENSMUSG00000092878.1	0
ENSMUSG00000092879.1	0
ENSMUSG00000092880.1	0
ENSMUSG00000092885.1	0
ENSMUSG00000092887.1	0
ENSMUSG00000092888.1	0
ENSMUSG00000092889.1	0
ENSMUSG00000092891.1	0
ENSMUSG00000092894.1	0
ENSMUSG00000092896.2	0
ENSMUSG00000092897.1	0
ENSMUSG00000092898.1	0
ENSMUSG00000092901.1	0
ENSMUSG00000092903.2	0
ENSMUSG00000092905.2	0
ENSMUSG00000092906.1	0
ENSMUSG00000092907.1	0
ENSMUSG00000092908.1	0
ENSMUSG00000092909.1	0
ENSMUSG00000092912.1	0
ENSMUSG00000092913.1	0
ENSMUSG00000092914.1	0
ENSMUSG00000092915.1	0
ENSMUSG00000092916.1	0
ENSMUSG00000092917.1	0
ENSMUSG00000092918.1	0
ENSMUSG00000092919.2	0
ENSMUSG00000092920.1	0
ENSMUSG00000092921.1	0
ENSMUSG00000092922.1	0
ENSMUSG00000092923.1	0
ENSMUSG00000092928.1	0
ENSMUSG00000092931.2	0
ENSMUSG00000092932.2	0
ENSMUSG00000092934.1	0
ENSMUSG00000092935.1	0
ENSMUSG00000092939.1	0
ENSMUSG00000092948.1	0
ENSMUSG00000092949.1	0
ENSMUSG00000092952.1	0
ENSMUSG00000092953.1	0
ENSMUSG00000092956.1	0
ENSMUSG00000092957.1	0
ENSMUSG00000092958.1	0
ENSMUSG00000092961.1	0
ENSMUSG00000092963.1	0
ENSMUSG00000092965.1	0
ENSMUSG00000092966.1	0
ENSMUSG00000092972.1	0
ENSMUSG00000092973.1	0
ENSMUSG00000092974.2	0
ENSMUSG00000092978.1	0
ENSMUSG00000092979.1	0
ENSMUSG00000092981.1	0
ENSMUSG00000092985.1	0
ENSMUSG00000092986.2	0
ENSMUSG00000092988.1	0
ENSMUSG00000092990.1	0
ENSMUSG00000092994.1	0
ENSMUSG00000092995.1	0
ENSMUSG00000092997.1	0
ENSMUSG00000092998.1	0
ENSMUSG00000092999.1	0
ENSMUSG00000093000.1	0
ENSMUSG00000093002.1	0
ENSMUSG00000093003.1	0
ENSMUSG00000093004.1	0
ENSMUSG00000093005.1	0
ENSMUSG00000093006.2	0
ENSMUSG00000093007.1	0
ENSMUSG00000093009.1	0
ENSMUSG00000093010.1	0
ENSMUSG00000093011.1	0
ENSMUSG00000093013.1	0
ENSMUSG00000093014.1	0
ENSMUSG00000093015.1	0
ENSMUSG00000093017.1	0
ENSMUSG00000093019.1	0
ENSMUSG00000093021.1	0
ENSMUSG00000093023.2	0
ENSMUSG00000093024.1	0
ENSMUSG00000093025.1	0
ENSMUSG00000093026.1	0
ENSMUSG00000093029.1	0
ENSMUSG00000093030.1	0
ENSMUSG00000093031.2	0
ENSMUSG00000093032.1	0
ENSMUSG00000093033.1	0
ENSMUSG00000093034.1	0
ENSMUSG00000093036.1	0
ENSMUSG00000093037.1	0
ENSMUSG00000093039.1	0
ENSMUSG00000093040.1	0
ENSMUSG00000093041.1	0
ENSMUSG00000093042.1	0
ENSMUSG00000093044.1	0
ENSMUSG00000093046.1	0
ENSMUSG00000093051.1	0
ENSMUSG00000093052.2	0
ENSMUSG00000093054.1	0
ENSMUSG00000093056.2	0
ENSMUSG00000093058.1	0
ENSMUSG00000093059.2	0
ENSMUSG00000093060.1	0
ENSMUSG00000093061.1	0
ENSMUSG00000093063.1	0
ENSMUSG00000093064.2	0
ENSMUSG00000093065.1	0
ENSMUSG00000093067.1	0
ENSMUSG00000093070.1	0
ENSMUSG00000093071.1	0
ENSMUSG00000093072.1	0
ENSMUSG00000093073.1	0
ENSMUSG00000093074.1	0
ENSMUSG00000093075.1	0
ENSMUSG00000093076.1	0
ENSMUSG00000093079.1	0
ENSMUSG00000093080.1	0
ENSMUSG00000093081.1	0
ENSMUSG00000093082.1	0
ENSMUSG00000093083.1	0
ENSMUSG00000093085.1	0
ENSMUSG00000093087.1	0
ENSMUSG00000093089.1	0
ENSMUSG00000093090.1	0
ENSMUSG00000093091.1	0
ENSMUSG00000093092.1	0
ENSMUSG00000093093.2	0
ENSMUSG00000093096.1	0
ENSMUSG00000093097.1	0
ENSMUSG00000093100.1	0
ENSMUSG00000093101.1	0
ENSMUSG00000093102.1	0
ENSMUSG00000093105.1	0
ENSMUSG00000093106.1	0
ENSMUSG00000093107.1	0
ENSMUSG00000093108.1	0
ENSMUSG00000093112.2	0
ENSMUSG00000093113.1	0
ENSMUSG00000093114.1	0
ENSMUSG00000093115.1	0
ENSMUSG00000093116.1	0
ENSMUSG00000093117.1	0
ENSMUSG00000093118.1	0
ENSMUSG00000093119.1	0
ENSMUSG00000093120.1	0
ENSMUSG00000093122.1	0
ENSMUSG00000093124.1	0
ENSMUSG00000093125.1	0
ENSMUSG00000093128.1	0
ENSMUSG00000093129.1	0
ENSMUSG00000093132.1	0
ENSMUSG00000093133.1	1357.75859953456
ENSMUSG00000093134.1	0
ENSMUSG00000093137.1	0
ENSMUSG00000093138.1	0
ENSMUSG00000093139.1	0
ENSMUSG00000093140.1	0
ENSMUSG00000093142.1	0
ENSMUSG00000093147.1	0
ENSMUSG00000093148.1	0
ENSMUSG00000093149.1	0
ENSMUSG00000093152.1	0
ENSMUSG00000093153.1	0
ENSMUSG00000093155.1	0
ENSMUSG00000093156.1	0
ENSMUSG00000093157.1	0
ENSMUSG00000093158.1	0
ENSMUSG00000093159.1	0
ENSMUSG00000093160.1	0
ENSMUSG00000093161.1	0
ENSMUSG00000093162.1	0
ENSMUSG00000093163.1	0
ENSMUSG00000093164.2	0
ENSMUSG00000093167.1	0
ENSMUSG00000093168.1	0
ENSMUSG00000093169.1	0
ENSMUSG00000093170.1	0
ENSMUSG00000093172.1	0
ENSMUSG00000093173.1	0
ENSMUSG00000093176.1	0
ENSMUSG00000093178.1	0
ENSMUSG00000093180.1	0
ENSMUSG00000093183.2	0
ENSMUSG00000093184.1	0
ENSMUSG00000093185.1	0
ENSMUSG00000093187.1	0
ENSMUSG00000093189.1	0
ENSMUSG00000093190.1	0
ENSMUSG00000093191.2	0
ENSMUSG00000093192.1	0
ENSMUSG00000093202.2	0
ENSMUSG00000093203.1	0
ENSMUSG00000093206.2	0
ENSMUSG00000093207.1	0
ENSMUSG00000093208.2	0
ENSMUSG00000093211.1	0
ENSMUSG00000093212.1	0
ENSMUSG00000093214.1	0
ENSMUSG00000093215.1	0
ENSMUSG00000093216.1	0
ENSMUSG00000093217.1	0
ENSMUSG00000093218.1	0
ENSMUSG00000093219.1	0
ENSMUSG00000093221.1	0
ENSMUSG00000093223.3	0
ENSMUSG00000093224.1	0
ENSMUSG00000093226.1	0
ENSMUSG00000093227.1	0
ENSMUSG00000093228.1	0
ENSMUSG00000093230.1	0
ENSMUSG00000093231.1	0
ENSMUSG00000093232.1	0
ENSMUSG00000093234.1	0
ENSMUSG00000093236.1	0
ENSMUSG00000093238.1	0
ENSMUSG00000093239.1	0
ENSMUSG00000093240.1	0
ENSMUSG00000093241.1	0
ENSMUSG00000093242.1	0
ENSMUSG00000093243.1	0
ENSMUSG00000093245.1	0
ENSMUSG00000093246.1	0
ENSMUSG00000093249.2	0
ENSMUSG00000093251.1	0
ENSMUSG00000093254.1	0
ENSMUSG00000093256.1	0
ENSMUSG00000093258.1	0
ENSMUSG00000093260.1	0
ENSMUSG00000093261.1	0
ENSMUSG00000093262.1	0
ENSMUSG00000093264.1	0
ENSMUSG00000093266.1	0
ENSMUSG00000093269.1	0
ENSMUSG00000093270.1	0
ENSMUSG00000093271.1	0
ENSMUSG00000093273.2	0
ENSMUSG00000093274.1	0
ENSMUSG00000093276.1	0
ENSMUSG00000093277.1	0
ENSMUSG00000093278.1	0
ENSMUSG00000093279.1	0
ENSMUSG00000093280.1	0
ENSMUSG00000093281.1	0
ENSMUSG00000093282.1	0
ENSMUSG00000093283.1	0
ENSMUSG00000093286.1	0
ENSMUSG00000093289.1	0
ENSMUSG00000093290.1	0
ENSMUSG00000093291.2	0
ENSMUSG00000093292.1	0
ENSMUSG00000093293.1	0
ENSMUSG00000093294.1	0
ENSMUSG00000093296.1	0
ENSMUSG00000093298.1	0
ENSMUSG00000093300.1	0
ENSMUSG00000093301.1	0
ENSMUSG00000093302.1	0
ENSMUSG00000093303.1	0
ENSMUSG00000093306.1	0
ENSMUSG00000093311.1	0
ENSMUSG00000093314.1	0
ENSMUSG00000093315.1	0
ENSMUSG00000093317.1	0
ENSMUSG00000093319.2	0
ENSMUSG00000093322.1	0
ENSMUSG00000093323.1	0
ENSMUSG00000093325.1	0
ENSMUSG00000093327.1	0
ENSMUSG00000093329.1	0
ENSMUSG00000093331.1	0
ENSMUSG00000093334.2	0
ENSMUSG00000093335.1	0
ENSMUSG00000093336.1	0
ENSMUSG00000093338.1	0
ENSMUSG00000093340.1	0
ENSMUSG00000093341.2	0
ENSMUSG00000093342.1	0
ENSMUSG00000093344.1	0
ENSMUSG00000093345.2	0
ENSMUSG00000093346.1	0
ENSMUSG00000093348.1	0
ENSMUSG00000093351.1	0
ENSMUSG00000093352.1	0
ENSMUSG00000093354.1	0
ENSMUSG00000093355.1	0
ENSMUSG00000093356.1	0
ENSMUSG00000093358.1	0
ENSMUSG00000093359.1	0
ENSMUSG00000093362.1	0
ENSMUSG00000093363.1	0
ENSMUSG00000093365.2	0
ENSMUSG00000093368.1	0
ENSMUSG00000093373.1	0
ENSMUSG00000093376.1	0
ENSMUSG00000093378.2	0
ENSMUSG00000093380.1	0
ENSMUSG00000093381.1	0
ENSMUSG00000093382.2	0
ENSMUSG00000093383.1	0
ENSMUSG00000093384.1	0
ENSMUSG00000093385.3	0
ENSMUSG00000093386.1	0
ENSMUSG00000093387.1	0
ENSMUSG00000093388.1	0
ENSMUSG00000093390.1	0
ENSMUSG00000093392.1	158.899833513282
ENSMUSG00000093394.1	22.9311827203609
ENSMUSG00000093395.1	0
ENSMUSG00000093397.1	0
ENSMUSG00000093398.1	0
ENSMUSG00000093400.1	0
ENSMUSG00000093401.2	0
ENSMUSG00000093402.1	4.2733029504186
ENSMUSG00000093403.1	0
ENSMUSG00000093404.1	0
ENSMUSG00000093405.1	0
ENSMUSG00000093406.1	0
ENSMUSG00000093408.1	0
ENSMUSG00000093409.1	0
ENSMUSG00000093410.1	0
ENSMUSG00000093413.1	0
ENSMUSG00000093416.1	0
ENSMUSG00000093419.1	0
ENSMUSG00000093420.1	0
ENSMUSG00000093421.1	0
ENSMUSG00000093424.3	0
ENSMUSG00000093426.1	0
ENSMUSG00000093427.1	0
ENSMUSG00000093428.1	0
ENSMUSG00000093429.1	0
ENSMUSG00000093433.1	0
ENSMUSG00000093434.3	0
ENSMUSG00000093436.6	153.583751507591
ENSMUSG00000093437.1	0
ENSMUSG00000093441.1	0
ENSMUSG00000093443.1	0
ENSMUSG00000093444.1	0
ENSMUSG00000093445.7	84.531490518339
ENSMUSG00000093446.1	0
ENSMUSG00000093447.1	0
ENSMUSG00000093449.1	0
ENSMUSG00000093452.4	298.407878046635
ENSMUSG00000093453.1	0
ENSMUSG00000093454.1	0
ENSMUSG00000093456.7	0
ENSMUSG00000093458.1	0
ENSMUSG00000093460.9	131.320184590651
ENSMUSG00000093461.1	0
ENSMUSG00000093465.1	0
ENSMUSG00000093467.1	0
ENSMUSG00000093469.1	0
ENSMUSG00000093472.1	0
ENSMUSG00000093473.1	0
ENSMUSG00000093474.1	0
ENSMUSG00000093476.1	0
ENSMUSG00000093479.1	0
ENSMUSG00000093480.1	0
ENSMUSG00000093482.8	0
ENSMUSG00000093483.1	9281.27573715084
ENSMUSG00000093484.1	0
ENSMUSG00000093485.1	0
ENSMUSG00000093487.2	0
ENSMUSG00000093489.1	0
ENSMUSG00000093490.2	0
ENSMUSG00000093492.1	0
ENSMUSG00000093493.1	0
ENSMUSG00000093495.1	0
ENSMUSG00000093497.1	0
ENSMUSG00000093498.1	0
ENSMUSG00000093499.1	0
ENSMUSG00000093502.2	0
ENSMUSG00000093503.1	0
ENSMUSG00000093504.2	0
ENSMUSG00000093505.1	0
ENSMUSG00000093507.1	0
ENSMUSG00000093508.1	0
ENSMUSG00000093509.1	0
ENSMUSG00000093510.1	0
ENSMUSG00000093513.1	0
ENSMUSG00000093515.1	0
ENSMUSG00000093516.1	0
ENSMUSG00000093518.1	0
ENSMUSG00000093519.3	0
ENSMUSG00000093520.2	0
ENSMUSG00000093522.1	0
ENSMUSG00000093525.1	0
ENSMUSG00000093528.1	0
ENSMUSG00000093529.1	0
ENSMUSG00000093530.1	0
ENSMUSG00000093531.3	0
ENSMUSG00000093533.3	0
ENSMUSG00000093534.1	0
ENSMUSG00000093535.1	0
ENSMUSG00000093536.7	691.093095243386
ENSMUSG00000093537.1	0
ENSMUSG00000093538.2	0
ENSMUSG00000093539.1	0
ENSMUSG00000093540.2	0
ENSMUSG00000093541.1	0
ENSMUSG00000093543.1	0
ENSMUSG00000093544.1	0
ENSMUSG00000093545.1	0
ENSMUSG00000093546.1	0
ENSMUSG00000093547.1	0
ENSMUSG00000093548.1	0
ENSMUSG00000093549.2	0
ENSMUSG00000093550.7	0
ENSMUSG00000093551.1	0
ENSMUSG00000093552.1	0
ENSMUSG00000093553.1	6.10960534305141
ENSMUSG00000093554.1	0
ENSMUSG00000093556.1	0
ENSMUSG00000093557.1	0
ENSMUSG00000093559.1	0
ENSMUSG00000093560.2	0
ENSMUSG00000093562.1	0
ENSMUSG00000093563.1	0
ENSMUSG00000093564.1	0
ENSMUSG00000093565.1	451.310842461931
ENSMUSG00000093567.1	0
ENSMUSG00000093568.1	0
ENSMUSG00000093570.3	0
ENSMUSG00000093571.1	0
ENSMUSG00000093572.1	0
ENSMUSG00000093573.1	0
ENSMUSG00000093574.1	0
ENSMUSG00000093575.1	0
ENSMUSG00000093577.1	35.8710376928203
ENSMUSG00000093579.1	46.1537880099848
ENSMUSG00000093580.1	0
ENSMUSG00000093581.1	0
ENSMUSG00000093584.1	0
ENSMUSG00000093587.3	12.1986734631645
ENSMUSG00000093588.1	0
ENSMUSG00000093589.1	0
ENSMUSG00000093590.1	0
ENSMUSG00000093592.1	0
ENSMUSG00000093593.1	372.936679800127
ENSMUSG00000093594.1	16.7148961797364
ENSMUSG00000093595.1	0
ENSMUSG00000093598.1	0
ENSMUSG00000093599.1	0
ENSMUSG00000093601.2	0
ENSMUSG00000093602.2	0
ENSMUSG00000093606.1	52.7324098410209
ENSMUSG00000093607.1	0
ENSMUSG00000093610.7	0
ENSMUSG00000093614.1	0
ENSMUSG00000093615.1	0
ENSMUSG00000093616.1	0
ENSMUSG00000093617.1	19.3202208154953
ENSMUSG00000093618.1	0
ENSMUSG00000093619.1	0
ENSMUSG00000093621.1	0
ENSMUSG00000093622.1	0
ENSMUSG00000093623.1	0
ENSMUSG00000093624.1	0
ENSMUSG00000093625.1	0
ENSMUSG00000093626.1	0
ENSMUSG00000093627.2	0
ENSMUSG00000093628.1	0
ENSMUSG00000093629.1	28.3520108053537
ENSMUSG00000093634.1	0
ENSMUSG00000093637.1	0
ENSMUSG00000093639.4	0
ENSMUSG00000093642.1	0
ENSMUSG00000093644.1	0
ENSMUSG00000093645.1	0
ENSMUSG00000093648.1	0
ENSMUSG00000093649.1	0
ENSMUSG00000093650.2	0
ENSMUSG00000093651.1	7.93320462058408
ENSMUSG00000093652.2	0
ENSMUSG00000093656.1	1.03588129498403
ENSMUSG00000093658.1	0
ENSMUSG00000093660.1	0
ENSMUSG00000093661.1	194.642497956945
ENSMUSG00000093662.2	0
ENSMUSG00000093663.1	0
ENSMUSG00000093664.2	0
ENSMUSG00000093665.2	0
ENSMUSG00000093666.2	0
ENSMUSG00000093668.3	0
ENSMUSG00000093669.1	0
ENSMUSG00000093671.1	0
ENSMUSG00000093672.2	0
ENSMUSG00000093673.1	14.8304655230141
ENSMUSG00000093674.7	39250.6498412505
ENSMUSG00000093675.7	0
ENSMUSG00000093677.1	121.254635693589
ENSMUSG00000093681.1	0
ENSMUSG00000093682.1	0
ENSMUSG00000093683.2	0
ENSMUSG00000093684.2	0
ENSMUSG00000093685.1	0
ENSMUSG00000093686.1	8.13735959815166
ENSMUSG00000093687.1	0
ENSMUSG00000093688.1	0
ENSMUSG00000093689.1	0
ENSMUSG00000093690.1	0
ENSMUSG00000093695.2	0
ENSMUSG00000093696.1	0
ENSMUSG00000093697.1	0
ENSMUSG00000093699.1	0
ENSMUSG00000093701.7	0
ENSMUSG00000093702.1	0
ENSMUSG00000093703.1	0
ENSMUSG00000093705.1	0
ENSMUSG00000093707.1	0
ENSMUSG00000093708.1	0
ENSMUSG00000093710.1	0
ENSMUSG00000093711.1	0
ENSMUSG00000093714.1	0
ENSMUSG00000093716.1	0
ENSMUSG00000093719.1	0
ENSMUSG00000093720.1	0
ENSMUSG00000093721.1	0
ENSMUSG00000093722.1	0
ENSMUSG00000093724.1	0
ENSMUSG00000093725.1	0
ENSMUSG00000093726.1	0
ENSMUSG00000093727.1	0
ENSMUSG00000093728.1	0
ENSMUSG00000093729.1	0
ENSMUSG00000093730.1	0
ENSMUSG00000093731.1	0
ENSMUSG00000093732.1	18.1796246527939
ENSMUSG00000093734.1	0
ENSMUSG00000093736.1	0
ENSMUSG00000093738.2	21.8453941009417
ENSMUSG00000093739.1	0
ENSMUSG00000093740.1	0
ENSMUSG00000093741.1	0
ENSMUSG00000093743.1	0
ENSMUSG00000093744.1	0
ENSMUSG00000093745.1	0
ENSMUSG00000093746.1	0
ENSMUSG00000093747.1	0
ENSMUSG00000093748.1	0
ENSMUSG00000093749.1	0
ENSMUSG00000093751.1	0
ENSMUSG00000093752.1	1052.13528968788
ENSMUSG00000093753.1	0
ENSMUSG00000093755.2	0
ENSMUSG00000093756.1	0
ENSMUSG00000093757.1	0
ENSMUSG00000093758.1	0
ENSMUSG00000093759.1	0
ENSMUSG00000093761.1	0
ENSMUSG00000093762.1	0
ENSMUSG00000093763.1	0
ENSMUSG00000093765.7	0
ENSMUSG00000093766.1	0
ENSMUSG00000093767.2	0
ENSMUSG00000093768.1	0
ENSMUSG00000093769.4	0
ENSMUSG00000093770.1	0
ENSMUSG00000093771.1	0
ENSMUSG00000093772.1	0
ENSMUSG00000093773.1	0
ENSMUSG00000093774.1	0
ENSMUSG00000093775.2	0
ENSMUSG00000093776.1	0
ENSMUSG00000093779.1	0
ENSMUSG00000093780.1	0
ENSMUSG00000093781.2	0
ENSMUSG00000093782.1	0
ENSMUSG00000093784.1	0
ENSMUSG00000093788.2	0
ENSMUSG00000093789.3	65.7382148926119
ENSMUSG00000093791.1	0
ENSMUSG00000093793.1	0
ENSMUSG00000093796.1	0
ENSMUSG00000093798.2	160.481886334402
ENSMUSG00000093800.2	0
ENSMUSG00000093801.2	0
ENSMUSG00000093802.1	0
ENSMUSG00000093803.3	1563.39500377319
ENSMUSG00000093804.3	0
ENSMUSG00000093805.7	0
ENSMUSG00000093806.1	0
ENSMUSG00000093807.1	0
ENSMUSG00000093812.1	0
ENSMUSG00000093813.5	0
ENSMUSG00000093814.1	0
ENSMUSG00000093815.1	0
ENSMUSG00000093816.1	0
ENSMUSG00000093817.7	0
ENSMUSG00000093818.1	0
ENSMUSG00000093820.1	0
ENSMUSG00000093822.1	0
ENSMUSG00000093823.1	0
ENSMUSG00000093824.1	0
ENSMUSG00000093825.2	0
ENSMUSG00000093826.1	8.18155520252954
ENSMUSG00000093827.1	0
ENSMUSG00000093829.1	0
ENSMUSG00000093830.1	0
ENSMUSG00000093831.1	0
ENSMUSG00000093833.1	0
ENSMUSG00000093834.1	0
ENSMUSG00000093835.1	0
ENSMUSG00000093838.1	0
ENSMUSG00000093839.2	0
ENSMUSG00000093843.1	0
ENSMUSG00000093846.1	0
ENSMUSG00000093847.2	0
ENSMUSG00000093848.2	0
ENSMUSG00000093849.1	0
ENSMUSG00000093851.1	0
ENSMUSG00000093852.1	0
ENSMUSG00000093853.1	0
ENSMUSG00000093854.1	0
ENSMUSG00000093856.1	0
ENSMUSG00000093858.1	0
ENSMUSG00000093859.2	0
ENSMUSG00000093860.1	0
ENSMUSG00000093861.2	0
ENSMUSG00000093862.2	0
ENSMUSG00000093863.1	0
ENSMUSG00000093864.1	0
ENSMUSG00000093865.7	0
ENSMUSG00000093866.3	0
ENSMUSG00000093867.7	0
ENSMUSG00000093868.2	0
ENSMUSG00000093869.1	0
ENSMUSG00000093870.1	0
ENSMUSG00000093871.1	0
ENSMUSG00000093873.1	0
ENSMUSG00000093874.1	0
ENSMUSG00000093875.1	0
ENSMUSG00000093876.1	0
ENSMUSG00000093877.4	0
ENSMUSG00000093878.1	0
ENSMUSG00000093879.1	0
ENSMUSG00000093880.3	0
ENSMUSG00000093883.1	0
ENSMUSG00000093884.2	0
ENSMUSG00000093885.2	0
ENSMUSG00000093886.1	0
ENSMUSG00000093887.8	0
ENSMUSG00000093889.1	0
ENSMUSG00000093890.1	0
ENSMUSG00000093891.1	0
ENSMUSG00000093892.1	0
ENSMUSG00000093893.1	0
ENSMUSG00000093894.1	0
ENSMUSG00000093895.7	0
ENSMUSG00000093896.2	0
ENSMUSG00000093897.1	0
ENSMUSG00000093898.2	0
ENSMUSG00000093899.1	0
ENSMUSG00000093900.1	0
ENSMUSG00000093901.3	0
ENSMUSG00000093902.1	0
ENSMUSG00000093903.6	0
ENSMUSG00000093904.2	8009.5182880381
ENSMUSG00000093905.1	0
ENSMUSG00000093906.5	0
ENSMUSG00000093907.1	0
ENSMUSG00000093908.2	20.2623112975163
ENSMUSG00000093909.2	0
ENSMUSG00000093910.2	36.8435906818137
ENSMUSG00000093912.1	0
ENSMUSG00000093913.1	0
ENSMUSG00000093914.1	0
ENSMUSG00000093915.2	0
ENSMUSG00000093916.2	0
ENSMUSG00000093917.1	0
ENSMUSG00000093918.7	0
ENSMUSG00000093919.1	0
ENSMUSG00000093920.2	0
ENSMUSG00000093921.1	0
ENSMUSG00000093922.1	0
ENSMUSG00000093923.7	0
ENSMUSG00000093924.1	0
ENSMUSG00000093926.1	0
ENSMUSG00000093927.2	0
ENSMUSG00000093928.1	0
ENSMUSG00000093929.1	0
ENSMUSG00000093930.2	1638.72812807246
ENSMUSG00000093931.2	0
ENSMUSG00000093932.1	0
ENSMUSG00000093933.1	0
ENSMUSG00000093934.2	0
ENSMUSG00000093935.1	0
ENSMUSG00000093937.1	0
ENSMUSG00000093938.2	0
ENSMUSG00000093939.1	0
ENSMUSG00000093940.1	0
ENSMUSG00000093941.1	0
ENSMUSG00000093942.3	0
ENSMUSG00000093943.1	0
ENSMUSG00000093944.1	0
ENSMUSG00000093945.1	0
ENSMUSG00000093946.1	0
ENSMUSG00000093947.1	0
ENSMUSG00000093948.7	0
ENSMUSG00000093949.2	0
ENSMUSG00000093950.2	0
ENSMUSG00000093952.1	0
ENSMUSG00000093953.2	0
ENSMUSG00000093954.8	0
ENSMUSG00000093955.2	0
ENSMUSG00000093956.1	0
ENSMUSG00000093957.1	0
ENSMUSG00000093958.1	0
ENSMUSG00000093959.1	0
ENSMUSG00000093960.1	0
ENSMUSG00000093961.1	0
ENSMUSG00000093962.7	0
ENSMUSG00000093963.1	0
ENSMUSG00000093964.1	0
ENSMUSG00000093965.1	0
ENSMUSG00000093966.2	0
ENSMUSG00000093967.1	0
ENSMUSG00000093968.1	0
ENSMUSG00000093969.2	0
ENSMUSG00000093970.1	0
ENSMUSG00000093971.1	0
ENSMUSG00000093973.1	0
ENSMUSG00000093974.1	0
ENSMUSG00000093975.1	0
ENSMUSG00000093976.2	0
ENSMUSG00000093977.1	0
ENSMUSG00000093978.1	0
ENSMUSG00000093979.8	174.940434610406
ENSMUSG00000093980.1	0
ENSMUSG00000093981.1	0
ENSMUSG00000093983.1	0
ENSMUSG00000093984.1	0
ENSMUSG00000093985.7	124.614001011668
ENSMUSG00000093986.1	0
ENSMUSG00000093987.7	0
ENSMUSG00000093988.1	0
ENSMUSG00000093989.1	27151.8144044336
ENSMUSG00000093990.1	0
ENSMUSG00000093992.1	0
ENSMUSG00000093993.7	0
ENSMUSG00000093994.1	0
ENSMUSG00000093995.1	0
ENSMUSG00000093996.2	0
ENSMUSG00000093997.1	0
ENSMUSG00000093998.1	0
ENSMUSG00000093999.1	0
ENSMUSG00000094001.1	0
ENSMUSG00000094002.3	786.463027138454
ENSMUSG00000094003.1	0
ENSMUSG00000094004.7	0
ENSMUSG00000094005.1	0
ENSMUSG00000094006.2	0
ENSMUSG00000094007.1	0
ENSMUSG00000094008.1	0
ENSMUSG00000094009.1	0
ENSMUSG00000094010.1	0
ENSMUSG00000094011.1	0
ENSMUSG00000094012.1	0
ENSMUSG00000094013.1	0
ENSMUSG00000094015.1	0
ENSMUSG00000094016.2	0
ENSMUSG00000094017.1	0
ENSMUSG00000094018.2	0
ENSMUSG00000094020.1	0
ENSMUSG00000094021.7	0
ENSMUSG00000094023.3	0
ENSMUSG00000094024.1	0
ENSMUSG00000094025.7	0
ENSMUSG00000094026.1	0
ENSMUSG00000094027.2	0
ENSMUSG00000094028.1	0
ENSMUSG00000094029.2	0
ENSMUSG00000094030.1	0
ENSMUSG00000094031.1	0
ENSMUSG00000094032.1	0
ENSMUSG00000094033.1	0
ENSMUSG00000094034.1	0
ENSMUSG00000094035.3	0
ENSMUSG00000094036.1	0
ENSMUSG00000094037.1	0
ENSMUSG00000094038.1	0
ENSMUSG00000094039.1	0
ENSMUSG00000094041.1	0
ENSMUSG00000094043.2	0
ENSMUSG00000094048.1	0
ENSMUSG00000094049.1	0
ENSMUSG00000094050.1	0
ENSMUSG00000094051.6	0
ENSMUSG00000094052.2	0
ENSMUSG00000094053.2	0
ENSMUSG00000094057.1	0
ENSMUSG00000094059.1	0
ENSMUSG00000094060.1	0
ENSMUSG00000094063.4	0
ENSMUSG00000094064.2	0
ENSMUSG00000094065.1	0
ENSMUSG00000094066.1	89.3047718490749
ENSMUSG00000094067.1	0
ENSMUSG00000094068.1	0
ENSMUSG00000094069.1	0
ENSMUSG00000094071.2	0
ENSMUSG00000094072.1	0
ENSMUSG00000094074.1	0
ENSMUSG00000094075.1	0
ENSMUSG00000094076.7	0
ENSMUSG00000094077.1	0
ENSMUSG00000094079.1	0
ENSMUSG00000094080.3	0
ENSMUSG00000094081.2	0
ENSMUSG00000094082.1	0
ENSMUSG00000094083.2	0
ENSMUSG00000094084.2	0
ENSMUSG00000094085.1	0
ENSMUSG00000094086.1	0
ENSMUSG00000094087.1	0
ENSMUSG00000094088.2	0
ENSMUSG00000094090.2	5.83572368456562
ENSMUSG00000094091.3	0
ENSMUSG00000094092.1	0
ENSMUSG00000094093.1	0
ENSMUSG00000094094.2	0
ENSMUSG00000094095.1	0
ENSMUSG00000094096.1	0
ENSMUSG00000094097.1	0
ENSMUSG00000094098.3	0
ENSMUSG00000094099.1	0
ENSMUSG00000094101.1	0
ENSMUSG00000094102.1	0
ENSMUSG00000094103.2	0
ENSMUSG00000094105.7	0
ENSMUSG00000094107.1	0
ENSMUSG00000094108.1	0
ENSMUSG00000094109.1	0
ENSMUSG00000094111.2	0
ENSMUSG00000094112.2	0
ENSMUSG00000094113.7	0
ENSMUSG00000094115.2	0
ENSMUSG00000094116.1	0
ENSMUSG00000094117.1	0
ENSMUSG00000094118.2	0
ENSMUSG00000094119.3	0
ENSMUSG00000094120.1	0
ENSMUSG00000094122.1	9.94816212582915
ENSMUSG00000094123.1	0
ENSMUSG00000094124.5	0
ENSMUSG00000094125.1	0
ENSMUSG00000094127.1	0
ENSMUSG00000094128.1	0
ENSMUSG00000094129.1	0
ENSMUSG00000094131.1	0
ENSMUSG00000094132.7	0
ENSMUSG00000094133.2	0
ENSMUSG00000094134.2	0
ENSMUSG00000094135.1	0
ENSMUSG00000094136.2	0
ENSMUSG00000094137.1	0
ENSMUSG00000094139.1	0
ENSMUSG00000094140.2	0
ENSMUSG00000094144.8	0
ENSMUSG00000094145.2	0
ENSMUSG00000094146.1	0
ENSMUSG00000094148.1	0
ENSMUSG00000094149.1	0
ENSMUSG00000094150.1	0
ENSMUSG00000094151.1	0
ENSMUSG00000094152.5	174.22178786549
ENSMUSG00000094153.2	0
ENSMUSG00000094154.1	0
ENSMUSG00000094156.2	0
ENSMUSG00000094157.7	0
ENSMUSG00000094158.1	0
ENSMUSG00000094159.1	0
ENSMUSG00000094160.2	0
ENSMUSG00000094161.1	0
ENSMUSG00000094162.1	0
ENSMUSG00000094163.1	0
ENSMUSG00000094164.2	0
ENSMUSG00000094165.1	0
ENSMUSG00000094167.1	0
ENSMUSG00000094168.1	0
ENSMUSG00000094173.1	0
ENSMUSG00000094174.2	0
ENSMUSG00000094175.1	0
ENSMUSG00000094176.6	0
ENSMUSG00000094177.1	0
ENSMUSG00000094178.1	0
ENSMUSG00000094179.1	0
ENSMUSG00000094180.1	0
ENSMUSG00000094181.7	0
ENSMUSG00000094182.2	0
ENSMUSG00000094183.1	0
ENSMUSG00000094184.1	0
ENSMUSG00000094185.2	0
ENSMUSG00000094186.2	0
ENSMUSG00000094187.1	0
ENSMUSG00000094188.1	0
ENSMUSG00000094189.1	0
ENSMUSG00000094190.1	0
ENSMUSG00000094191.1	0
ENSMUSG00000094192.5	0
ENSMUSG00000094194.2	0
ENSMUSG00000094195.2	0
ENSMUSG00000094196.2	0
ENSMUSG00000094197.1	0
ENSMUSG00000094198.2	0
ENSMUSG00000094199.1	0
ENSMUSG00000094200.2	0
ENSMUSG00000094201.1	0
ENSMUSG00000094202.1	0
ENSMUSG00000094204.1	0
ENSMUSG00000094205.7	0
ENSMUSG00000094208.1	0
ENSMUSG00000094210.1	0
ENSMUSG00000094212.3	0
ENSMUSG00000094213.1	0
ENSMUSG00000094214.1	0
ENSMUSG00000094215.2	0
ENSMUSG00000094217.2	0
ENSMUSG00000094218.1	0
ENSMUSG00000094219.1	0
ENSMUSG00000094220.5	0
ENSMUSG00000094221.1	0
ENSMUSG00000094222.1	0
ENSMUSG00000094226.3	0
ENSMUSG00000094227.1	0
ENSMUSG00000094229.1	0
ENSMUSG00000094230.5	0
ENSMUSG00000094231.2	0
ENSMUSG00000094232.2	0
ENSMUSG00000094233.2	0
ENSMUSG00000094235.1	0
ENSMUSG00000094236.1	0
ENSMUSG00000094237.2	0
ENSMUSG00000094238.1	0
ENSMUSG00000094239.1	0
ENSMUSG00000094240.1	0
ENSMUSG00000094241.2	0
ENSMUSG00000094242.2	4.45557860689233
ENSMUSG00000094243.1	0
ENSMUSG00000094244.1	0
ENSMUSG00000094245.1	0
ENSMUSG00000094247.1	0
ENSMUSG00000094248.1	0
ENSMUSG00000094249.2	0
ENSMUSG00000094250.1	0
ENSMUSG00000094251.1	0
ENSMUSG00000094253.1	0
ENSMUSG00000094254.2	0
ENSMUSG00000094255.1	0
ENSMUSG00000094256.2	45.706900535774
ENSMUSG00000094257.2	4.83788931171198
ENSMUSG00000094258.7	0
ENSMUSG00000094259.1	194.332535706185
ENSMUSG00000094261.1	0
ENSMUSG00000094262.2	0
ENSMUSG00000094263.1	0
ENSMUSG00000094264.2	0
ENSMUSG00000094265.1	0
ENSMUSG00000094266.1	0
ENSMUSG00000094267.1	0
ENSMUSG00000094268.1	0
ENSMUSG00000094269.2	0
ENSMUSG00000094270.1	0
ENSMUSG00000094271.1	0
ENSMUSG00000094273.1	0
ENSMUSG00000094274.1	0
ENSMUSG00000094275.1	0
ENSMUSG00000094276.1	0
ENSMUSG00000094277.2	0
ENSMUSG00000094278.1	0
ENSMUSG00000094280.1	0
ENSMUSG00000094281.1	0
ENSMUSG00000094282.1	0
ENSMUSG00000094283.1	0
ENSMUSG00000094284.1	0
ENSMUSG00000094285.2	0
ENSMUSG00000094286.1	0
ENSMUSG00000094287.1	0
ENSMUSG00000094288.1	0
ENSMUSG00000094290.2	0
ENSMUSG00000094292.1	0
ENSMUSG00000094293.1	0
ENSMUSG00000094294.2	0
ENSMUSG00000094295.3	0
ENSMUSG00000094296.1	0
ENSMUSG00000094297.1	0
ENSMUSG00000094298.1	0
ENSMUSG00000094301.1	0
ENSMUSG00000094304.1	0
ENSMUSG00000094305.1	0
ENSMUSG00000094306.1	1985.07968489479
ENSMUSG00000094307.1	0
ENSMUSG00000094308.1	0
ENSMUSG00000094310.1	0
ENSMUSG00000094311.1	0
ENSMUSG00000094312.1	0
ENSMUSG00000094314.3	0
ENSMUSG00000094315.2	0
ENSMUSG00000094316.1	0
ENSMUSG00000094317.1	0
ENSMUSG00000094318.1	0
ENSMUSG00000094319.2	0
ENSMUSG00000094320.1	70.5948935785015
ENSMUSG00000094321.1	0
ENSMUSG00000094322.2	0
ENSMUSG00000094323.1	0
ENSMUSG00000094325.7	0
ENSMUSG00000094326.1	0
ENSMUSG00000094327.1	0
ENSMUSG00000094328.2	0
ENSMUSG00000094330.1	0
ENSMUSG00000094334.2	0
ENSMUSG00000094335.2	0
ENSMUSG00000094336.1	0
ENSMUSG00000094338.1	505.159222525078
ENSMUSG00000094342.3	0
ENSMUSG00000094344.1	200.661558491875
ENSMUSG00000094345.2	0
ENSMUSG00000094347.2	0
ENSMUSG00000094349.1	0
ENSMUSG00000094353.2	0
ENSMUSG00000094354.1	0
ENSMUSG00000094356.2	0
ENSMUSG00000094357.1	0
ENSMUSG00000094358.1	0
ENSMUSG00000094359.1	0
ENSMUSG00000094360.1	0
ENSMUSG00000094362.2	0
ENSMUSG00000094363.1	0
ENSMUSG00000094364.1	0
ENSMUSG00000094365.1	0
ENSMUSG00000094366.1	0
ENSMUSG00000094367.1	0
ENSMUSG00000094369.1	0
ENSMUSG00000094370.7	59.7785500039611
ENSMUSG00000094371.1	0
ENSMUSG00000094372.1	0
ENSMUSG00000094374.2	0
ENSMUSG00000094377.1	0
ENSMUSG00000094378.7	0
ENSMUSG00000094379.2	0
ENSMUSG00000094380.3	0
ENSMUSG00000094381.1	0
ENSMUSG00000094382.1	0
ENSMUSG00000094384.1	0
ENSMUSG00000094385.1	0
ENSMUSG00000094386.1	0
ENSMUSG00000094388.1	14.8954480430104
ENSMUSG00000094389.1	0
ENSMUSG00000094390.1	0
ENSMUSG00000094391.1	0
ENSMUSG00000094392.1	875.096063254887
ENSMUSG00000094394.1	0
ENSMUSG00000094396.3	0
ENSMUSG00000094399.7	0
ENSMUSG00000094400.1	0
ENSMUSG00000094401.1	0
ENSMUSG00000094402.1	0
ENSMUSG00000094403.1	0
ENSMUSG00000094404.1	0
ENSMUSG00000094405.1	0
ENSMUSG00000094406.1	0
ENSMUSG00000094407.1	0
ENSMUSG00000094408.1	0
ENSMUSG00000094409.1	0
ENSMUSG00000094410.8	6.48252136078226
ENSMUSG00000094411.1	0
ENSMUSG00000094412.1	0
ENSMUSG00000094413.5	0
ENSMUSG00000094416.1	0
ENSMUSG00000094417.1	81.7484783291032
ENSMUSG00000094419.1	0
ENSMUSG00000094420.2	0
ENSMUSG00000094421.2	0
ENSMUSG00000094422.3	0
ENSMUSG00000094423.1	0
ENSMUSG00000094424.1	0
ENSMUSG00000094426.3	0
ENSMUSG00000094427.1	0
ENSMUSG00000094428.1	0
ENSMUSG00000094429.2	0
ENSMUSG00000094430.2	0
ENSMUSG00000094432.1	0
ENSMUSG00000094433.2	0
ENSMUSG00000094435.1	0
ENSMUSG00000094436.1	0
ENSMUSG00000094437.2	105.199084247244
ENSMUSG00000094438.1	0
ENSMUSG00000094439.1	0
ENSMUSG00000094440.1	0
ENSMUSG00000094441.2	49.0419520291281
ENSMUSG00000094442.1	0
ENSMUSG00000094443.2	0
ENSMUSG00000094444.2	0
ENSMUSG00000094445.7	0
ENSMUSG00000094446.1	256.286158646506
ENSMUSG00000094447.2	0
ENSMUSG00000094449.3	0
ENSMUSG00000094452.1	0
ENSMUSG00000094454.1	0
ENSMUSG00000094455.1	0
ENSMUSG00000094456.1	0
ENSMUSG00000094457.1	0
ENSMUSG00000094458.1	0
ENSMUSG00000094460.7	0
ENSMUSG00000094461.1	0
ENSMUSG00000094462.1	0
ENSMUSG00000094463.2	1.45773707801467
ENSMUSG00000094464.2	0
ENSMUSG00000094465.1	0
ENSMUSG00000094466.1	0
ENSMUSG00000094467.1	0
ENSMUSG00000094468.5	0
ENSMUSG00000094470.1	0
ENSMUSG00000094471.1	0
ENSMUSG00000094472.1	0
ENSMUSG00000094473.1	0
ENSMUSG00000094475.7	0
ENSMUSG00000094476.1	0
ENSMUSG00000094477.1	0
ENSMUSG00000094478.1	0
ENSMUSG00000094481.1	0
ENSMUSG00000094482.1	0
ENSMUSG00000094483.2	1358.3878563
ENSMUSG00000094484.2	0
ENSMUSG00000094485.1	0
ENSMUSG00000094486.1	0
ENSMUSG00000094487.1	0
ENSMUSG00000094488.2	0
ENSMUSG00000094489.1	0
ENSMUSG00000094491.2	0
ENSMUSG00000094493.2	0
ENSMUSG00000094494.1	0
ENSMUSG00000094496.2	0
ENSMUSG00000094497.1	16109.8020501039
ENSMUSG00000094498.1	0
ENSMUSG00000094499.3	0
ENSMUSG00000094500.2	2070.87827212989
ENSMUSG00000094501.3	0
ENSMUSG00000094502.5	0
ENSMUSG00000094504.3	0
ENSMUSG00000094505.2	0
ENSMUSG00000094506.1	0
ENSMUSG00000094507.1	0
ENSMUSG00000094508.1	0
ENSMUSG00000094509.1	0
ENSMUSG00000094510.1	0
ENSMUSG00000094511.7	0
ENSMUSG00000094513.1	0
ENSMUSG00000094515.1	0
ENSMUSG00000094516.1	0
ENSMUSG00000094520.4	0
ENSMUSG00000094521.1	0
ENSMUSG00000094522.1	0
ENSMUSG00000094523.1	0
ENSMUSG00000094524.1	0
ENSMUSG00000094525.2	0
ENSMUSG00000094526.1	0
ENSMUSG00000094527.1	0
ENSMUSG00000094528.1	0
ENSMUSG00000094529.2	0
ENSMUSG00000094530.2	6.6386104974304
ENSMUSG00000094531.3	0
ENSMUSG00000094532.1	0
ENSMUSG00000094533.1	0
ENSMUSG00000094534.1	0
ENSMUSG00000094535.2	0
ENSMUSG00000094537.1	0
ENSMUSG00000094538.1	0
ENSMUSG00000094539.3	0
ENSMUSG00000094540.1	0
ENSMUSG00000094541.1	0
ENSMUSG00000094542.1	0
ENSMUSG00000094543.1	0
ENSMUSG00000094545.1	0
ENSMUSG00000094546.1	0
ENSMUSG00000094548.1	0
ENSMUSG00000094550.1	0
ENSMUSG00000094551.1	0
ENSMUSG00000094552.1	0
ENSMUSG00000094553.3	0
ENSMUSG00000094554.1	0
ENSMUSG00000094555.1	0
ENSMUSG00000094556.2	0
ENSMUSG00000094557.1	0
ENSMUSG00000094558.1	0
ENSMUSG00000094559.2	0
ENSMUSG00000094560.1	0
ENSMUSG00000094561.1	0
ENSMUSG00000094562.5	0
ENSMUSG00000094563.1	0
ENSMUSG00000094565.1	0
ENSMUSG00000094566.1	0
ENSMUSG00000094567.1	0
ENSMUSG00000094568.1	35.2904085768304
ENSMUSG00000094569.1	0
ENSMUSG00000094570.7	0
ENSMUSG00000094571.1	0
ENSMUSG00000094572.1	0
ENSMUSG00000094573.1	0
ENSMUSG00000094574.1	194.332535706185
ENSMUSG00000094575.2	0
ENSMUSG00000094577.7	0
ENSMUSG00000094578.8	0
ENSMUSG00000094579.1	0
ENSMUSG00000094581.1	0
ENSMUSG00000094582.1	0
ENSMUSG00000094584.2	0
ENSMUSG00000094585.1	0
ENSMUSG00000094586.4	0
ENSMUSG00000094587.1	0
ENSMUSG00000094588.2	0
ENSMUSG00000094589.1	0
ENSMUSG00000094590.2	0
ENSMUSG00000094592.1	0
ENSMUSG00000094593.1	0
ENSMUSG00000094594.2	0
ENSMUSG00000094595.1	56.0149322367987
ENSMUSG00000094596.1	0
ENSMUSG00000094597.2	0
ENSMUSG00000094598.1	0
ENSMUSG00000094599.1	0
ENSMUSG00000094601.2	0
ENSMUSG00000094602.2	0
ENSMUSG00000094603.1	0
ENSMUSG00000094604.1	0
ENSMUSG00000094605.1	0
ENSMUSG00000094606.8	0
ENSMUSG00000094607.2	0
ENSMUSG00000094608.1	0
ENSMUSG00000094609.1	0
ENSMUSG00000094610.1	0
ENSMUSG00000094612.3	0
ENSMUSG00000094613.2	0
ENSMUSG00000094615.2	0
ENSMUSG00000094616.7	0
ENSMUSG00000094618.1	0
ENSMUSG00000094619.2	0
ENSMUSG00000094622.2	60.7353723541082
ENSMUSG00000094623.2	0
ENSMUSG00000094624.1	0
ENSMUSG00000094625.1	0
ENSMUSG00000094626.1	387.473132192323
ENSMUSG00000094627.2	856.202692076024
ENSMUSG00000094628.7	36.8643463858471
ENSMUSG00000094630.1	0
ENSMUSG00000094631.1	0
ENSMUSG00000094632.3	0
ENSMUSG00000094634.8	0
ENSMUSG00000094635.2	0
ENSMUSG00000094636.1	0
ENSMUSG00000094637.2	0
ENSMUSG00000094638.1	95.7056437034641
ENSMUSG00000094639.1	0
ENSMUSG00000094641.1	0
ENSMUSG00000094642.1	0
ENSMUSG00000094643.1	0
ENSMUSG00000094647.7	0
ENSMUSG00000094648.1	0
ENSMUSG00000094649.1	0
ENSMUSG00000094650.1	0
ENSMUSG00000094651.2	0
ENSMUSG00000094652.2	0
ENSMUSG00000094654.1	0
ENSMUSG00000094655.1	0
ENSMUSG00000094656.1	0
ENSMUSG00000094657.1	0
ENSMUSG00000094658.7	0
ENSMUSG00000094659.1	0
ENSMUSG00000094660.2	0
ENSMUSG00000094662.2	0
ENSMUSG00000094663.1	0
ENSMUSG00000094664.1	0
ENSMUSG00000094665.1	0
ENSMUSG00000094667.1	0
ENSMUSG00000094668.1	0
ENSMUSG00000094669.3	0
ENSMUSG00000094670.1	0
ENSMUSG00000094672.2	0
ENSMUSG00000094673.4	0
ENSMUSG00000094675.1	0
ENSMUSG00000094676.3	0
ENSMUSG00000094677.1	0
ENSMUSG00000094678.5	0
ENSMUSG00000094679.2	0
ENSMUSG00000094680.1	0
ENSMUSG00000094681.1	0
ENSMUSG00000094682.2	0
ENSMUSG00000094683.2	0
ENSMUSG00000094684.1	0
ENSMUSG00000094685.2	253.586387754499
ENSMUSG00000094686.1	0
ENSMUSG00000094687.1	0
ENSMUSG00000094688.1	0
ENSMUSG00000094689.1	0
ENSMUSG00000094690.2	0
ENSMUSG00000094691.1	0
ENSMUSG00000094692.2	0
ENSMUSG00000094693.1	0
ENSMUSG00000094694.6	0
ENSMUSG00000094695.2	0
ENSMUSG00000094696.1	0
ENSMUSG00000094698.1	0
ENSMUSG00000094699.2	0
ENSMUSG00000094700.1	0
ENSMUSG00000094701.3	0
ENSMUSG00000094702.1	0
ENSMUSG00000094703.1	0
ENSMUSG00000094704.1	0
ENSMUSG00000094706.7	0
ENSMUSG00000094707.2	0
ENSMUSG00000094708.1	0
ENSMUSG00000094709.1	0
ENSMUSG00000094710.1	0
ENSMUSG00000094712.1	0
ENSMUSG00000094713.1	0
ENSMUSG00000094714.7	0
ENSMUSG00000094715.3	0
ENSMUSG00000094717.1	0
ENSMUSG00000094718.1	0
ENSMUSG00000094719.4	0
ENSMUSG00000094720.1	0
ENSMUSG00000094721.3	0
ENSMUSG00000094723.1	0
ENSMUSG00000094724.8	1569.3176829336
ENSMUSG00000094725.1	0
ENSMUSG00000094726.1	0
ENSMUSG00000094729.2	0
ENSMUSG00000094730.1	0
ENSMUSG00000094732.2	0
ENSMUSG00000094733.1	0
ENSMUSG00000094734.2	0
ENSMUSG00000094735.1	0
ENSMUSG00000094736.2	0
ENSMUSG00000094737.1	0
ENSMUSG00000094738.1	0
ENSMUSG00000094739.2	0
ENSMUSG00000094743.2	0
ENSMUSG00000094745.3	0
ENSMUSG00000094746.7	0
ENSMUSG00000094747.3	0
ENSMUSG00000094748.1	0
ENSMUSG00000094750.1	0
ENSMUSG00000094751.1	0
ENSMUSG00000094752.1	0
ENSMUSG00000094753.1	0
ENSMUSG00000094754.1	0
ENSMUSG00000094755.1	0
ENSMUSG00000094757.1	0
ENSMUSG00000094758.2	0
ENSMUSG00000094759.7	0
ENSMUSG00000094760.1	0
ENSMUSG00000094762.1	0
ENSMUSG00000094763.3	0
ENSMUSG00000094764.2	0
ENSMUSG00000094765.1	0
ENSMUSG00000094766.3	0
ENSMUSG00000094767.1	0
ENSMUSG00000094768.1	0
ENSMUSG00000094771.1	0
ENSMUSG00000094772.2	185.056577486773
ENSMUSG00000094773.2	0
ENSMUSG00000094775.1	0
ENSMUSG00000094777.2	0
ENSMUSG00000094778.3	0
ENSMUSG00000094779.2	0
ENSMUSG00000094780.1	0
ENSMUSG00000094782.7	0
ENSMUSG00000094784.1	0
ENSMUSG00000094785.1	0
ENSMUSG00000094786.1	0
ENSMUSG00000094787.2	0
ENSMUSG00000094789.7	0
ENSMUSG00000094790.2	0
ENSMUSG00000094792.3	0
ENSMUSG00000094793.1	0
ENSMUSG00000094794.1	0
ENSMUSG00000094796.2	0
ENSMUSG00000094797.1	0
ENSMUSG00000094800.8	0
ENSMUSG00000094801.1	0
ENSMUSG00000094802.7	0
ENSMUSG00000094803.1	0
ENSMUSG00000094804.1	0
ENSMUSG00000094805.2	0
ENSMUSG00000094806.2	0
ENSMUSG00000094807.2	0
ENSMUSG00000094808.2	0
ENSMUSG00000094810.3	0
ENSMUSG00000094811.7	0
ENSMUSG00000094812.1	0
ENSMUSG00000094813.2	0
ENSMUSG00000094814.1	0
ENSMUSG00000094815.1	0
ENSMUSG00000094817.8	0
ENSMUSG00000094818.1	0
ENSMUSG00000094819.3	0
ENSMUSG00000094820.1	0
ENSMUSG00000094821.7	0
ENSMUSG00000094822.2	0
ENSMUSG00000094823.1	0
ENSMUSG00000094824.1	0
ENSMUSG00000094825.8	106.675860392117
ENSMUSG00000094826.1	0
ENSMUSG00000094827.3	0
ENSMUSG00000094828.5	0
ENSMUSG00000094829.2	0
ENSMUSG00000094830.1	69.1024804295378
ENSMUSG00000094831.1	0
ENSMUSG00000094832.1	0
ENSMUSG00000094833.1	0
ENSMUSG00000094834.1	0
ENSMUSG00000094837.1	0
ENSMUSG00000094838.2	0
ENSMUSG00000094840.5	13.6618101453864
ENSMUSG00000094841.2	0
ENSMUSG00000094842.1	0
ENSMUSG00000094843.2	0
ENSMUSG00000094845.2	0
ENSMUSG00000094846.4	0
ENSMUSG00000094847.1	0
ENSMUSG00000094848.1	0
ENSMUSG00000094849.1	0
ENSMUSG00000094850.1	0
ENSMUSG00000094852.3	0
ENSMUSG00000094854.3	0
ENSMUSG00000094856.1	0
ENSMUSG00000094858.3	0
ENSMUSG00000094860.1	0
ENSMUSG00000094861.1	0
ENSMUSG00000094862.2	0
ENSMUSG00000094864.2	0
ENSMUSG00000094865.2	0
ENSMUSG00000094866.1	0
ENSMUSG00000094868.1	0
ENSMUSG00000094870.8	167.009664493452
ENSMUSG00000094872.1	0
ENSMUSG00000094873.1	2.60392011443332
ENSMUSG00000094875.1	0
ENSMUSG00000094876.1	0
ENSMUSG00000094877.2	0
ENSMUSG00000094878.2	0
ENSMUSG00000094879.1	0
ENSMUSG00000094880.1	0
ENSMUSG00000094881.3	0
ENSMUSG00000094883.1	0
ENSMUSG00000094884.3	0
ENSMUSG00000094885.7	0
ENSMUSG00000094886.2	0
ENSMUSG00000094888.1	0
ENSMUSG00000094889.1	0
ENSMUSG00000094890.1	0
ENSMUSG00000094891.2	0
ENSMUSG00000094892.2	0
ENSMUSG00000094893.2	0
ENSMUSG00000094894.1	0
ENSMUSG00000094895.1	0
ENSMUSG00000094896.1	0
ENSMUSG00000094897.1	0
ENSMUSG00000094898.2	0
ENSMUSG00000094901.1	0
ENSMUSG00000094902.2	0
ENSMUSG00000094903.1	0
ENSMUSG00000094904.1	0
ENSMUSG00000094905.1	0
ENSMUSG00000094906.1	0
ENSMUSG00000094910.1	961.212571694922
ENSMUSG00000094911.1	0
ENSMUSG00000094912.1	0
ENSMUSG00000094913.3	0
ENSMUSG00000094914.5	0
ENSMUSG00000094916.1	0
ENSMUSG00000094917.1	0
ENSMUSG00000094918.3	0
ENSMUSG00000094919.1	0
ENSMUSG00000094920.2	0
ENSMUSG00000094921.2	0
ENSMUSG00000094922.1	0
ENSMUSG00000094923.1	0
ENSMUSG00000094925.7	0
ENSMUSG00000094926.1	0
ENSMUSG00000094927.1	0
ENSMUSG00000094928.1	0
ENSMUSG00000094929.1	0
ENSMUSG00000094930.2	0
ENSMUSG00000094931.1	0
ENSMUSG00000094932.7	0
ENSMUSG00000094933.1	0
ENSMUSG00000094934.1	0
ENSMUSG00000094935.2	11.3190997859237
ENSMUSG00000094936.8	790.693258101555
ENSMUSG00000094937.1	0
ENSMUSG00000094938.1	0
ENSMUSG00000094939.1	0
ENSMUSG00000094940.1	0
ENSMUSG00000094941.1	0
ENSMUSG00000094942.7	8.2180415454093
ENSMUSG00000094943.1	0
ENSMUSG00000094945.3	0
ENSMUSG00000094946.1	0
ENSMUSG00000094948.2	0
ENSMUSG00000094950.2	0
ENSMUSG00000094951.1	0
ENSMUSG00000094952.1	0
ENSMUSG00000094954.1	0
ENSMUSG00000094955.2	0
ENSMUSG00000094956.1	0
ENSMUSG00000094957.1	0
ENSMUSG00000094958.1	0
ENSMUSG00000094959.1	0
ENSMUSG00000094960.1	0
ENSMUSG00000094962.1	0
ENSMUSG00000094963.1	0
ENSMUSG00000094964.1	0
ENSMUSG00000094965.1	0
ENSMUSG00000094966.2	0
ENSMUSG00000094967.1	0
ENSMUSG00000094968.1	0
ENSMUSG00000094969.1	0
ENSMUSG00000094970.3	0
ENSMUSG00000094971.1	0
ENSMUSG00000094972.1	0
ENSMUSG00000094973.2	2.2053793854071
ENSMUSG00000094974.1	0
ENSMUSG00000094975.1	0
ENSMUSG00000094976.1	0
ENSMUSG00000094977.1	0
ENSMUSG00000094978.2	0
ENSMUSG00000094979.1	0
ENSMUSG00000094980.1	0
ENSMUSG00000094981.1	0
ENSMUSG00000094982.1	0
ENSMUSG00000094983.1	0
ENSMUSG00000094985.2	0
ENSMUSG00000094986.3	0
ENSMUSG00000094987.1	0
ENSMUSG00000094989.1	16.6143324528257
ENSMUSG00000094991.2	0
ENSMUSG00000094992.1	0
ENSMUSG00000094993.2	0
ENSMUSG00000094994.1	0
ENSMUSG00000094995.2	0
ENSMUSG00000094997.1	0
ENSMUSG00000094998.1	0
ENSMUSG00000094999.2	0
ENSMUSG00000095000.1	0
ENSMUSG00000095002.3	0
ENSMUSG00000095003.1	0
ENSMUSG00000095005.1	0
ENSMUSG00000095006.1	0
ENSMUSG00000095007.1	0
ENSMUSG00000095008.1	0
ENSMUSG00000095009.1	0
ENSMUSG00000095010.1	0
ENSMUSG00000095011.7	0
ENSMUSG00000095015.7	0
ENSMUSG00000095016.1	0
ENSMUSG00000095017.1	0
ENSMUSG00000095020.1	0
ENSMUSG00000095021.1	0
ENSMUSG00000095022.8	0
ENSMUSG00000095023.1	0
ENSMUSG00000095024.8	0
ENSMUSG00000095025.1	0
ENSMUSG00000095026.2	0
ENSMUSG00000095027.1	0
ENSMUSG00000095028.6	0
ENSMUSG00000095029.1	0
ENSMUSG00000095030.2	0
ENSMUSG00000095031.1	0
ENSMUSG00000095032.2	0
ENSMUSG00000095033.1	0
ENSMUSG00000095034.2	0
ENSMUSG00000095035.1	0
ENSMUSG00000095037.1	0
ENSMUSG00000095040.2	0
ENSMUSG00000095042.1	0
ENSMUSG00000095044.7	0
ENSMUSG00000095045.1	0
ENSMUSG00000095047.1	0
ENSMUSG00000095048.7	0
ENSMUSG00000095049.2	0
ENSMUSG00000095051.1	0
ENSMUSG00000095052.1	0
ENSMUSG00000095053.1	0
ENSMUSG00000095054.1	0
ENSMUSG00000095056.7	0
ENSMUSG00000095057.1	0
ENSMUSG00000095059.1	0
ENSMUSG00000095060.1	0
ENSMUSG00000095061.1	0
ENSMUSG00000095063.1	0
ENSMUSG00000095064.1	0
ENSMUSG00000095065.1	0
ENSMUSG00000095066.1	0
ENSMUSG00000095068.1	0
ENSMUSG00000095069.1	0
ENSMUSG00000095070.1	0
ENSMUSG00000095071.2	0
ENSMUSG00000095072.1	0
ENSMUSG00000095073.1	0
ENSMUSG00000095074.4	0
ENSMUSG00000095075.2	0
ENSMUSG00000095078.2	0
ENSMUSG00000095079.6	0
ENSMUSG00000095081.1	0
ENSMUSG00000095082.1	0
ENSMUSG00000095085.1	0
ENSMUSG00000095086.1	0
ENSMUSG00000095087.1	0
ENSMUSG00000095088.3	0
ENSMUSG00000095089.1	0
ENSMUSG00000095091.1	0
ENSMUSG00000095093.2	0
ENSMUSG00000095094.1	0
ENSMUSG00000095095.2	0
ENSMUSG00000095096.1	0
ENSMUSG00000095097.1	0
ENSMUSG00000095098.2	1485.72166604126
ENSMUSG00000095100.1	0
ENSMUSG00000095101.2	0
ENSMUSG00000095102.1	0
ENSMUSG00000095103.2	0
ENSMUSG00000095104.2	0
ENSMUSG00000095105.2	6.61776115864196
ENSMUSG00000095107.1	0
ENSMUSG00000095108.2	0
ENSMUSG00000095110.1	0
ENSMUSG00000095111.1	0
ENSMUSG00000095112.1	0
ENSMUSG00000095113.1	0
ENSMUSG00000095115.2	0
ENSMUSG00000095116.1	0
ENSMUSG00000095117.2	0
ENSMUSG00000095118.1	0
ENSMUSG00000095119.1	0
ENSMUSG00000095121.1	0
ENSMUSG00000095122.1	0
ENSMUSG00000095123.1	12.5811402259092
ENSMUSG00000095125.2	0
ENSMUSG00000095126.3	0
ENSMUSG00000095127.2	0
ENSMUSG00000095128.2	0
ENSMUSG00000095129.1	0
ENSMUSG00000095130.1	0
ENSMUSG00000095131.1	0
ENSMUSG00000095132.1	0
ENSMUSG00000095133.1	0
ENSMUSG00000095134.2	1.41550780349259
ENSMUSG00000095135.7	0
ENSMUSG00000095136.1	0
ENSMUSG00000095137.1	0
ENSMUSG00000095138.3	0
ENSMUSG00000095139.2	39.623169596698
ENSMUSG00000095140.1	0
ENSMUSG00000095141.7	0
ENSMUSG00000095142.1	0
ENSMUSG00000095143.5	0
ENSMUSG00000095146.2	0
ENSMUSG00000095147.1	0
ENSMUSG00000095148.2	0
ENSMUSG00000095149.1	0
ENSMUSG00000095150.3	0
ENSMUSG00000095151.1	0
ENSMUSG00000095152.1	0
ENSMUSG00000095153.7	0
ENSMUSG00000095154.1	0
ENSMUSG00000095155.1	0
ENSMUSG00000095156.2	0
ENSMUSG00000095159.2	3.55112929639647
ENSMUSG00000095160.1	0
ENSMUSG00000095163.1	0
ENSMUSG00000095165.1	0
ENSMUSG00000095168.1	1.79550885102131
ENSMUSG00000095169.1	0
ENSMUSG00000095170.2	0
ENSMUSG00000095171.1	0
ENSMUSG00000095172.2	0
ENSMUSG00000095174.1	0
ENSMUSG00000095175.1	0
ENSMUSG00000095176.1	0
ENSMUSG00000095178.1	0
ENSMUSG00000095179.2	0
ENSMUSG00000095180.8	0
ENSMUSG00000095182.1	0
ENSMUSG00000095183.1	0
ENSMUSG00000095184.1	0
ENSMUSG00000095185.1	0
ENSMUSG00000095186.1	0
ENSMUSG00000095187.2	0
ENSMUSG00000095188.1	0
ENSMUSG00000095189.2	0
ENSMUSG00000095190.3	0
ENSMUSG00000095191.1	0
ENSMUSG00000095192.2	0
ENSMUSG00000095193.2	15.7088843716094
ENSMUSG00000095194.2	0
ENSMUSG00000095195.7	0
ENSMUSG00000095196.1	0
ENSMUSG00000095197.6	0
ENSMUSG00000095198.1	0
ENSMUSG00000095199.8	272.688439590756
ENSMUSG00000095200.2	0
ENSMUSG00000095201.2	0
ENSMUSG00000095202.2	0
ENSMUSG00000095203.1	0
ENSMUSG00000095204.6	0
ENSMUSG00000095205.1	0
ENSMUSG00000095209.1	0
ENSMUSG00000095210.2	0
ENSMUSG00000095212.4	0
ENSMUSG00000095213.2	0
ENSMUSG00000095214.1	0
ENSMUSG00000095217.1	0
ENSMUSG00000095218.3	0
ENSMUSG00000095220.1	0
ENSMUSG00000095221.1	0
ENSMUSG00000095222.1	0
ENSMUSG00000095226.1	0
ENSMUSG00000095228.1	0
ENSMUSG00000095231.1	0
ENSMUSG00000095232.2	0
ENSMUSG00000095233.1	0
ENSMUSG00000095234.2	0
ENSMUSG00000095236.2	0
ENSMUSG00000095238.2	0
ENSMUSG00000095239.4	0
ENSMUSG00000095240.1	0
ENSMUSG00000095241.2	0
ENSMUSG00000095242.2	0
ENSMUSG00000095243.1	0
ENSMUSG00000095245.1	0
ENSMUSG00000095246.1	0
ENSMUSG00000095248.3	0
ENSMUSG00000095249.1	0
ENSMUSG00000095251.1	0
ENSMUSG00000095253.4	170.449680547204
ENSMUSG00000095255.2	0
ENSMUSG00000095256.1	0
ENSMUSG00000095257.1	0
ENSMUSG00000095258.2	0
ENSMUSG00000095259.1	0
ENSMUSG00000095260.1	0
ENSMUSG00000095261.2	0
ENSMUSG00000095262.2	0
ENSMUSG00000095263.7	0
ENSMUSG00000095266.2	0
ENSMUSG00000095267.2	0
ENSMUSG00000095269.1	0
ENSMUSG00000095270.1	0
ENSMUSG00000095272.1	0
ENSMUSG00000095273.1	0
ENSMUSG00000095274.1	0
ENSMUSG00000095275.1	0
ENSMUSG00000095276.2	0
ENSMUSG00000095277.1	0
ENSMUSG00000095278.2	0
ENSMUSG00000095279.2	0
ENSMUSG00000095280.1	0
ENSMUSG00000095281.1	0
ENSMUSG00000095282.1	0
ENSMUSG00000095283.1	0
ENSMUSG00000095284.1	0
ENSMUSG00000095285.2	0
ENSMUSG00000095286.3	0
ENSMUSG00000095287.1	0
ENSMUSG00000095288.1	0
ENSMUSG00000095289.1	0
ENSMUSG00000095290.1	0
ENSMUSG00000095291.1	0
ENSMUSG00000095292.1	0
ENSMUSG00000095293.7	0
ENSMUSG00000095294.2	0
ENSMUSG00000095295.8	112.971361935503
ENSMUSG00000095296.7	0
ENSMUSG00000095297.1	0
ENSMUSG00000095298.2	0
ENSMUSG00000095299.1	0
ENSMUSG00000095300.1	0
ENSMUSG00000095301.2	0
ENSMUSG00000095302.2	0
ENSMUSG00000095304.9	0
ENSMUSG00000095305.1	0
ENSMUSG00000095307.1	0
ENSMUSG00000095309.1	0
ENSMUSG00000095310.1	0
ENSMUSG00000095311.1	0
ENSMUSG00000095312.1	0
ENSMUSG00000095314.1	0
ENSMUSG00000095315.2	7.06730161757881
ENSMUSG00000095316.1	0
ENSMUSG00000095318.1	0
ENSMUSG00000095319.1	0
ENSMUSG00000095321.1	0
ENSMUSG00000095322.2	0
ENSMUSG00000095323.1	0
ENSMUSG00000095324.2	0
ENSMUSG00000095325.3	57.3297202554556
ENSMUSG00000095327.1	0
ENSMUSG00000095328.1	0
ENSMUSG00000095330.1	0
ENSMUSG00000095331.3	0
ENSMUSG00000095332.2	0
ENSMUSG00000095333.1	0
ENSMUSG00000095334.2	0
ENSMUSG00000095335.2	0
ENSMUSG00000095336.1	0
ENSMUSG00000095338.1	0
ENSMUSG00000095339.2	0
ENSMUSG00000095340.1	0
ENSMUSG00000095341.1	0
ENSMUSG00000095342.1	0
ENSMUSG00000095344.2	0
ENSMUSG00000095345.2	0
ENSMUSG00000095346.1	0
ENSMUSG00000095347.1	0
ENSMUSG00000095348.1	0
ENSMUSG00000095349.1	0
ENSMUSG00000095350.1	0
ENSMUSG00000095351.2	0
ENSMUSG00000095353.2	0
ENSMUSG00000095356.1	0
ENSMUSG00000095357.1	0
ENSMUSG00000095358.1	0
ENSMUSG00000095360.7	0
ENSMUSG00000095361.1	0
ENSMUSG00000095362.7	0
ENSMUSG00000095363.2	0
ENSMUSG00000095365.3	0
ENSMUSG00000095366.2	45.1296422709655
ENSMUSG00000095368.7	0
ENSMUSG00000095369.2	65.6161463836275
ENSMUSG00000095370.2	0
ENSMUSG00000095371.1	0
ENSMUSG00000095372.1	0
ENSMUSG00000095374.1	0
ENSMUSG00000095376.1	0
ENSMUSG00000095377.2	0
ENSMUSG00000095379.1	0
ENSMUSG00000095380.1	0
ENSMUSG00000095382.1	0
ENSMUSG00000095383.1	0
ENSMUSG00000095384.1	0
ENSMUSG00000095385.3	0
ENSMUSG00000095386.1	0
ENSMUSG00000095387.5	0
ENSMUSG00000095388.7	0
ENSMUSG00000095389.1	0
ENSMUSG00000095390.2	0
ENSMUSG00000095392.1	0
ENSMUSG00000095393.1	0
ENSMUSG00000095394.1	0
ENSMUSG00000095395.2	0
ENSMUSG00000095396.1	0
ENSMUSG00000095398.2	0
ENSMUSG00000095399.1	0
ENSMUSG00000095401.2	0
ENSMUSG00000095402.1	0
ENSMUSG00000095403.8	125.919082227386
ENSMUSG00000095407.2	285.866470168446
ENSMUSG00000095408.1	0
ENSMUSG00000095409.1	0
ENSMUSG00000095410.1	0
ENSMUSG00000095411.1	0
ENSMUSG00000095412.3	0
ENSMUSG00000095413.1	0
ENSMUSG00000095414.1	0
ENSMUSG00000095416.6	0
ENSMUSG00000095418.1	0
ENSMUSG00000095419.1	110.286166853697
ENSMUSG00000095420.1	0
ENSMUSG00000095422.1	0
ENSMUSG00000095423.1	0
ENSMUSG00000095424.1	0
ENSMUSG00000095425.1	0
ENSMUSG00000095426.6	0
ENSMUSG00000095427.2	0
ENSMUSG00000095428.1	0
ENSMUSG00000095429.1	0
ENSMUSG00000095430.3	0
ENSMUSG00000095431.1	0
ENSMUSG00000095432.9	19.5402937014193
ENSMUSG00000095433.2	0
ENSMUSG00000095435.1	0
ENSMUSG00000095436.1	0
ENSMUSG00000095437.1	0
ENSMUSG00000095438.1	0
ENSMUSG00000095440.2	24.3822717307679
ENSMUSG00000095442.1	0
ENSMUSG00000095444.1	0
ENSMUSG00000095445.1	0
ENSMUSG00000095446.1	0
ENSMUSG00000095447.1	0
ENSMUSG00000095448.3	0
ENSMUSG00000095449.1	0
ENSMUSG00000095452.2	0
ENSMUSG00000095453.1	0
ENSMUSG00000095455.1	0
ENSMUSG00000095457.3	0
ENSMUSG00000095458.1	0
ENSMUSG00000095460.1	0
ENSMUSG00000095462.1	0
ENSMUSG00000095463.8	938.157354135721
ENSMUSG00000095464.1	0
ENSMUSG00000095465.2	0
ENSMUSG00000095466.7	0
ENSMUSG00000095467.1	0
ENSMUSG00000095469.1	0
ENSMUSG00000095470.1	0
ENSMUSG00000095472.1	0
ENSMUSG00000095474.2	69.4896289300344
ENSMUSG00000095476.1	0
ENSMUSG00000095477.1	0
ENSMUSG00000095478.2	58.4189421492262
ENSMUSG00000095479.1	0
ENSMUSG00000095482.1	0
ENSMUSG00000095483.2	0
ENSMUSG00000095484.4	0
ENSMUSG00000095486.2	0
ENSMUSG00000095487.3	0
ENSMUSG00000095489.1	0
ENSMUSG00000095490.1	0
ENSMUSG00000095491.1	0
ENSMUSG00000095492.1	0
ENSMUSG00000095493.2	0
ENSMUSG00000095494.1	0
ENSMUSG00000095495.2	0
ENSMUSG00000095497.2	0
ENSMUSG00000095498.1	0
ENSMUSG00000095499.1	0
ENSMUSG00000095501.1	0
ENSMUSG00000095502.1	0
ENSMUSG00000095503.4	0
ENSMUSG00000095504.1	0
ENSMUSG00000095506.1	0
ENSMUSG00000095507.1	0
ENSMUSG00000095508.2	0
ENSMUSG00000095509.1	0
ENSMUSG00000095510.8	0
ENSMUSG00000095511.1	0
ENSMUSG00000095512.1	0
ENSMUSG00000095513.1	0
ENSMUSG00000095514.2	0
ENSMUSG00000095516.1	0
ENSMUSG00000095517.1	0
ENSMUSG00000095518.1	0
ENSMUSG00000095519.2	0
ENSMUSG00000095520.2	0
ENSMUSG00000095521.1	0
ENSMUSG00000095522.2	0
ENSMUSG00000095524.1	0
ENSMUSG00000095525.1	0
ENSMUSG00000095526.2	0
ENSMUSG00000095527.3	0
ENSMUSG00000095528.8	0
ENSMUSG00000095529.1	0
ENSMUSG00000095530.1	0
ENSMUSG00000095531.1	0
ENSMUSG00000095532.1	0
ENSMUSG00000095533.7	0
ENSMUSG00000095534.1	0
ENSMUSG00000095536.1	0
ENSMUSG00000095537.1	0
ENSMUSG00000095538.1	239.95613252156
ENSMUSG00000095539.1	0
ENSMUSG00000095540.1	0
ENSMUSG00000095541.1	0
ENSMUSG00000095542.1	0
ENSMUSG00000095543.2	0
ENSMUSG00000095544.1	0
ENSMUSG00000095545.7	468.497314479623
ENSMUSG00000095546.7	0
ENSMUSG00000095547.1	0
ENSMUSG00000095549.1	0
ENSMUSG00000095550.2	0
ENSMUSG00000095551.1	0
ENSMUSG00000095553.2	0
ENSMUSG00000095554.2	0
ENSMUSG00000095555.2	0
ENSMUSG00000095557.7	0
ENSMUSG00000095560.2	0
ENSMUSG00000095561.1	0
ENSMUSG00000095562.8	118.418438963492
ENSMUSG00000095563.1	0
ENSMUSG00000095564.2	0
ENSMUSG00000095565.2	0
ENSMUSG00000095567.8	2152.00567112883
ENSMUSG00000095569.1	0
ENSMUSG00000095571.2	0
ENSMUSG00000095572.1	0
ENSMUSG00000095573.3	0
ENSMUSG00000095574.2	0
ENSMUSG00000095576.5	0
ENSMUSG00000095577.2	0
ENSMUSG00000095578.7	0
ENSMUSG00000095580.1	0
ENSMUSG00000095581.1	0
ENSMUSG00000095583.1	0
ENSMUSG00000095584.1	0
ENSMUSG00000095586.1	0
ENSMUSG00000095587.1	0
ENSMUSG00000095588.1	242.788209322436
ENSMUSG00000095589.2	0
ENSMUSG00000095590.1	0
ENSMUSG00000095591.1	0
ENSMUSG00000095592.1	0
ENSMUSG00000095593.1	0
ENSMUSG00000095594.1	0
ENSMUSG00000095595.2	618.783281126365
ENSMUSG00000095596.1	0
ENSMUSG00000095597.2	3067.63072660065
ENSMUSG00000095599.1	0
ENSMUSG00000095600.2	0
ENSMUSG00000095601.8	0
ENSMUSG00000095603.4	0
ENSMUSG00000095604.1	0
ENSMUSG00000095605.1	0
ENSMUSG00000095606.7	0
ENSMUSG00000095607.3	0
ENSMUSG00000095608.3	0
ENSMUSG00000095609.2	0
ENSMUSG00000095610.1	0
ENSMUSG00000095612.2	0
ENSMUSG00000095614.1	0
ENSMUSG00000095615.1	0
ENSMUSG00000095616.1	0
ENSMUSG00000095618.1	0
ENSMUSG00000095619.1	0
ENSMUSG00000095620.7	0
ENSMUSG00000095621.1	0
ENSMUSG00000095624.1	0
ENSMUSG00000095625.2	0
ENSMUSG00000095626.2	0
ENSMUSG00000095627.1	0
ENSMUSG00000095628.1	0
ENSMUSG00000095629.2	0
ENSMUSG00000095630.2	0
ENSMUSG00000095631.1	0
ENSMUSG00000095632.2	0
ENSMUSG00000095633.2	0
ENSMUSG00000095634.2	0
ENSMUSG00000095635.1	0
ENSMUSG00000095636.1	0
ENSMUSG00000095638.2	0
ENSMUSG00000095639.1	0
ENSMUSG00000095640.4	0
ENSMUSG00000095641.1	0
ENSMUSG00000095642.3	0
ENSMUSG00000095643.2	0
ENSMUSG00000095645.1	0
ENSMUSG00000095646.1	0
ENSMUSG00000095647.1	0
ENSMUSG00000095648.7	0
ENSMUSG00000095649.3	0
ENSMUSG00000095650.2	0
ENSMUSG00000095651.1	0
ENSMUSG00000095652.1	0
ENSMUSG00000095653.2	0
ENSMUSG00000095654.2	1.49035318435287
ENSMUSG00000095655.1	0
ENSMUSG00000095656.1	0
ENSMUSG00000095657.1	0
ENSMUSG00000095658.2	0
ENSMUSG00000095659.2	0
ENSMUSG00000095660.1	0
ENSMUSG00000095661.1	0
ENSMUSG00000095662.1	0
ENSMUSG00000095663.2	0
ENSMUSG00000095664.2	0
ENSMUSG00000095667.2	0
ENSMUSG00000095668.1	0
ENSMUSG00000095670.2	0
ENSMUSG00000095671.1	0
ENSMUSG00000095673.1	0
ENSMUSG00000095674.1	0
ENSMUSG00000095675.2	0
ENSMUSG00000095676.1	0
ENSMUSG00000095677.2	771.720453438835
ENSMUSG00000095678.1	0
ENSMUSG00000095680.1	0
ENSMUSG00000095681.7	35.4744945052349
ENSMUSG00000095682.1	0
ENSMUSG00000095683.2	0
ENSMUSG00000095684.1	0
ENSMUSG00000095685.1	0
ENSMUSG00000095686.7	0
ENSMUSG00000095687.2	423.117823470631
ENSMUSG00000095689.5	0
ENSMUSG00000095690.2	10.0756614506057
ENSMUSG00000095691.1	0
ENSMUSG00000095693.1	0
ENSMUSG00000095696.3	0
ENSMUSG00000095697.1	0
ENSMUSG00000095698.2	0
ENSMUSG00000095699.1	0
ENSMUSG00000095700.2	0
ENSMUSG00000095701.1	0
ENSMUSG00000095702.1	0
ENSMUSG00000095703.1	0
ENSMUSG00000095704.2	0
ENSMUSG00000095705.1	0
ENSMUSG00000095706.3	0
ENSMUSG00000095710.7	0
ENSMUSG00000095711.5	0
ENSMUSG00000095712.1	0
ENSMUSG00000095713.1	0
ENSMUSG00000095714.1	0
ENSMUSG00000095716.1	0
ENSMUSG00000095717.1	0
ENSMUSG00000095718.2	0
ENSMUSG00000095721.1	0
ENSMUSG00000095722.1	0
ENSMUSG00000095723.1	0
ENSMUSG00000095724.1	0
ENSMUSG00000095725.2	0
ENSMUSG00000095727.1	0
ENSMUSG00000095729.1	0
ENSMUSG00000095730.3	0
ENSMUSG00000095731.1	0
ENSMUSG00000095732.1	0
ENSMUSG00000095734.1	0
ENSMUSG00000095736.1	0
ENSMUSG00000095737.5	0
ENSMUSG00000095738.1	0
ENSMUSG00000095739.1	0
ENSMUSG00000095740.1	0
ENSMUSG00000095741.3	0
ENSMUSG00000095743.1	0
ENSMUSG00000095744.1	0
ENSMUSG00000095745.1	0
ENSMUSG00000095747.1	0
ENSMUSG00000095749.1	0
ENSMUSG00000095752.1	0
ENSMUSG00000095753.2	0
ENSMUSG00000095754.2	0
ENSMUSG00000095756.2	0
ENSMUSG00000095757.1	0
ENSMUSG00000095758.1	0
ENSMUSG00000095759.1	0
ENSMUSG00000095761.6	0
ENSMUSG00000095762.1	15.7660639953526
ENSMUSG00000095764.1	0
ENSMUSG00000095765.3	0
ENSMUSG00000095766.2	0
ENSMUSG00000095768.1	0
ENSMUSG00000095769.1	0
ENSMUSG00000095770.1	0
ENSMUSG00000095771.2	0
ENSMUSG00000095772.1	0
ENSMUSG00000095773.3	0
ENSMUSG00000095774.2	0
ENSMUSG00000095776.1	0
ENSMUSG00000095778.1	0
ENSMUSG00000095779.2	15.309813045638
ENSMUSG00000095780.1	0
ENSMUSG00000095782.1	0
ENSMUSG00000095785.2	0
ENSMUSG00000095786.1	0
ENSMUSG00000095788.6	0
ENSMUSG00000095789.6	16.2425400521553
ENSMUSG00000095791.1	0
ENSMUSG00000095792.1	0
ENSMUSG00000095793.7	0
ENSMUSG00000095794.2	0
ENSMUSG00000095796.1	0
ENSMUSG00000095797.8	0
ENSMUSG00000095798.1	0
ENSMUSG00000095799.1	0
ENSMUSG00000095802.1	0
ENSMUSG00000095804.2	0
ENSMUSG00000095805.1	0
ENSMUSG00000095806.1	0
ENSMUSG00000095807.2	0
ENSMUSG00000095809.3	0
ENSMUSG00000095812.1	0
ENSMUSG00000095813.4	0
ENSMUSG00000095814.1	0
ENSMUSG00000095816.2	0
ENSMUSG00000095817.1	0
ENSMUSG00000095818.2	0
ENSMUSG00000095820.1	0
ENSMUSG00000095821.2	0
ENSMUSG00000095822.2	0
ENSMUSG00000095824.1	0
ENSMUSG00000095825.1	0
ENSMUSG00000095826.1	0
ENSMUSG00000095827.2	0
ENSMUSG00000095828.1	0
ENSMUSG00000095829.8	0
ENSMUSG00000095831.2	0
ENSMUSG00000095834.2	0
ENSMUSG00000095836.3	23.6940562812395
ENSMUSG00000095837.1	0
ENSMUSG00000095839.3	0
ENSMUSG00000095841.2	0
ENSMUSG00000095842.1	0
ENSMUSG00000095843.1	0
ENSMUSG00000095845.3	0
ENSMUSG00000095847.1	0
ENSMUSG00000095849.1	0
ENSMUSG00000095851.1	0
ENSMUSG00000095852.7	0
ENSMUSG00000095853.1	0
ENSMUSG00000095854.4	0
ENSMUSG00000095856.1	0
ENSMUSG00000095857.1	0
ENSMUSG00000095858.4	0
ENSMUSG00000095859.2	0
ENSMUSG00000095862.1	0
ENSMUSG00000095863.2	0
ENSMUSG00000095864.2	0
ENSMUSG00000095865.1	0
ENSMUSG00000095866.1	0
ENSMUSG00000095867.2	0
ENSMUSG00000095868.1	0
ENSMUSG00000095869.1	0
ENSMUSG00000095870.1	0
ENSMUSG00000095871.1	0
ENSMUSG00000095872.7	0
ENSMUSG00000095873.1	0
ENSMUSG00000095874.2	0
ENSMUSG00000095876.1	0
ENSMUSG00000095878.1	0
ENSMUSG00000095879.1	0
ENSMUSG00000095880.1	0
ENSMUSG00000095883.1	0
ENSMUSG00000095884.1	0
ENSMUSG00000095885.1	0
ENSMUSG00000095886.2	0
ENSMUSG00000095887.7	0
ENSMUSG00000095889.1	0
ENSMUSG00000095890.1	0
ENSMUSG00000095891.7	0
ENSMUSG00000095892.1	0
ENSMUSG00000095893.4	0
ENSMUSG00000095894.1	0
ENSMUSG00000095895.2	0
ENSMUSG00000095896.1	0
ENSMUSG00000095897.1	0
ENSMUSG00000095898.1	0
ENSMUSG00000095899.1	0
ENSMUSG00000095900.2	0
ENSMUSG00000095901.2	0
ENSMUSG00000095903.3	0
ENSMUSG00000095905.2	0
ENSMUSG00000095906.1	0
ENSMUSG00000095907.2	0
ENSMUSG00000095909.2	0
ENSMUSG00000095910.2	0
ENSMUSG00000095911.1	0
ENSMUSG00000095912.1	0
ENSMUSG00000095913.1	0
ENSMUSG00000095914.1	0
ENSMUSG00000095915.1	0
ENSMUSG00000095916.2	0
ENSMUSG00000095917.2	0
ENSMUSG00000095918.7	0
ENSMUSG00000095920.2	0
ENSMUSG00000095922.1	0
ENSMUSG00000095923.6	0
ENSMUSG00000095924.1	0
ENSMUSG00000095925.1	0
ENSMUSG00000095926.1	0
ENSMUSG00000095927.1	0
ENSMUSG00000095928.3	0
ENSMUSG00000095929.2	0
ENSMUSG00000095930.1	277.840629563545
ENSMUSG00000095931.1	0
ENSMUSG00000095932.3	0
ENSMUSG00000095933.1	0
ENSMUSG00000095934.1	0
ENSMUSG00000095935.1	0
ENSMUSG00000095936.3	0
ENSMUSG00000095937.1	0
ENSMUSG00000095938.1	0
ENSMUSG00000095939.1	0
ENSMUSG00000095940.1	0
ENSMUSG00000095941.3	0
ENSMUSG00000095942.1	0
ENSMUSG00000095943.1	0
ENSMUSG00000095944.1	0
ENSMUSG00000095945.1	0
ENSMUSG00000095946.1	0
ENSMUSG00000095947.1	0
ENSMUSG00000095948.7	0
ENSMUSG00000095950.2	0
ENSMUSG00000095951.1	0
ENSMUSG00000095952.1	0
ENSMUSG00000095953.3	0
ENSMUSG00000095954.4	0
ENSMUSG00000095955.1	0
ENSMUSG00000095956.2	0
ENSMUSG00000095957.2	0
ENSMUSG00000095958.3	0
ENSMUSG00000095959.2	0
ENSMUSG00000095960.1	0
ENSMUSG00000095961.2	0
ENSMUSG00000095962.1	0
ENSMUSG00000095963.1	0
ENSMUSG00000095964.1	0
ENSMUSG00000095966.1	0
ENSMUSG00000095968.2	0
ENSMUSG00000095969.1	0
ENSMUSG00000095970.1	0
ENSMUSG00000095971.1	0
ENSMUSG00000095972.1	0
ENSMUSG00000095973.1	0
ENSMUSG00000095974.1	0
ENSMUSG00000095975.3	0
ENSMUSG00000095976.2	0
ENSMUSG00000095977.1	0
ENSMUSG00000095978.1	0
ENSMUSG00000095979.7	0
ENSMUSG00000095980.1	0
ENSMUSG00000095981.1	0
ENSMUSG00000095984.1	0
ENSMUSG00000095985.1	0
ENSMUSG00000095986.1	0
ENSMUSG00000095987.1	0
ENSMUSG00000095988.1	0
ENSMUSG00000095989.1	0
ENSMUSG00000095990.1	0
ENSMUSG00000095991.1	0
ENSMUSG00000095992.2	0
ENSMUSG00000095993.1	0
ENSMUSG00000095994.1	0
ENSMUSG00000095996.4	0
ENSMUSG00000095997.1	0
ENSMUSG00000095998.1	0
ENSMUSG00000096000.1	0
ENSMUSG00000096001.2	35.279546945246
ENSMUSG00000096002.2	0
ENSMUSG00000096003.7	0
ENSMUSG00000096005.1	0
ENSMUSG00000096006.1	753.728878585742
ENSMUSG00000096008.1	0
ENSMUSG00000096009.2	0
ENSMUSG00000096010.2	0
ENSMUSG00000096011.1	0
ENSMUSG00000096014.1	468.47718300729
ENSMUSG00000096015.1	0
ENSMUSG00000096016.7	0
ENSMUSG00000096017.1	0
ENSMUSG00000096018.1	0
ENSMUSG00000096019.1	0
ENSMUSG00000096020.2	0
ENSMUSG00000096021.1	0
ENSMUSG00000096022.1	0
ENSMUSG00000096023.1	0
ENSMUSG00000096024.3	0
ENSMUSG00000096027.1	0
ENSMUSG00000096028.1	0
ENSMUSG00000096029.4	0
ENSMUSG00000096030.1	0
ENSMUSG00000096031.1	0
ENSMUSG00000096033.2	0
ENSMUSG00000096035.2	0
ENSMUSG00000096036.2	0
ENSMUSG00000096037.1	0
ENSMUSG00000096038.2	0
ENSMUSG00000096039.8	60.8920545108716
ENSMUSG00000096041.1	0
ENSMUSG00000096042.2	0
ENSMUSG00000096043.1	0
ENSMUSG00000096044.4	0
ENSMUSG00000096045.7	0
ENSMUSG00000096046.1	0
ENSMUSG00000096047.1	0
ENSMUSG00000096048.1	0
ENSMUSG00000096049.1	0
ENSMUSG00000096051.2	0
ENSMUSG00000096052.1	112.662554513388
ENSMUSG00000096053.1	0
ENSMUSG00000096054.3	1203.64531227565
ENSMUSG00000096055.2	0
ENSMUSG00000096056.1	0
ENSMUSG00000096057.1	0
ENSMUSG00000096061.1	0
ENSMUSG00000096065.1	0
ENSMUSG00000096066.4	0
ENSMUSG00000096067.1	0
ENSMUSG00000096068.1	0
ENSMUSG00000096069.4	0
ENSMUSG00000096070.1	0
ENSMUSG00000096071.1	0
ENSMUSG00000096072.1	0
ENSMUSG00000096073.1	0
ENSMUSG00000096074.2	0
ENSMUSG00000096075.1	0
ENSMUSG00000096076.1	0
ENSMUSG00000096078.2	0
ENSMUSG00000096079.1	0
ENSMUSG00000096080.1	0
ENSMUSG00000096081.1	0
ENSMUSG00000096082.1	0
ENSMUSG00000096083.1	0
ENSMUSG00000096084.2	0
ENSMUSG00000096085.1	0
ENSMUSG00000096086.1	0
ENSMUSG00000096087.1	0
ENSMUSG00000096088.1	0
ENSMUSG00000096090.1	0
ENSMUSG00000096091.1	0
ENSMUSG00000096092.1	0
ENSMUSG00000096094.2	0
ENSMUSG00000096095.1	0
ENSMUSG00000096096.3	0
ENSMUSG00000096097.1	0
ENSMUSG00000096098.1	0
ENSMUSG00000096099.2	0
ENSMUSG00000096102.3	0
ENSMUSG00000096105.1	0
ENSMUSG00000096106.1	0
ENSMUSG00000096107.2	0
ENSMUSG00000096108.2	0
ENSMUSG00000096109.2	0
ENSMUSG00000096110.1	0
ENSMUSG00000096111.7	0
ENSMUSG00000096112.1	0
ENSMUSG00000096113.1	0
ENSMUSG00000096114.1	0
ENSMUSG00000096117.1	0
ENSMUSG00000096119.1	0
ENSMUSG00000096120.1	0
ENSMUSG00000096122.2	0
ENSMUSG00000096124.1	0
ENSMUSG00000096126.1	0
ENSMUSG00000096127.2	0
ENSMUSG00000096129.2	0
ENSMUSG00000096130.1	0
ENSMUSG00000096131.3	0
ENSMUSG00000096132.1	0
ENSMUSG00000096133.1	0
ENSMUSG00000096134.1	0
ENSMUSG00000096135.1	0
ENSMUSG00000096136.1	0
ENSMUSG00000096137.1	0
ENSMUSG00000096138.5	0
ENSMUSG00000096139.4	0
ENSMUSG00000096140.2	0
ENSMUSG00000096141.2	282.903367133688
ENSMUSG00000096142.1	0
ENSMUSG00000096144.3	0
ENSMUSG00000096145.2	937.378000857956
ENSMUSG00000096146.2	1075.70721503697
ENSMUSG00000096147.1	0
ENSMUSG00000096148.1	0
ENSMUSG00000096149.5	0
ENSMUSG00000096150.1	0
ENSMUSG00000096151.2	0
ENSMUSG00000096152.1	0
ENSMUSG00000096153.1	0
ENSMUSG00000096154.1	0
ENSMUSG00000096156.1	0
ENSMUSG00000096157.2	0
ENSMUSG00000096158.1	0
ENSMUSG00000096159.1	0
ENSMUSG00000096160.2	19.4107968352019
ENSMUSG00000096161.1	0
ENSMUSG00000096163.1	0
ENSMUSG00000096164.1	0
ENSMUSG00000096166.1	0
ENSMUSG00000096167.4	0
ENSMUSG00000096168.1	0
ENSMUSG00000096169.3	0
ENSMUSG00000096170.1	0
ENSMUSG00000096171.1	99.9031961370571
ENSMUSG00000096172.1	0
ENSMUSG00000096173.2	0
ENSMUSG00000096174.1	0
ENSMUSG00000096175.3	0
ENSMUSG00000096176.1	0
ENSMUSG00000096177.2	0
ENSMUSG00000096178.7	0
ENSMUSG00000096179.1	0
ENSMUSG00000096180.2	0
ENSMUSG00000096181.1	0
ENSMUSG00000096182.1	0
ENSMUSG00000096183.7	0
ENSMUSG00000096184.1	0
ENSMUSG00000096185.1	0
ENSMUSG00000096186.1	0
ENSMUSG00000096188.1	407.090736989818
ENSMUSG00000096189.1	0
ENSMUSG00000096190.1	0
ENSMUSG00000096191.1	0
ENSMUSG00000096192.2	0
ENSMUSG00000096193.1	0
ENSMUSG00000096194.2	0
ENSMUSG00000096195.1	0
ENSMUSG00000096196.1	0
ENSMUSG00000096197.1	0
ENSMUSG00000096198.1	0
ENSMUSG00000096199.2	287.53173307521
ENSMUSG00000096200.1	0
ENSMUSG00000096201.1	0
ENSMUSG00000096202.1	0
ENSMUSG00000096205.1	0
ENSMUSG00000096206.1	0
ENSMUSG00000096208.1	0
ENSMUSG00000096209.4	0
ENSMUSG00000096210.2	3592.99973132567
ENSMUSG00000096211.1	0
ENSMUSG00000096212.1	0
ENSMUSG00000096213.1	0
ENSMUSG00000096214.1	0
ENSMUSG00000096215.8	0
ENSMUSG00000096216.2	0
ENSMUSG00000096217.1	0
ENSMUSG00000096218.2	0
ENSMUSG00000096219.1	0
ENSMUSG00000096220.2	0
ENSMUSG00000096221.3	41.6564795139305
ENSMUSG00000096222.1	0
ENSMUSG00000096223.2	0
ENSMUSG00000096225.7	163.691592102345
ENSMUSG00000096228.5	0
ENSMUSG00000096229.3	0
ENSMUSG00000096230.4	0
ENSMUSG00000096231.1	0
ENSMUSG00000096233.1	0
ENSMUSG00000096235.1	0
ENSMUSG00000096238.1	0
ENSMUSG00000096239.1	0
ENSMUSG00000096240.1	0
ENSMUSG00000096241.1	0
ENSMUSG00000096243.1	0
ENSMUSG00000096245.1	0
ENSMUSG00000096247.1	0
ENSMUSG00000096248.1	0
ENSMUSG00000096249.1	0
ENSMUSG00000096250.1	0
ENSMUSG00000096254.2	0
ENSMUSG00000096255.2	1735.8434742246
ENSMUSG00000096256.2	58.9449197798589
ENSMUSG00000096257.2	775.133752375816
ENSMUSG00000096258.2	0
ENSMUSG00000096259.2	0
ENSMUSG00000096263.1	0
ENSMUSG00000096264.1	0
ENSMUSG00000096265.2	0
ENSMUSG00000096268.2	0
ENSMUSG00000096269.3	0
ENSMUSG00000096270.1	0
ENSMUSG00000096272.2	0
ENSMUSG00000096273.3	0
ENSMUSG00000096274.1	0
ENSMUSG00000096275.2	0
ENSMUSG00000096276.9	0
ENSMUSG00000096277.2	0
ENSMUSG00000096278.8	0
ENSMUSG00000096280.1	0
ENSMUSG00000096281.1	0
ENSMUSG00000096282.1	0
ENSMUSG00000096283.2	0
ENSMUSG00000096284.2	0
ENSMUSG00000096285.1	0
ENSMUSG00000096286.1	0
ENSMUSG00000096287.1	0
ENSMUSG00000096288.1	0
ENSMUSG00000096289.4	0
ENSMUSG00000096290.1	0
ENSMUSG00000096291.1	0
ENSMUSG00000096293.2	0
ENSMUSG00000096294.1	0
ENSMUSG00000096295.2	0
ENSMUSG00000096296.1	0
ENSMUSG00000096297.1	0
ENSMUSG00000096298.1	0
ENSMUSG00000096299.3	116.702769346933
ENSMUSG00000096300.1	0
ENSMUSG00000096301.1	0
ENSMUSG00000096302.1	0
ENSMUSG00000096303.1	0
ENSMUSG00000096304.1	0
ENSMUSG00000096305.1	0
ENSMUSG00000096306.1	0
ENSMUSG00000096307.1	0
ENSMUSG00000096308.1	0
ENSMUSG00000096309.1	0
ENSMUSG00000096310.1	0
ENSMUSG00000096311.1	0
ENSMUSG00000096313.1	0
ENSMUSG00000096314.1	0
ENSMUSG00000096316.7	0
ENSMUSG00000096318.1	0
ENSMUSG00000096320.2	0
ENSMUSG00000096323.2	0
ENSMUSG00000096324.1	0
ENSMUSG00000096326.2	0
ENSMUSG00000096327.1	0
ENSMUSG00000096328.1	0
ENSMUSG00000096329.2	0
ENSMUSG00000096330.8	0
ENSMUSG00000096331.1	0
ENSMUSG00000096332.2	0
ENSMUSG00000096333.7	0
ENSMUSG00000096335.1	0
ENSMUSG00000096336.2	0
ENSMUSG00000096337.1	0
ENSMUSG00000096338.1	0
ENSMUSG00000096339.1	0
ENSMUSG00000096340.1	0
ENSMUSG00000096341.1	0
ENSMUSG00000096342.1	0
ENSMUSG00000096343.1	0
ENSMUSG00000096344.2	0
ENSMUSG00000096345.1	0
ENSMUSG00000096346.1	0
ENSMUSG00000096347.2	0
ENSMUSG00000096348.1	0
ENSMUSG00000096349.1	719.231774865178
ENSMUSG00000096350.1	0
ENSMUSG00000096351.2	201.684892729684
ENSMUSG00000096352.1	0
ENSMUSG00000096353.1	0
ENSMUSG00000096354.1	0
ENSMUSG00000096355.2	0
ENSMUSG00000096356.3	0
ENSMUSG00000096357.1	0
ENSMUSG00000096358.1	0
ENSMUSG00000096359.1	0
ENSMUSG00000096360.1	0
ENSMUSG00000096361.2	0
ENSMUSG00000096362.1	0
ENSMUSG00000096363.1	0
ENSMUSG00000096365.4	0
ENSMUSG00000096366.1	0
ENSMUSG00000096367.1	0
ENSMUSG00000096370.8	179.370482140758
ENSMUSG00000096371.1	0
ENSMUSG00000096372.1	0
ENSMUSG00000096373.3	0
ENSMUSG00000096374.1	0
ENSMUSG00000096375.2	0
ENSMUSG00000096376.1	0
ENSMUSG00000096377.1	0
ENSMUSG00000096380.1	0
ENSMUSG00000096381.1	0
ENSMUSG00000096383.1	0
ENSMUSG00000096384.1	0
ENSMUSG00000096385.7	0
ENSMUSG00000096386.1	0
ENSMUSG00000096387.1	0
ENSMUSG00000096388.1	0
ENSMUSG00000096390.1	0
ENSMUSG00000096391.1	0
ENSMUSG00000096392.1	0
ENSMUSG00000096393.1	0
ENSMUSG00000096396.1	0
ENSMUSG00000096397.7	0
ENSMUSG00000096398.1	0
ENSMUSG00000096399.1	0
ENSMUSG00000096400.2	0
ENSMUSG00000096401.2	38.1251695740171
ENSMUSG00000096402.1	0
ENSMUSG00000096403.2	2966.36214846563
ENSMUSG00000096405.3	0
ENSMUSG00000096406.1	0
ENSMUSG00000096407.2	0
ENSMUSG00000096409.3	0
ENSMUSG00000096410.2	0
ENSMUSG00000096411.1	0
ENSMUSG00000096412.1	0
ENSMUSG00000096413.2	0
ENSMUSG00000096414.1	0
ENSMUSG00000096415.1	0
ENSMUSG00000096417.2	0
ENSMUSG00000096420.2	0
ENSMUSG00000096421.1	0
ENSMUSG00000096422.2	0
ENSMUSG00000096423.1	0
ENSMUSG00000096424.1	0
ENSMUSG00000096425.1	0
ENSMUSG00000096426.2	0
ENSMUSG00000096427.3	0
ENSMUSG00000096429.1	0
ENSMUSG00000096430.1	0
ENSMUSG00000096431.1	0
ENSMUSG00000096432.1	0
ENSMUSG00000096433.2	9.09611706656949
ENSMUSG00000096434.1	0
ENSMUSG00000096436.3	0
ENSMUSG00000096437.1	0
ENSMUSG00000096438.3	0
ENSMUSG00000096439.1	0
ENSMUSG00000096440.1	0
ENSMUSG00000096441.1	0
ENSMUSG00000096442.1	0
ENSMUSG00000096444.1	0
ENSMUSG00000096445.1	0
ENSMUSG00000096446.1	0
ENSMUSG00000096447.1	0
ENSMUSG00000096448.2	0
ENSMUSG00000096449.2	0
ENSMUSG00000096450.1	0
ENSMUSG00000096451.1	0
ENSMUSG00000096452.2	0
ENSMUSG00000096453.1	0
ENSMUSG00000096454.1	0
ENSMUSG00000096455.1	0
ENSMUSG00000096457.7	0
ENSMUSG00000096458.7	1304.8122030667
ENSMUSG00000096459.1	0
ENSMUSG00000096461.5	0
ENSMUSG00000096462.1	0
ENSMUSG00000096463.1	0
ENSMUSG00000096464.2	0
ENSMUSG00000096465.3	0
ENSMUSG00000096467.2	0
ENSMUSG00000096468.7	0
ENSMUSG00000096470.1	0
ENSMUSG00000096472.2	4281.3329733759
ENSMUSG00000096473.1	0
ENSMUSG00000096474.2	31.5350930912813
ENSMUSG00000096475.1	0
ENSMUSG00000096476.1	0
ENSMUSG00000096477.2	0
ENSMUSG00000096478.3	0
ENSMUSG00000096479.1	0
ENSMUSG00000096480.1	0
ENSMUSG00000096481.1	0
ENSMUSG00000096482.1	0
ENSMUSG00000096483.1	0
ENSMUSG00000096484.1	0
ENSMUSG00000096485.3	0
ENSMUSG00000096486.1	0
ENSMUSG00000096488.1	136.310074321374
ENSMUSG00000096490.1	0
ENSMUSG00000096492.1	0
ENSMUSG00000096496.1	0
ENSMUSG00000096497.2	0
ENSMUSG00000096498.3	0
ENSMUSG00000096499.2	0
ENSMUSG00000096500.1	0
ENSMUSG00000096502.1	0
ENSMUSG00000096504.1	0
ENSMUSG00000096505.2	0
ENSMUSG00000096507.1	0
ENSMUSG00000096508.7	0
ENSMUSG00000096510.1	0
ENSMUSG00000096512.1	0
ENSMUSG00000096513.1	0
ENSMUSG00000096514.1	0
ENSMUSG00000096515.5	0
ENSMUSG00000096516.3	0
ENSMUSG00000096517.1	0
ENSMUSG00000096518.2	0
ENSMUSG00000096519.1	0
ENSMUSG00000096520.7	0
ENSMUSG00000096521.1	0
ENSMUSG00000096522.1	0
ENSMUSG00000096523.1	0
ENSMUSG00000096524.1	0
ENSMUSG00000096525.2	0
ENSMUSG00000096527.5	0
ENSMUSG00000096528.1	0
ENSMUSG00000096530.7	0
ENSMUSG00000096531.2	0
ENSMUSG00000096532.2	0
ENSMUSG00000096534.2	0
ENSMUSG00000096535.1	0
ENSMUSG00000096537.6	0
ENSMUSG00000096538.2	0
ENSMUSG00000096539.1	0
ENSMUSG00000096541.2	0
ENSMUSG00000096544.2	196.253546340542
ENSMUSG00000096546.2	0
ENSMUSG00000096547.1	0
ENSMUSG00000096549.9	91.7071275474966
ENSMUSG00000096551.2	0
ENSMUSG00000096553.2	0
ENSMUSG00000096554.1	0
ENSMUSG00000096555.3	0
ENSMUSG00000096557.2	0
ENSMUSG00000096558.1	0
ENSMUSG00000096559.1	0
ENSMUSG00000096560.1	0
ENSMUSG00000096561.1	0
ENSMUSG00000096563.1	0
ENSMUSG00000096564.1	0
ENSMUSG00000096565.1	0
ENSMUSG00000096566.2	0
ENSMUSG00000096567.1	0
ENSMUSG00000096568.1	0
ENSMUSG00000096569.2	0
ENSMUSG00000096573.2	0
ENSMUSG00000096574.7	56.786982003671
ENSMUSG00000096576.2	0
ENSMUSG00000096577.2	0
ENSMUSG00000096578.2	0
ENSMUSG00000096579.1	0
ENSMUSG00000096580.1	0
ENSMUSG00000096582.1	0
ENSMUSG00000096583.1	0
ENSMUSG00000096584.2	0
ENSMUSG00000096585.1	0
ENSMUSG00000096586.1	0
ENSMUSG00000096587.1	0
ENSMUSG00000096589.1	0
ENSMUSG00000096591.1	0
ENSMUSG00000096592.1	0
ENSMUSG00000096593.2	0
ENSMUSG00000096594.2	0
ENSMUSG00000096595.1	0
ENSMUSG00000096596.2	0
ENSMUSG00000096597.1	0
ENSMUSG00000096598.1	0
ENSMUSG00000096599.1	0
ENSMUSG00000096600.5	0
ENSMUSG00000096601.1	0
ENSMUSG00000096604.1	0
ENSMUSG00000096605.1	0
ENSMUSG00000096606.2	185.572692256541
ENSMUSG00000096607.1	0
ENSMUSG00000096613.1	0
ENSMUSG00000096614.1	0
ENSMUSG00000096615.1	0
ENSMUSG00000096617.3	160.413938713829
ENSMUSG00000096618.2	0
ENSMUSG00000096619.1	0
ENSMUSG00000096620.2	0
ENSMUSG00000096621.2	0
ENSMUSG00000096624.1	0
ENSMUSG00000096626.7	0
ENSMUSG00000096627.1	0
ENSMUSG00000096628.1	0
ENSMUSG00000096629.7	119.66306333904
ENSMUSG00000096630.2	0
ENSMUSG00000096631.1	0
ENSMUSG00000096632.2	0
ENSMUSG00000096633.1	0
ENSMUSG00000096634.1	0
ENSMUSG00000096635.1	0
ENSMUSG00000096638.2	0
ENSMUSG00000096639.1	0
ENSMUSG00000096640.3	0
ENSMUSG00000096641.7	0
ENSMUSG00000096642.1	0
ENSMUSG00000096644.1	0
ENSMUSG00000096645.2	0
ENSMUSG00000096647.2	0
ENSMUSG00000096648.1	0
ENSMUSG00000096649.2	0
ENSMUSG00000096650.7	0
ENSMUSG00000096651.1	0
ENSMUSG00000096652.1	0
ENSMUSG00000096653.4	0
ENSMUSG00000096654.1	0
ENSMUSG00000096655.2	3.02455864564847
ENSMUSG00000096656.6	0
ENSMUSG00000096658.3	0
ENSMUSG00000096659.1	0
ENSMUSG00000096660.1	0
ENSMUSG00000096661.1	0
ENSMUSG00000096663.1	0
ENSMUSG00000096664.7	0
ENSMUSG00000096666.2	0
ENSMUSG00000096667.1	0
ENSMUSG00000096668.1	0
ENSMUSG00000096670.1	0
ENSMUSG00000096672.1	0
ENSMUSG00000096673.1	0
ENSMUSG00000096674.1	0
ENSMUSG00000096675.1	0
ENSMUSG00000096676.1	0
ENSMUSG00000096677.1	0
ENSMUSG00000096678.3	19.7598359903981
ENSMUSG00000096679.3	0
ENSMUSG00000096681.1	130.290295919989
ENSMUSG00000096682.1	0
ENSMUSG00000096683.1	0
ENSMUSG00000096684.1	0
ENSMUSG00000096685.7	14.4129169387152
ENSMUSG00000096686.2	0
ENSMUSG00000096687.8	87.9771558689778
ENSMUSG00000096688.1	0
ENSMUSG00000096689.1	0
ENSMUSG00000096690.1	0
ENSMUSG00000096691.1	0
ENSMUSG00000096692.1	0
ENSMUSG00000096694.1	0
ENSMUSG00000096695.3	0
ENSMUSG00000096696.1	76.7461975991298
ENSMUSG00000096697.1	0
ENSMUSG00000096698.2	0
ENSMUSG00000096699.1	0
ENSMUSG00000096700.1	0
ENSMUSG00000096701.2	0
ENSMUSG00000096703.3	0
ENSMUSG00000096704.1	0
ENSMUSG00000096705.1	0
ENSMUSG00000096706.2	0
ENSMUSG00000096707.2	0
ENSMUSG00000096708.1	0
ENSMUSG00000096709.1	0
ENSMUSG00000096710.1	0
ENSMUSG00000096711.2	0
ENSMUSG00000096712.1	97.6825854981638
ENSMUSG00000096713.1	0
ENSMUSG00000096714.2	0
ENSMUSG00000096715.2	0
ENSMUSG00000096716.1	0
ENSMUSG00000096717.2	0
ENSMUSG00000096718.2	0
ENSMUSG00000096719.1	0
ENSMUSG00000096721.1	0
ENSMUSG00000096722.2	0
ENSMUSG00000096724.1	0
ENSMUSG00000096726.2	4.21886994615658
ENSMUSG00000096727.3	53.4114802961406
ENSMUSG00000096729.1	0
ENSMUSG00000096731.1	0
ENSMUSG00000096732.7	0
ENSMUSG00000096733.1	0
ENSMUSG00000096734.1	0
ENSMUSG00000096735.3	0
ENSMUSG00000096736.1	0
ENSMUSG00000096737.1	0
ENSMUSG00000096738.1	0
ENSMUSG00000096740.8	702.967605184609
ENSMUSG00000096741.1	0
ENSMUSG00000096742.1	0
ENSMUSG00000096743.3	0
ENSMUSG00000096744.1	0
ENSMUSG00000096745.1	0
ENSMUSG00000096746.3	0
ENSMUSG00000096747.2	0
ENSMUSG00000096748.1	0
ENSMUSG00000096749.2	0
ENSMUSG00000096750.7	0
ENSMUSG00000096751.3	0
ENSMUSG00000096753.7	137.923463573847
ENSMUSG00000096755.2	0
ENSMUSG00000096757.2	0
ENSMUSG00000096758.1	0
ENSMUSG00000096759.1	0
ENSMUSG00000096760.1	0
ENSMUSG00000096761.1	0
ENSMUSG00000096763.1	0
ENSMUSG00000096764.1	0
ENSMUSG00000096765.1	0
ENSMUSG00000096766.1	0
ENSMUSG00000096767.2	0
ENSMUSG00000096768.8	1039.54122786578
ENSMUSG00000096769.7	0
ENSMUSG00000096770.2	0
ENSMUSG00000096771.1	0
ENSMUSG00000096772.1	0
ENSMUSG00000096773.4	0
ENSMUSG00000096774.1	0
ENSMUSG00000096775.1	5.86144203061602
ENSMUSG00000096777.2	0
ENSMUSG00000096779.1	0
ENSMUSG00000096780.7	457.583965298863
ENSMUSG00000096782.1	0
ENSMUSG00000096784.1	0
ENSMUSG00000096785.1	0
ENSMUSG00000096786.1	0
ENSMUSG00000096788.8	0
ENSMUSG00000096790.1	0
ENSMUSG00000096792.2	33.6304516395189
ENSMUSG00000096793.7	0
ENSMUSG00000096794.2	0
ENSMUSG00000096795.4	9.76647948947066
ENSMUSG00000096796.1	0
ENSMUSG00000096797.1	0
ENSMUSG00000096798.1	0
ENSMUSG00000096799.1	0
ENSMUSG00000096800.1	0
ENSMUSG00000096801.1	0
ENSMUSG00000096803.1	0
ENSMUSG00000096804.1	0
ENSMUSG00000096805.2	0
ENSMUSG00000096806.2	0
ENSMUSG00000096809.1	0
ENSMUSG00000096810.1	154.332049258269
ENSMUSG00000096811.1	0
ENSMUSG00000096812.1	0
ENSMUSG00000096813.1	0
ENSMUSG00000096814.1	0
ENSMUSG00000096815.1	0
ENSMUSG00000096817.1	0
ENSMUSG00000096818.2	0
ENSMUSG00000096819.1	0
ENSMUSG00000096820.2	0
ENSMUSG00000096821.1	0
ENSMUSG00000096822.2	0
ENSMUSG00000096823.1	0
ENSMUSG00000096824.2	0
ENSMUSG00000096825.2	0
ENSMUSG00000096826.2	12.7410683875139
ENSMUSG00000096827.2	0
ENSMUSG00000096828.2	0
ENSMUSG00000096829.1	0
ENSMUSG00000096830.1	0
ENSMUSG00000096831.1	0
ENSMUSG00000096832.1	0
ENSMUSG00000096833.2	0
ENSMUSG00000096834.7	0
ENSMUSG00000096835.1	0
ENSMUSG00000096838.1	0
ENSMUSG00000096839.7	0
ENSMUSG00000096840.3	0
ENSMUSG00000096841.1	0
ENSMUSG00000096842.1	0
ENSMUSG00000096844.1	0
ENSMUSG00000096845.1	0
ENSMUSG00000096846.7	0
ENSMUSG00000096847.2	1399.27038214038
ENSMUSG00000096848.1	0
ENSMUSG00000096849.1	0
ENSMUSG00000096850.1	0
ENSMUSG00000096851.1	0
ENSMUSG00000096852.2	0
ENSMUSG00000096854.1	0
ENSMUSG00000096855.1	0
ENSMUSG00000096856.7	80.9927210096075
ENSMUSG00000096857.1	0
ENSMUSG00000096858.4	0
ENSMUSG00000096859.2	0
ENSMUSG00000096861.2	0
ENSMUSG00000096862.3	0
ENSMUSG00000096863.1	0
ENSMUSG00000096864.1	0
ENSMUSG00000096865.1	0
ENSMUSG00000096866.1	0
ENSMUSG00000096867.1	0
ENSMUSG00000096868.1	0
ENSMUSG00000096869.7	0
ENSMUSG00000096870.2	0
ENSMUSG00000096871.1	0
ENSMUSG00000096872.2	0
ENSMUSG00000096874.2	0
ENSMUSG00000096875.2	0
ENSMUSG00000096876.1	0
ENSMUSG00000096878.2	0
ENSMUSG00000096879.2	0
ENSMUSG00000096880.1	0
ENSMUSG00000096881.2	0
ENSMUSG00000096882.1	0
ENSMUSG00000096883.2	122.915809882716
ENSMUSG00000096884.1	0
ENSMUSG00000096885.1	0
ENSMUSG00000096887.2	0
ENSMUSG00000096889.1	0
ENSMUSG00000096890.1	0
ENSMUSG00000096891.1	0
ENSMUSG00000096893.1	0
ENSMUSG00000096894.1	0
ENSMUSG00000096895.1	0
ENSMUSG00000096896.1	0
ENSMUSG00000096897.1	0
ENSMUSG00000096898.2	0
ENSMUSG00000096899.1	0
ENSMUSG00000096900.3	0
ENSMUSG00000096901.7	0
ENSMUSG00000096902.7	0
ENSMUSG00000096903.1	0
ENSMUSG00000096904.7	517.638144810071
ENSMUSG00000096905.1	0
ENSMUSG00000096906.1	0
ENSMUSG00000096907.1	0
ENSMUSG00000096908.3	0
ENSMUSG00000096910.2	135.119820526918
ENSMUSG00000096911.7	0
ENSMUSG00000096913.1	0
ENSMUSG00000096914.3	600.024962475852
ENSMUSG00000096915.1	0
ENSMUSG00000096916.7	54.5639992843168
ENSMUSG00000096917.2	0
ENSMUSG00000096918.2	0
ENSMUSG00000096920.1	0
ENSMUSG00000096921.1	0
ENSMUSG00000096922.1	0
ENSMUSG00000096923.1	0
ENSMUSG00000096927.1	0
ENSMUSG00000096929.7	55.8835626754806
ENSMUSG00000096930.1	0
ENSMUSG00000096932.2	0
ENSMUSG00000096934.1	0
ENSMUSG00000096935.5	137.866596065954
ENSMUSG00000096936.1	85.0001636788886
ENSMUSG00000096937.1	0
ENSMUSG00000096938.7	23.0612726066936
ENSMUSG00000096939.1	0
ENSMUSG00000096940.1	0
ENSMUSG00000096942.1	27.1391598233481
ENSMUSG00000096948.2	0
ENSMUSG00000096949.1	0
ENSMUSG00000096950.2	0
ENSMUSG00000096953.2	0
ENSMUSG00000096955.1	0
ENSMUSG00000096956.2	100.633391168427
ENSMUSG00000096957.1	28.5746118296638
ENSMUSG00000096959.1	0
ENSMUSG00000096960.1	0
ENSMUSG00000096962.1	0
ENSMUSG00000096963.1	0
ENSMUSG00000096964.1	31.5624032281674
ENSMUSG00000096965.7	0
ENSMUSG00000096966.2	13.9707424138413
ENSMUSG00000096967.3	0
ENSMUSG00000096968.1	0
ENSMUSG00000096971.2	0
ENSMUSG00000096973.1	1.84032868709944
ENSMUSG00000096974.2	605.193007933828
ENSMUSG00000096977.2	0
ENSMUSG00000096981.2	116.243959047247
ENSMUSG00000096982.2	0
ENSMUSG00000096986.2	0
ENSMUSG00000096988.1	18.1085246621351
ENSMUSG00000096991.1	0
ENSMUSG00000096992.3	0
ENSMUSG00000096993.3	0
ENSMUSG00000096995.2	564.81642188651
ENSMUSG00000096997.1	0
ENSMUSG00000096999.1	44.7821949066049
ENSMUSG00000097000.2	26.4635226425798
ENSMUSG00000097001.1	0
ENSMUSG00000097002.1	32.2402252198866
ENSMUSG00000097003.1	0
ENSMUSG00000097004.1	0
ENSMUSG00000097006.7	35.2791099830558
ENSMUSG00000097007.3	0
ENSMUSG00000097009.2	0
ENSMUSG00000097010.2	0
ENSMUSG00000097011.2	0
ENSMUSG00000097012.1	0
ENSMUSG00000097015.2	0
ENSMUSG00000097016.2	0
ENSMUSG00000097017.1	6.7844622341944
ENSMUSG00000097018.2	0
ENSMUSG00000097021.7	0
ENSMUSG00000097022.2	0
ENSMUSG00000097023.8	685.468049757655
ENSMUSG00000097024.1	0
ENSMUSG00000097025.2	0
ENSMUSG00000097027.2	18.9973993917097
ENSMUSG00000097028.2	1.13784954322027
ENSMUSG00000097029.2	0
ENSMUSG00000097030.1	0
ENSMUSG00000097031.2	0
ENSMUSG00000097032.2	0
ENSMUSG00000097035.2	0
ENSMUSG00000097039.8	276.266598119773
ENSMUSG00000097040.6	104.993680806276
ENSMUSG00000097041.1	1.72197435673156
ENSMUSG00000097042.2	0
ENSMUSG00000097043.1	0
ENSMUSG00000097044.1	0
ENSMUSG00000097047.2	140.126065128188
ENSMUSG00000097048.7	541.080760562449
ENSMUSG00000097049.1	0
ENSMUSG00000097050.1	0.772798844912607
ENSMUSG00000097052.2	0
ENSMUSG00000097053.1	0
ENSMUSG00000097054.1	0
ENSMUSG00000097055.2	257.710749021237
ENSMUSG00000097057.1	10.2551904875983
ENSMUSG00000097060.1	0
ENSMUSG00000097061.2	234.521415281237
ENSMUSG00000097063.3	45.8990078415267
ENSMUSG00000097067.1	0
ENSMUSG00000097068.2	0
ENSMUSG00000097069.1	0
ENSMUSG00000097071.2	0
ENSMUSG00000097072.7	0
ENSMUSG00000097073.7	5.2436087052911
ENSMUSG00000097074.2	0
ENSMUSG00000097075.3	0
ENSMUSG00000097076.1	0
ENSMUSG00000097077.1	20.8766489253199
ENSMUSG00000097078.1	0
ENSMUSG00000097079.2	3.3699772569832
ENSMUSG00000097080.8	234.647041910913
ENSMUSG00000097081.1	4.44780692222419
ENSMUSG00000097082.1	0
ENSMUSG00000097083.1	8.59891651731837
ENSMUSG00000097084.1	0.619830866765729
ENSMUSG00000097085.2	0
ENSMUSG00000097086.1	0
ENSMUSG00000097087.1	0
ENSMUSG00000097089.2	0
ENSMUSG00000097090.1	0
ENSMUSG00000097091.1	0
ENSMUSG00000097092.2	0
ENSMUSG00000097093.2	213.376346724808
ENSMUSG00000097097.2	13.1623623620143
ENSMUSG00000097098.8	13.7554449004242
ENSMUSG00000097099.2	0
ENSMUSG00000097100.1	0
ENSMUSG00000097101.3	0
ENSMUSG00000097104.1	0
ENSMUSG00000097106.1	0
ENSMUSG00000097107.1	0
ENSMUSG00000097108.1	0
ENSMUSG00000097110.1	0
ENSMUSG00000097111.1	0
ENSMUSG00000097113.7	5.44548523715276
ENSMUSG00000097115.2	0
ENSMUSG00000097116.1	0
ENSMUSG00000097119.2	113.906148906631
ENSMUSG00000097120.1	0
ENSMUSG00000097121.2	18.9646584390314
ENSMUSG00000097124.2	0
ENSMUSG00000097125.2	0.486276494496705
ENSMUSG00000097127.7	0
ENSMUSG00000097129.2	9.3354475004463
ENSMUSG00000097130.1	0
ENSMUSG00000097133.1	0
ENSMUSG00000097134.2	1.51856845720428
ENSMUSG00000097137.1	0
ENSMUSG00000097139.3	0
ENSMUSG00000097140.1	44.0140465878592
ENSMUSG00000097141.2	37.0066712135046
ENSMUSG00000097145.5	0
ENSMUSG00000097146.1	17.5380080996893
ENSMUSG00000097148.2	852.236792026395
ENSMUSG00000097149.1	0
ENSMUSG00000097150.1	0
ENSMUSG00000097154.2	0
ENSMUSG00000097155.1	0
ENSMUSG00000097156.7	422.309443418804
ENSMUSG00000097157.2	0
ENSMUSG00000097160.2	0
ENSMUSG00000097162.2	101.549669669643
ENSMUSG00000097163.2	0
ENSMUSG00000097164.2	54.7748959642471
ENSMUSG00000097166.1	136.854310729239
ENSMUSG00000097167.1	15.2465471628174
ENSMUSG00000097169.2	0
ENSMUSG00000097170.1	0
ENSMUSG00000097171.1	0
ENSMUSG00000097174.2	0
ENSMUSG00000097175.1	0
ENSMUSG00000097177.8	42.1982814181647
ENSMUSG00000097178.7	18.8636265383456
ENSMUSG00000097180.5	43.2845694229441
ENSMUSG00000097181.1	0
ENSMUSG00000097182.2	11.9275384241598
ENSMUSG00000097183.2	39.1850837894608
ENSMUSG00000097184.2	95.7735601124516
ENSMUSG00000097185.1	0
ENSMUSG00000097186.1	0
ENSMUSG00000097187.1	128.421471055773
ENSMUSG00000097189.1	0
ENSMUSG00000097190.1	0
ENSMUSG00000097191.2	0
ENSMUSG00000097194.2	0
ENSMUSG00000097195.10	130.536305633059
ENSMUSG00000097196.2	0
ENSMUSG00000097199.1	0
ENSMUSG00000097202.1	0
ENSMUSG00000097203.2	0
ENSMUSG00000097204.2	3.35315421266139
ENSMUSG00000097205.1	0
ENSMUSG00000097207.7	9.21316051036684
ENSMUSG00000097209.2	0
ENSMUSG00000097211.2	0
ENSMUSG00000097214.1	0
ENSMUSG00000097215.1	0
ENSMUSG00000097216.3	79.7422600676617
ENSMUSG00000097217.2	0
ENSMUSG00000097218.7	0
ENSMUSG00000097221.1	23.0152355187999
ENSMUSG00000097222.2	0
ENSMUSG00000097223.2	193.523281729977
ENSMUSG00000097224.1	74.469999127329
ENSMUSG00000097226.1	0
ENSMUSG00000097228.1	0
ENSMUSG00000097229.1	0
ENSMUSG00000097231.2	0
ENSMUSG00000097232.1	0
ENSMUSG00000097233.1	0
ENSMUSG00000097237.1	0
ENSMUSG00000097239.7	232.60184037979
ENSMUSG00000097240.1	13.5438927772087
ENSMUSG00000097241.2	0
ENSMUSG00000097244.1	0
ENSMUSG00000097245.1	2.15079032322002
ENSMUSG00000097247.2	0
ENSMUSG00000097248.9	130.620389643083
ENSMUSG00000097250.1	13.2640809175705
ENSMUSG00000097251.2	46.0682058438801
ENSMUSG00000097253.2	9.07701557654176
ENSMUSG00000097254.2	0
ENSMUSG00000097255.1	0
ENSMUSG00000097256.1	0
ENSMUSG00000097259.2	0
ENSMUSG00000097260.1	0
ENSMUSG00000097261.2	0
ENSMUSG00000097262.2	0
ENSMUSG00000097264.1	0
ENSMUSG00000097265.1	27.0875670733222
ENSMUSG00000097266.1	0
ENSMUSG00000097267.2	0
ENSMUSG00000097268.1	12.9567716515362
ENSMUSG00000097271.1	0
ENSMUSG00000097274.2	57.830166809548
ENSMUSG00000097275.1	0
ENSMUSG00000097276.1	2.23609158505953
ENSMUSG00000097277.7	376.75073548867
ENSMUSG00000097278.7	0
ENSMUSG00000097279.1	0
ENSMUSG00000097280.1	0
ENSMUSG00000097281.2	0
ENSMUSG00000097282.1	0
ENSMUSG00000097283.1	0
ENSMUSG00000097286.2	0
ENSMUSG00000097287.3	279.483482552269
ENSMUSG00000097288.1	0
ENSMUSG00000097290.9	249.296511452438
ENSMUSG00000097291.1	0
ENSMUSG00000097292.2	15.1568138559061
ENSMUSG00000097293.1	0
ENSMUSG00000097295.1	0
ENSMUSG00000097296.1	0
ENSMUSG00000097299.1	0
ENSMUSG00000097302.1	0
ENSMUSG00000097303.2	0
ENSMUSG00000097304.1	6.23304716177634
ENSMUSG00000097305.2	45.0796413117753
ENSMUSG00000097307.1	19.1947814553295
ENSMUSG00000097308.1	0
ENSMUSG00000097309.2	16.6024408389359
ENSMUSG00000097310.2	3.40596421450275
ENSMUSG00000097311.7	0
ENSMUSG00000097313.2	0
ENSMUSG00000097315.1	0
ENSMUSG00000097316.2	105.953312199074
ENSMUSG00000097318.2	69.5155033340099
ENSMUSG00000097320.8	655.318220443989
ENSMUSG00000097321.5	38.7581405180731
ENSMUSG00000097322.8	8.3006273993527
ENSMUSG00000097323.2	0
ENSMUSG00000097324.8	0
ENSMUSG00000097325.2	4.0520440242641
ENSMUSG00000097326.2	0
ENSMUSG00000097327.7	0
ENSMUSG00000097328.7	225.634790373272
ENSMUSG00000097330.2	39.5220128496721
ENSMUSG00000097331.2	0
ENSMUSG00000097333.7	199.013305898943
ENSMUSG00000097336.8	0
ENSMUSG00000097339.5	0
ENSMUSG00000097342.1	0
ENSMUSG00000097343.2	297.274585394826
ENSMUSG00000097346.1	0
ENSMUSG00000097349.1	0
ENSMUSG00000097350.2	107.074369909558
ENSMUSG00000097352.7	0
ENSMUSG00000097354.7	0
ENSMUSG00000097356.1	0
ENSMUSG00000097357.2	0
ENSMUSG00000097360.8	0
ENSMUSG00000097361.1	0
ENSMUSG00000097362.1	0
ENSMUSG00000097363.1	0
ENSMUSG00000097365.7	0
ENSMUSG00000097366.1	0
ENSMUSG00000097368.2	0
ENSMUSG00000097370.2	0
ENSMUSG00000097371.1	0
ENSMUSG00000097372.1	0
ENSMUSG00000097373.1	46.3429302151613
ENSMUSG00000097375.3	0
ENSMUSG00000097378.8	0
ENSMUSG00000097379.2	0
ENSMUSG00000097381.2	50.1819863832992
ENSMUSG00000097382.1	0
ENSMUSG00000097383.1	57.340613098625
ENSMUSG00000097384.1	0
ENSMUSG00000097385.1	0
ENSMUSG00000097386.1	73.3269372494116
ENSMUSG00000097387.1	0
ENSMUSG00000097388.1	172.152241298058
ENSMUSG00000097391.8	30.4760528002179
ENSMUSG00000097392.4	88.832883895269
ENSMUSG00000097393.8	4.05716272420617
ENSMUSG00000097396.1	0
ENSMUSG00000097397.2	29.470072203676
ENSMUSG00000097398.2	0
ENSMUSG00000097399.7	0
ENSMUSG00000097401.1	0.992965365591666
ENSMUSG00000097402.1	21.0604851610442
ENSMUSG00000097403.2	0
ENSMUSG00000097404.2	12.1189902866273
ENSMUSG00000097405.1	0
ENSMUSG00000097406.1	0
ENSMUSG00000097407.1	0
ENSMUSG00000097408.1	0
ENSMUSG00000097409.1	0
ENSMUSG00000097411.2	2.3267612395212
ENSMUSG00000097412.2	590.394315804357
ENSMUSG00000097413.2	18.9008931708506
ENSMUSG00000097414.2	88.2849645203723
ENSMUSG00000097415.2	59.3613447470974
ENSMUSG00000097416.3	0
ENSMUSG00000097418.7	0
ENSMUSG00000097419.1	12.3166220429272
ENSMUSG00000097421.2	0
ENSMUSG00000097424.2	0
ENSMUSG00000097425.3	0
ENSMUSG00000097426.1	0
ENSMUSG00000097427.5	0
ENSMUSG00000097428.1	313.573899320119
ENSMUSG00000097429.1	0
ENSMUSG00000097430.2	0
ENSMUSG00000097431.2	11.7611182528725
ENSMUSG00000097433.1	0
ENSMUSG00000097434.2	0
ENSMUSG00000097435.1	10.6446798569709
ENSMUSG00000097438.1	0
ENSMUSG00000097439.6	0
ENSMUSG00000097440.2	88.8202432033389
ENSMUSG00000097441.1	26.5814087991725
ENSMUSG00000097442.1	0
ENSMUSG00000097443.2	0
ENSMUSG00000097445.1	0
ENSMUSG00000097446.1	0
ENSMUSG00000097447.7	0
ENSMUSG00000097448.1	0
ENSMUSG00000097450.7	0
ENSMUSG00000097451.11	4703.61991324191
ENSMUSG00000097452.2	27.3350749424724
ENSMUSG00000097455.1	0
ENSMUSG00000097456.7	0
ENSMUSG00000097462.7	15.8366958122361
ENSMUSG00000097463.2	234.601316938869
ENSMUSG00000097464.1	0
ENSMUSG00000097466.8	152.674121073984
ENSMUSG00000097467.2	55.9720163074064
ENSMUSG00000097470.1	0
ENSMUSG00000097471.8	0
ENSMUSG00000097472.1	0
ENSMUSG00000097473.1	0
ENSMUSG00000097476.1	0
ENSMUSG00000097480.1	0
ENSMUSG00000097482.2	23.3041923728468
ENSMUSG00000097483.2	0
ENSMUSG00000097484.1	0
ENSMUSG00000097486.2	0
ENSMUSG00000097487.7	125.333084718774
ENSMUSG00000097488.1	14.4855462970396
ENSMUSG00000097491.1	0
ENSMUSG00000097493.3	14.4457515261485
ENSMUSG00000097494.7	77.1603753322473
ENSMUSG00000097495.1	0
ENSMUSG00000097496.1	16.051556363463
ENSMUSG00000097497.1	0
ENSMUSG00000097500.1	0
ENSMUSG00000097502.2	0
ENSMUSG00000097503.2	0
ENSMUSG00000097504.1	0
ENSMUSG00000097509.1	0
ENSMUSG00000097511.2	36.419175548812
ENSMUSG00000097513.1	0
ENSMUSG00000097515.2	16.3383596181441
ENSMUSG00000097516.7	0
ENSMUSG00000097519.2	0
ENSMUSG00000097520.2	9.74965644514885
ENSMUSG00000097522.1	0
ENSMUSG00000097523.2	0
ENSMUSG00000097525.2	0
ENSMUSG00000097527.2	35.1594447661174
ENSMUSG00000097529.1	0
ENSMUSG00000097530.1	12.7677230811147
ENSMUSG00000097532.2	46.6358197289198
ENSMUSG00000097533.2	0
ENSMUSG00000097534.3	0
ENSMUSG00000097535.1	174.871113680092
ENSMUSG00000097536.2	13.067666413086
ENSMUSG00000097537.2	23.8525487099336
ENSMUSG00000097538.1	0
ENSMUSG00000097539.1	0
ENSMUSG00000097543.1	0
ENSMUSG00000097545.7	42.6726038756016
ENSMUSG00000097546.1	0
ENSMUSG00000097547.8	29.2280575734881
ENSMUSG00000097548.1	0
ENSMUSG00000097550.7	0
ENSMUSG00000097552.2	0
ENSMUSG00000097557.2	0
ENSMUSG00000097558.1	117.693206574138
ENSMUSG00000097559.1	0
ENSMUSG00000097561.1	14.40012018886
ENSMUSG00000097562.3	0
ENSMUSG00000097563.1	0
ENSMUSG00000097564.2	0
ENSMUSG00000097565.1	0
ENSMUSG00000097569.2	0
ENSMUSG00000097571.9	184.252317364167
ENSMUSG00000097572.2	0
ENSMUSG00000097573.2	60.7797240164111
ENSMUSG00000097574.2	24.1415991987356
ENSMUSG00000097575.2	0
ENSMUSG00000097576.2	0
ENSMUSG00000097577.2	34.5630537996962
ENSMUSG00000097580.1	0
ENSMUSG00000097583.2	0
ENSMUSG00000097584.1	0
ENSMUSG00000097585.2	34.3777818310612
ENSMUSG00000097586.1	0
ENSMUSG00000097587.2	120.727534445896
ENSMUSG00000097589.9	292.718880023213
ENSMUSG00000097591.1	11.5648910178981
ENSMUSG00000097592.2	0
ENSMUSG00000097593.2	0
ENSMUSG00000097594.1	0
ENSMUSG00000097595.2	0
ENSMUSG00000097596.1	25.1037587299198
ENSMUSG00000097597.2	0
ENSMUSG00000097601.2	12.9480948309027
ENSMUSG00000097602.2	0
ENSMUSG00000097603.3	7.8398195582263
ENSMUSG00000097604.1	144.565788249894
ENSMUSG00000097608.1	0
ENSMUSG00000097610.2	140.126065128188
ENSMUSG00000097612.1	0
ENSMUSG00000097613.1	40.0851322664699
ENSMUSG00000097615.1	42.4715700565353
ENSMUSG00000097616.7	30.1386867778165
ENSMUSG00000097617.2	26.2623951887585
ENSMUSG00000097619.8	0
ENSMUSG00000097620.7	0
ENSMUSG00000097621.1	0
ENSMUSG00000097622.2	32.6915135275841
ENSMUSG00000097623.7	0
ENSMUSG00000097624.2	0
ENSMUSG00000097626.5	54.9685950608355
ENSMUSG00000097627.2	0
ENSMUSG00000097628.1	3.02402804870326
ENSMUSG00000097630.2	0
ENSMUSG00000097633.2	0
ENSMUSG00000097634.2	0
ENSMUSG00000097635.2	18.7982382677441
ENSMUSG00000097636.8	0
ENSMUSG00000097637.1	0
ENSMUSG00000097638.1	37.2118249617926
ENSMUSG00000097639.2	9.41388221358303
ENSMUSG00000097640.7	123.026049200981
ENSMUSG00000097641.2	0
ENSMUSG00000097642.1	0
ENSMUSG00000097643.1	0
ENSMUSG00000097644.1	0
ENSMUSG00000097646.1	0
ENSMUSG00000097648.1	0
ENSMUSG00000097649.2	30.7279302912698
ENSMUSG00000097650.1	0
ENSMUSG00000097651.2	0
ENSMUSG00000097652.2	60.6684235042561
ENSMUSG00000097653.2	0
ENSMUSG00000097654.1	0
ENSMUSG00000097655.3	0
ENSMUSG00000097656.1	995.163285408256
ENSMUSG00000097657.2	16.8354665326402
ENSMUSG00000097662.1	0
ENSMUSG00000097665.1	0
ENSMUSG00000097666.2	0
ENSMUSG00000097668.2	0
ENSMUSG00000097669.1	0
ENSMUSG00000097670.1	0
ENSMUSG00000097671.2	0
ENSMUSG00000097673.1	0
ENSMUSG00000097675.2	86.5802813817378
ENSMUSG00000097676.1	0
ENSMUSG00000097677.1	0
ENSMUSG00000097679.1	0
ENSMUSG00000097680.1	0
ENSMUSG00000097682.1	0
ENSMUSG00000097683.2	37.7264727870658
ENSMUSG00000097684.1	339.219740858539
ENSMUSG00000097685.2	0
ENSMUSG00000097686.1	0
ENSMUSG00000097689.1	0
ENSMUSG00000097690.2	0
ENSMUSG00000097691.1	0
ENSMUSG00000097692.2	19.9019423369606
ENSMUSG00000097693.3	0
ENSMUSG00000097694.8	0
ENSMUSG00000097697.2	0
ENSMUSG00000097699.2	0
ENSMUSG00000097700.1	0
ENSMUSG00000097701.1	0
ENSMUSG00000097702.1	0
ENSMUSG00000097704.1	0
ENSMUSG00000097705.1	0
ENSMUSG00000097706.1	0
ENSMUSG00000097709.8	14.397560838889
ENSMUSG00000097710.2	0
ENSMUSG00000097711.1	31.0998787498653
ENSMUSG00000097712.1	0
ENSMUSG00000097713.1	0
ENSMUSG00000097714.1	0
ENSMUSG00000097715.2	270.828634874608
ENSMUSG00000097716.1	58.9789404075227
ENSMUSG00000097717.2	0
ENSMUSG00000097719.1	0
ENSMUSG00000097724.2	0
ENSMUSG00000097725.4	0
ENSMUSG00000097726.7	13.1363943232838
ENSMUSG00000097727.8	0
ENSMUSG00000097729.2	149.776812060432
ENSMUSG00000097730.3	5.96278604715202
ENSMUSG00000097735.7	0
ENSMUSG00000097736.8	12.9132627020286
ENSMUSG00000097738.2	0
ENSMUSG00000097739.1	0
ENSMUSG00000097740.2	0
ENSMUSG00000097742.1	0
ENSMUSG00000097743.1	106.302164084761
ENSMUSG00000097744.1	0
ENSMUSG00000097745.1	0
ENSMUSG00000097746.2	0
ENSMUSG00000097748.1	0
ENSMUSG00000097749.2	0
ENSMUSG00000097750.2	39.5677066101306
ENSMUSG00000097752.2	0
ENSMUSG00000097754.1	0
ENSMUSG00000097755.2	0
ENSMUSG00000097756.2	21.8293201346602
ENSMUSG00000097760.2	0
ENSMUSG00000097761.1	0
ENSMUSG00000097762.1	18.807757801173
ENSMUSG00000097763.1	0
ENSMUSG00000097766.1	0
ENSMUSG00000097767.8	52.2230679851999
ENSMUSG00000097768.2	0
ENSMUSG00000097772.7	300.641535128063
ENSMUSG00000097773.1	0
ENSMUSG00000097776.1	0
ENSMUSG00000097777.7	37.1616367330923
ENSMUSG00000097779.2	0
ENSMUSG00000097780.1	0
ENSMUSG00000097781.1	2.0380228665694
ENSMUSG00000097783.2	0
ENSMUSG00000097784.1	11.0610424010393
ENSMUSG00000097785.2	117.686215179095
ENSMUSG00000097786.3	145.097259119489
ENSMUSG00000097787.2	40.8464452480979
ENSMUSG00000097788.2	342.970499452676
ENSMUSG00000097789.2	127.754198579788
ENSMUSG00000097790.1	0
ENSMUSG00000097792.2	0
ENSMUSG00000097793.1	5.71886751027835
ENSMUSG00000097794.2	3.19725234552333
ENSMUSG00000097795.1	0
ENSMUSG00000097797.6	0
ENSMUSG00000097798.1	0
ENSMUSG00000097801.1	87.5160047004163
ENSMUSG00000097803.1	0
ENSMUSG00000097804.1	0
ENSMUSG00000097805.2	28.7191838914423
ENSMUSG00000097806.3	185.722289383507
ENSMUSG00000097807.1	0
ENSMUSG00000097809.2	0
ENSMUSG00000097812.1	0
ENSMUSG00000097814.5	0
ENSMUSG00000097816.1	0
ENSMUSG00000097817.2	31.3597776182654
ENSMUSG00000097819.1	0
ENSMUSG00000097820.3	92.4186892626145
ENSMUSG00000097821.2	0
ENSMUSG00000097822.7	0
ENSMUSG00000097823.2	530.754594930532
ENSMUSG00000097825.5	8.9723007088244
ENSMUSG00000097827.1	0
ENSMUSG00000097828.2	0
ENSMUSG00000097831.1	20.5451818924858
ENSMUSG00000097832.1	0
ENSMUSG00000097833.1	1.819479348311
ENSMUSG00000097834.2	9.88667530335428
ENSMUSG00000097835.1	54.9255854966881
ENSMUSG00000097836.1	0
ENSMUSG00000097840.1	0
ENSMUSG00000097841.2	24.545664378309
ENSMUSG00000097842.2	33.0364327535586
ENSMUSG00000097845.2	0
ENSMUSG00000097847.1	0
ENSMUSG00000097848.2	0
ENSMUSG00000097850.2	0
ENSMUSG00000097851.5	0
ENSMUSG00000097852.5	0
ENSMUSG00000097853.1	0
ENSMUSG00000097854.1	0
ENSMUSG00000097855.8	0
ENSMUSG00000097858.2	0
ENSMUSG00000097863.1	0
ENSMUSG00000097870.2	0
ENSMUSG00000097871.1	0
ENSMUSG00000097874.3	0
ENSMUSG00000097875.2	0
ENSMUSG00000097876.1	0
ENSMUSG00000097877.2	0
ENSMUSG00000097878.5	0
ENSMUSG00000097881.7	0
ENSMUSG00000097882.2	0
ENSMUSG00000097883.1	0
ENSMUSG00000097884.1	0
ENSMUSG00000097885.7	8.43730293012299
ENSMUSG00000097886.2	0
ENSMUSG00000097887.2	16.1299910765998
ENSMUSG00000097888.2	10.6656228305144
ENSMUSG00000097890.2	85.6578541982746
ENSMUSG00000097891.1	89.9962957266146
ENSMUSG00000097892.2	0
ENSMUSG00000097893.8	0
ENSMUSG00000097895.1	0
ENSMUSG00000097896.1	0
ENSMUSG00000097897.1	0
ENSMUSG00000097898.8	0
ENSMUSG00000097899.2	35.2612569564286
ENSMUSG00000097900.1	3.77622724750753
ENSMUSG00000097901.7	0
ENSMUSG00000097902.2	0
ENSMUSG00000097903.2	79.4454691057767
ENSMUSG00000097906.1	690.184182676233
ENSMUSG00000097907.2	0
ENSMUSG00000097908.7	369.61929406389
ENSMUSG00000097910.2	0
ENSMUSG00000097911.2	0
ENSMUSG00000097914.1	0
ENSMUSG00000097915.2	284.16855994376
ENSMUSG00000097917.2	0
ENSMUSG00000097918.1	0
ENSMUSG00000097919.1	16.6959507476337
ENSMUSG00000097920.1	0
ENSMUSG00000097921.2	0
ENSMUSG00000097923.1	17.0670877050188
ENSMUSG00000097924.2	76.1839208951273
ENSMUSG00000097925.1	0
ENSMUSG00000097926.1	0
ENSMUSG00000097927.2	0
ENSMUSG00000097929.9	738.075894162891
ENSMUSG00000097930.2	0
ENSMUSG00000097931.1	0
ENSMUSG00000097932.2	0
ENSMUSG00000097933.2	0
ENSMUSG00000097934.1	0
ENSMUSG00000097935.1	1.80106451315355
ENSMUSG00000097936.1	0
ENSMUSG00000097937.1	1.79710064185695
ENSMUSG00000097938.1	0
ENSMUSG00000097939.1	0
ENSMUSG00000097940.2	0
ENSMUSG00000097941.1	0
ENSMUSG00000097942.1	0
ENSMUSG00000097943.1	0
ENSMUSG00000097944.1	11.6317462329952
ENSMUSG00000097945.1	0
ENSMUSG00000097946.1	0
ENSMUSG00000097947.1	0
ENSMUSG00000097948.1	0
ENSMUSG00000097949.1	0
ENSMUSG00000097950.1	0
ENSMUSG00000097951.1	1.81127070145268
ENSMUSG00000097952.1	0
ENSMUSG00000097953.1	0
ENSMUSG00000097954.1	5.73756324970091
ENSMUSG00000097955.1	0
ENSMUSG00000097957.2	0
ENSMUSG00000097958.1	1.83820629931858
ENSMUSG00000097959.2	1.79307434739032
ENSMUSG00000097960.1	18.9334156424338
ENSMUSG00000097961.1	0
ENSMUSG00000097962.7	0
ENSMUSG00000097963.1	0
ENSMUSG00000097964.1	0
ENSMUSG00000097965.1	0
ENSMUSG00000097966.1	0
ENSMUSG00000097967.1	0
ENSMUSG00000097968.1	0
ENSMUSG00000097970.1	0
ENSMUSG00000097972.1	0
ENSMUSG00000097973.1	51.1774174641069
ENSMUSG00000097974.1	211.804500091987
ENSMUSG00000097975.1	0
ENSMUSG00000097976.1	0
ENSMUSG00000097977.1	0
ENSMUSG00000097979.2	12.2310398768226
ENSMUSG00000097980.2	0
ENSMUSG00000097981.1	0
ENSMUSG00000097982.1	0
ENSMUSG00000097983.1	0
ENSMUSG00000097984.1	0
ENSMUSG00000097985.1	0
ENSMUSG00000097986.2	10.5997351745527
ENSMUSG00000097987.1	5.50912565899351
ENSMUSG00000097988.1	0
ENSMUSG00000097989.1	30.2802313158487
ENSMUSG00000097990.1	0
ENSMUSG00000097991.1	0
ENSMUSG00000097992.1	0
ENSMUSG00000097993.7	296.731909566212
ENSMUSG00000097994.1	91.3200726817551
ENSMUSG00000097995.1	0
ENSMUSG00000097996.1	0
ENSMUSG00000097997.1	0
ENSMUSG00000097998.1	0
ENSMUSG00000097999.1	3.61174219449099
ENSMUSG00000098000.1	0
ENSMUSG00000098001.1	0
ENSMUSG00000098002.1	0
ENSMUSG00000098003.2	0
ENSMUSG00000098004.1	0
ENSMUSG00000098005.1	0
ENSMUSG00000098006.1	2.04154977567583
ENSMUSG00000098007.1	0
ENSMUSG00000098008.1	0
ENSMUSG00000098009.1	0
ENSMUSG00000098010.1	0
ENSMUSG00000098011.1	0
ENSMUSG00000098012.1	0
ENSMUSG00000098013.1	0
ENSMUSG00000098014.1	0
ENSMUSG00000098015.3	0
ENSMUSG00000098016.1	0
ENSMUSG00000098017.1	21.6621196737476
ENSMUSG00000098019.1	59.3029478715388
ENSMUSG00000098021.2	0
ENSMUSG00000098022.7	24.1978112633433
ENSMUSG00000098023.1	0
ENSMUSG00000098024.1	0
ENSMUSG00000098025.2	0
ENSMUSG00000098026.2	0
ENSMUSG00000098027.1	0
ENSMUSG00000098028.1	0
ENSMUSG00000098029.2	0
ENSMUSG00000098030.1	0
ENSMUSG00000098031.1	0
ENSMUSG00000098033.2	0
ENSMUSG00000098035.1	3.62257261449037
ENSMUSG00000098036.1	0
ENSMUSG00000098037.1	0
ENSMUSG00000098038.1	0
ENSMUSG00000098039.1	0
ENSMUSG00000098040.1	0
ENSMUSG00000098041.1	0
ENSMUSG00000098042.1	0
ENSMUSG00000098043.1	0
ENSMUSG00000098044.1	0
ENSMUSG00000098045.1	0
ENSMUSG00000098046.1	0
ENSMUSG00000098047.1	0
ENSMUSG00000098048.1	0
ENSMUSG00000098050.1	0
ENSMUSG00000098051.1	115.330115049662
ENSMUSG00000098052.1	0
ENSMUSG00000098053.1	0
ENSMUSG00000098054.1	0
ENSMUSG00000098055.1	66.7531220024674
ENSMUSG00000098056.1	0
ENSMUSG00000098057.1	0
ENSMUSG00000098058.1	0
ENSMUSG00000098059.1	0
ENSMUSG00000098060.1	0
ENSMUSG00000098062.1	0
ENSMUSG00000098064.1	0
ENSMUSG00000098065.1	0.437523998706984
ENSMUSG00000098066.2	0
ENSMUSG00000098067.1	0
ENSMUSG00000098068.1	0
ENSMUSG00000098069.1	0
ENSMUSG00000098070.1	0
ENSMUSG00000098071.2	0
ENSMUSG00000098072.1	0
ENSMUSG00000098073.1	0
ENSMUSG00000098074.1	0
ENSMUSG00000098075.1	0
ENSMUSG00000098076.1	0
ENSMUSG00000098077.1	0
ENSMUSG00000098078.1	0
ENSMUSG00000098079.1	0
ENSMUSG00000098080.1	0
ENSMUSG00000098081.1	0
ENSMUSG00000098082.1	0
ENSMUSG00000098083.1	0
ENSMUSG00000098084.1	0
ENSMUSG00000098085.1	0
ENSMUSG00000098086.1	0
ENSMUSG00000098087.1	447.965615991863
ENSMUSG00000098088.1	0
ENSMUSG00000098089.2	0
ENSMUSG00000098090.8	1.87687745314922
ENSMUSG00000098091.1	110.459297515762
ENSMUSG00000098092.1	1.87250783124745
ENSMUSG00000098093.2	0
ENSMUSG00000098094.7	0
ENSMUSG00000098095.1	0
ENSMUSG00000098096.1	0
ENSMUSG00000098097.7	61.7909169476502
ENSMUSG00000098098.7	8.68365597062764
ENSMUSG00000098099.1	0
ENSMUSG00000098100.1	0
ENSMUSG00000098101.1	0
ENSMUSG00000098102.1	0
ENSMUSG00000098103.1	0
ENSMUSG00000098104.1	7.10372553728854
ENSMUSG00000098105.1	3.63724205944631
ENSMUSG00000098106.1	0
ENSMUSG00000098107.1	0
ENSMUSG00000098108.7	0
ENSMUSG00000098109.1	0
ENSMUSG00000098110.1	0
ENSMUSG00000098111.1	12.5787369338633
ENSMUSG00000098112.8	292.127482910394
ENSMUSG00000098113.1	65.864590600328
ENSMUSG00000098114.1	0
ENSMUSG00000098115.1	0
ENSMUSG00000098116.1	0
ENSMUSG00000098118.1	0
ENSMUSG00000098119.1	0
ENSMUSG00000098120.1	962.040396564212
ENSMUSG00000098121.1	368.164615721207
ENSMUSG00000098122.1	0
ENSMUSG00000098123.1	239.677413067397
ENSMUSG00000098124.1	0
ENSMUSG00000098125.1	0
ENSMUSG00000098126.1	0
ENSMUSG00000098127.1	0
ENSMUSG00000098128.1	37.9475132321252
ENSMUSG00000098129.1	12.325985518431
ENSMUSG00000098130.1	0
ENSMUSG00000098131.1	0
ENSMUSG00000098132.1	66.0133762260832
ENSMUSG00000098134.1	632.528051664715
ENSMUSG00000098135.1	0
ENSMUSG00000098136.1	0
ENSMUSG00000098137.3	0
ENSMUSG00000098138.1	5.09441732893075
ENSMUSG00000098139.1	0
ENSMUSG00000098140.1	0
ENSMUSG00000098141.1	7.20616195929998
ENSMUSG00000098142.1	0
ENSMUSG00000098143.1	0
ENSMUSG00000098144.8	0
ENSMUSG00000098145.1	0
ENSMUSG00000098146.1	0
ENSMUSG00000098147.1	0
ENSMUSG00000098149.1	0
ENSMUSG00000098150.2	0
ENSMUSG00000098152.1	0
ENSMUSG00000098153.1	0
ENSMUSG00000098154.2	0
ENSMUSG00000098155.1	0
ENSMUSG00000098156.1	0
ENSMUSG00000098157.1	0
ENSMUSG00000098158.2	0
ENSMUSG00000098159.1	0
ENSMUSG00000098160.3	0
ENSMUSG00000098161.1	0
ENSMUSG00000098162.1	0
ENSMUSG00000098163.1	0
ENSMUSG00000098164.2	0
ENSMUSG00000098165.1	0
ENSMUSG00000098166.1	0
ENSMUSG00000098167.1	0
ENSMUSG00000098169.1	0
ENSMUSG00000098170.1	0
ENSMUSG00000098171.1	0
ENSMUSG00000098172.7	0
ENSMUSG00000098173.1	0
ENSMUSG00000098174.1	0
ENSMUSG00000098175.1	0
ENSMUSG00000098176.2	217.816038634929
ENSMUSG00000098177.1	1.84454225107614
ENSMUSG00000098179.1	0
ENSMUSG00000098180.1	5.10896192754664
ENSMUSG00000098181.1	0
ENSMUSG00000098183.1	0
ENSMUSG00000098184.1	0
ENSMUSG00000098185.1	0
ENSMUSG00000098186.1	0
ENSMUSG00000098187.1	3.70185004042244
ENSMUSG00000098188.1	64.7217784150907
ENSMUSG00000098189.1	0
ENSMUSG00000098190.1	32.2396321997713
ENSMUSG00000098191.1	0
ENSMUSG00000098192.1	4.61485132521176
ENSMUSG00000098193.1	0
ENSMUSG00000098194.1	0
ENSMUSG00000098195.1	0
ENSMUSG00000098196.1	0
ENSMUSG00000098197.2	19.6308072979559
ENSMUSG00000098198.1	0
ENSMUSG00000098199.1	0
ENSMUSG00000098200.1	0
ENSMUSG00000098201.1	0
ENSMUSG00000098202.2	0
ENSMUSG00000098203.1	1.79510310041614
ENSMUSG00000098204.1	0
ENSMUSG00000098205.1	0
ENSMUSG00000098206.1	0
ENSMUSG00000098207.1	0
ENSMUSG00000098208.1	3.62457015593118
ENSMUSG00000098209.2	0
ENSMUSG00000098210.1	0
ENSMUSG00000098211.2	0
ENSMUSG00000098212.2	0
ENSMUSG00000098213.1	0
ENSMUSG00000098214.2	0
ENSMUSG00000098215.1	1.79510310041614
ENSMUSG00000098216.1	0
ENSMUSG00000098217.1	4.58991326878667
ENSMUSG00000098218.1	0
ENSMUSG00000098219.1	1.82153931292183
ENSMUSG00000098221.1	118.997445077061
ENSMUSG00000098222.2	0
ENSMUSG00000098223.1	0
ENSMUSG00000098224.1	1.85094062600373
ENSMUSG00000098225.1	0
ENSMUSG00000098226.1	1.84878702663786
ENSMUSG00000098227.1	0
ENSMUSG00000098228.1	0
ENSMUSG00000098229.1	0
ENSMUSG00000098230.7	0
ENSMUSG00000098231.1	0
ENSMUSG00000098232.1	37.8039711526522
ENSMUSG00000098233.1	0
ENSMUSG00000098234.7	562.265342985503
ENSMUSG00000098235.2	0
ENSMUSG00000098236.1	0
ENSMUSG00000098237.1	0
ENSMUSG00000098238.1	59.1044734024435
ENSMUSG00000098240.1	17.4597918676477
ENSMUSG00000098241.2	0
ENSMUSG00000098242.1	0
ENSMUSG00000098243.3	0
ENSMUSG00000098244.1	0
ENSMUSG00000098245.1	0
ENSMUSG00000098246.1	0
ENSMUSG00000098247.1	0
ENSMUSG00000098248.1	0
ENSMUSG00000098249.1	0
ENSMUSG00000098251.1	0
ENSMUSG00000098252.1	0
ENSMUSG00000098253.1	0
ENSMUSG00000098254.1	0
ENSMUSG00000098255.1	0
ENSMUSG00000098257.1	0
ENSMUSG00000098258.1	0
ENSMUSG00000098259.1	0
ENSMUSG00000098260.1	0
ENSMUSG00000098261.1	0
ENSMUSG00000098262.1	0
ENSMUSG00000098263.1	0
ENSMUSG00000098264.1	0
ENSMUSG00000098265.1	0
ENSMUSG00000098266.1	0
ENSMUSG00000098267.1	0
ENSMUSG00000098268.1	0
ENSMUSG00000098269.1	0
ENSMUSG00000098270.1	0
ENSMUSG00000098271.1	0
ENSMUSG00000098272.1	0
ENSMUSG00000098273.1	0
ENSMUSG00000098274.7	29538.1174228748
ENSMUSG00000098275.1	0
ENSMUSG00000098276.1	0
ENSMUSG00000098278.1	0
ENSMUSG00000098279.1	0
ENSMUSG00000098280.1	0
ENSMUSG00000098281.1	0
ENSMUSG00000098282.1	0
ENSMUSG00000098284.8	0
ENSMUSG00000098285.1	0
ENSMUSG00000098286.1	0
ENSMUSG00000098287.1	0
ENSMUSG00000098288.1	0
ENSMUSG00000098289.1	0
ENSMUSG00000098290.1	0
ENSMUSG00000098291.1	0
ENSMUSG00000098292.1	0
ENSMUSG00000098293.1	0
ENSMUSG00000098294.1	0
ENSMUSG00000098295.1	0
ENSMUSG00000098296.1	0
ENSMUSG00000098297.1	0
ENSMUSG00000098298.1	0
ENSMUSG00000098299.1	0
ENSMUSG00000098300.1	0
ENSMUSG00000098302.1	0
ENSMUSG00000098303.1	0
ENSMUSG00000098304.2	0
ENSMUSG00000098305.1	0
ENSMUSG00000098306.9	0
ENSMUSG00000098307.1	0
ENSMUSG00000098308.1	0
ENSMUSG00000098309.1	0
ENSMUSG00000098310.1	0
ENSMUSG00000098311.1	0
ENSMUSG00000098312.1	0
ENSMUSG00000098313.1	0
ENSMUSG00000098314.1	0
ENSMUSG00000098315.1	0
ENSMUSG00000098316.1	0
ENSMUSG00000098317.1	0
ENSMUSG00000098318.7	0
ENSMUSG00000098319.1	0
ENSMUSG00000098320.1	0
ENSMUSG00000098322.1	0
ENSMUSG00000098323.1	0
ENSMUSG00000098325.1	0
ENSMUSG00000098326.1	0
ENSMUSG00000098327.1	0
ENSMUSG00000098328.1	0
ENSMUSG00000098329.1	0
ENSMUSG00000098330.1	0
ENSMUSG00000098331.1	0
ENSMUSG00000098332.2	1681.98435737621
ENSMUSG00000098333.1	0
ENSMUSG00000098334.1	0
ENSMUSG00000098335.1	0
ENSMUSG00000098336.1	0
ENSMUSG00000098338.1	0
ENSMUSG00000098339.1	0
ENSMUSG00000098340.1	0
ENSMUSG00000098341.1	0
ENSMUSG00000098342.1	0
ENSMUSG00000098343.1	0
ENSMUSG00000098344.1	0
ENSMUSG00000098345.1	0
ENSMUSG00000098346.1	0
ENSMUSG00000098347.1	0
ENSMUSG00000098348.7	0
ENSMUSG00000098349.1	0
ENSMUSG00000098350.1	0
ENSMUSG00000098351.1	0
ENSMUSG00000098353.1	0
ENSMUSG00000098354.1	0
ENSMUSG00000098355.1	0
ENSMUSG00000098356.1	0
ENSMUSG00000098357.1	0
ENSMUSG00000098358.1	0
ENSMUSG00000098359.1	0
ENSMUSG00000098360.1	0
ENSMUSG00000098361.1	0
ENSMUSG00000098362.1	0
ENSMUSG00000098363.1	0
ENSMUSG00000098364.1	0
ENSMUSG00000098365.1	0
ENSMUSG00000098366.1	0
ENSMUSG00000098367.1	0
ENSMUSG00000098368.1	0
ENSMUSG00000098369.6	0
ENSMUSG00000098370.1	0
ENSMUSG00000098371.1	0
ENSMUSG00000098373.1	0
ENSMUSG00000098374.1	0
ENSMUSG00000098376.1	0
ENSMUSG00000098378.1	0
ENSMUSG00000098379.1	0
ENSMUSG00000098380.1	0
ENSMUSG00000098381.1	0
ENSMUSG00000098382.1	0
ENSMUSG00000098383.1	0
ENSMUSG00000098385.1	0
ENSMUSG00000098386.1	0
ENSMUSG00000098387.2	0
ENSMUSG00000098388.1	0
ENSMUSG00000098389.1	0
ENSMUSG00000098390.7	0
ENSMUSG00000098391.2	0
ENSMUSG00000098392.1	0
ENSMUSG00000098393.1	0
ENSMUSG00000098394.1	0
ENSMUSG00000098395.1	0
ENSMUSG00000098396.1	0
ENSMUSG00000098397.1	0
ENSMUSG00000098399.1	0
ENSMUSG00000098400.1	0
ENSMUSG00000098401.1	0
ENSMUSG00000098402.1	0
ENSMUSG00000098403.1	0
ENSMUSG00000098404.1	0
ENSMUSG00000098405.1	0
ENSMUSG00000098406.1	0
ENSMUSG00000098407.1	0
ENSMUSG00000098408.1	0
ENSMUSG00000098409.1	0
ENSMUSG00000098410.1	0
ENSMUSG00000098412.1	0
ENSMUSG00000098413.1	0
ENSMUSG00000098414.1	0
ENSMUSG00000098415.1	0
ENSMUSG00000098416.1	0
ENSMUSG00000098417.1	0
ENSMUSG00000098418.1	0
ENSMUSG00000098419.1	0
ENSMUSG00000098420.1	0
ENSMUSG00000098421.1	0
ENSMUSG00000098422.1	0
ENSMUSG00000098423.1	0
ENSMUSG00000098424.1	0
ENSMUSG00000098425.1	0
ENSMUSG00000098426.1	0
ENSMUSG00000098428.6	0
ENSMUSG00000098429.1	0
ENSMUSG00000098430.1	0
ENSMUSG00000098431.1	0
ENSMUSG00000098432.1	0
ENSMUSG00000098433.1	0
ENSMUSG00000098434.1	0
ENSMUSG00000098435.1	0
ENSMUSG00000098436.1	0
ENSMUSG00000098437.1	0
ENSMUSG00000098438.1	0
ENSMUSG00000098439.1	0
ENSMUSG00000098441.1	0
ENSMUSG00000098442.1	0
ENSMUSG00000098443.1	0
ENSMUSG00000098444.1	0
ENSMUSG00000098445.1	0
ENSMUSG00000098446.1	0
ENSMUSG00000098447.2	22.7648249722436
ENSMUSG00000098448.1	0
ENSMUSG00000098449.1	29.806377032187
ENSMUSG00000098451.1	0
ENSMUSG00000098452.1	0
ENSMUSG00000098453.1	0
ENSMUSG00000098454.1	0
ENSMUSG00000098455.1	0
ENSMUSG00000098456.1	0
ENSMUSG00000098457.1	0
ENSMUSG00000098458.1	0
ENSMUSG00000098459.1	0
ENSMUSG00000098460.1	0
ENSMUSG00000098462.1	0
ENSMUSG00000098463.1	0
ENSMUSG00000098464.1	0
ENSMUSG00000098465.1	0
ENSMUSG00000098466.1	0
ENSMUSG00000098467.1	0
ENSMUSG00000098468.1	0
ENSMUSG00000098469.1	0
ENSMUSG00000098470.1	0
ENSMUSG00000098471.1	0
ENSMUSG00000098472.1	0
ENSMUSG00000098473.1	0
ENSMUSG00000098474.1	0
ENSMUSG00000098475.1	0
ENSMUSG00000098476.1	0
ENSMUSG00000098477.1	0
ENSMUSG00000098478.1	0
ENSMUSG00000098479.1	0
ENSMUSG00000098480.1	0
ENSMUSG00000098481.1	0
ENSMUSG00000098482.1	0
ENSMUSG00000098483.1	0
ENSMUSG00000098484.1	0
ENSMUSG00000098485.1	0
ENSMUSG00000098486.1	0
ENSMUSG00000098487.1	0
ENSMUSG00000098488.7	0
ENSMUSG00000098489.1	0
ENSMUSG00000098490.1	0
ENSMUSG00000098491.1	0
ENSMUSG00000098492.1	0
ENSMUSG00000098493.1	0
ENSMUSG00000098494.1	0
ENSMUSG00000098497.1	0
ENSMUSG00000098498.1	0
ENSMUSG00000098499.1	0
ENSMUSG00000098500.1	0
ENSMUSG00000098501.7	0
ENSMUSG00000098502.1	0
ENSMUSG00000098503.1	0
ENSMUSG00000098504.1	0
ENSMUSG00000098505.3	0
ENSMUSG00000098506.2	0.592676787804745
ENSMUSG00000098507.1	0
ENSMUSG00000098508.1	0
ENSMUSG00000098509.2	0
ENSMUSG00000098510.1	0
ENSMUSG00000098511.1	0
ENSMUSG00000098513.1	0
ENSMUSG00000098514.1	0
ENSMUSG00000098515.1	0
ENSMUSG00000098516.1	0
ENSMUSG00000098518.1	0
ENSMUSG00000098519.1	0
ENSMUSG00000098520.1	0
ENSMUSG00000098521.1	0
ENSMUSG00000098522.1	0
ENSMUSG00000098524.1	0
ENSMUSG00000098525.1	0
ENSMUSG00000098526.1	0
ENSMUSG00000098527.1	0
ENSMUSG00000098528.1	0
ENSMUSG00000098529.1	0
ENSMUSG00000098530.1	13.4333413430939
ENSMUSG00000098531.1	0
ENSMUSG00000098532.1	0
ENSMUSG00000098533.1	0
ENSMUSG00000098534.1	0
ENSMUSG00000098535.1	0
ENSMUSG00000098536.1	0
ENSMUSG00000098537.1	0
ENSMUSG00000098538.1	0
ENSMUSG00000098539.1	0
ENSMUSG00000098540.1	0
ENSMUSG00000098541.1	0
ENSMUSG00000098542.1	0
ENSMUSG00000098543.1	0
ENSMUSG00000098544.1	0
ENSMUSG00000098547.1	0
ENSMUSG00000098548.1	0
ENSMUSG00000098549.1	0
ENSMUSG00000098550.1	0
ENSMUSG00000098552.1	68.9437695197486
ENSMUSG00000098553.1	0
ENSMUSG00000098555.1	0
ENSMUSG00000098557.1	652.616826549561
ENSMUSG00000098558.1	0
ENSMUSG00000098559.1	0
ENSMUSG00000098560.1	0
ENSMUSG00000098561.1	0
ENSMUSG00000098562.1	0
ENSMUSG00000098563.1	0
ENSMUSG00000098564.1	0
ENSMUSG00000098565.1	0
ENSMUSG00000098566.1	0
ENSMUSG00000098567.1	0
ENSMUSG00000098568.1	0
ENSMUSG00000098569.1	0
ENSMUSG00000098570.1	0
ENSMUSG00000098572.1	0
ENSMUSG00000098573.1	0
ENSMUSG00000098574.1	0
ENSMUSG00000098575.1	0
ENSMUSG00000098577.1	0
ENSMUSG00000098578.1	0
ENSMUSG00000098579.1	0
ENSMUSG00000098580.1	0
ENSMUSG00000098582.1	0
ENSMUSG00000098583.1	0
ENSMUSG00000098585.1	0
ENSMUSG00000098586.1	0
ENSMUSG00000098588.1	0
ENSMUSG00000098589.2	0
ENSMUSG00000098590.4	0
ENSMUSG00000098591.1	0
ENSMUSG00000098592.1	0
ENSMUSG00000098593.1	0
ENSMUSG00000098594.1	0
ENSMUSG00000098595.1	0
ENSMUSG00000098596.1	0
ENSMUSG00000098597.1	0
ENSMUSG00000098599.1	0
ENSMUSG00000098600.1	0
ENSMUSG00000098601.1	0
ENSMUSG00000098602.1	0
ENSMUSG00000098603.1	0
ENSMUSG00000098604.1	0
ENSMUSG00000098606.1	0
ENSMUSG00000098607.1	0
ENSMUSG00000098608.1	0
ENSMUSG00000098609.1	0
ENSMUSG00000098611.1	0
ENSMUSG00000098612.1	0
ENSMUSG00000098613.1	0
ENSMUSG00000098614.1	0
ENSMUSG00000098617.1	0
ENSMUSG00000098618.1	0
ENSMUSG00000098619.1	0
ENSMUSG00000098620.1	0
ENSMUSG00000098621.1	0
ENSMUSG00000098622.1	0
ENSMUSG00000098623.1	0
ENSMUSG00000098624.1	0
ENSMUSG00000098625.1	0
ENSMUSG00000098626.1	0
ENSMUSG00000098627.7	0
ENSMUSG00000098628.1	0
ENSMUSG00000098629.1	0
ENSMUSG00000098630.1	0
ENSMUSG00000098631.1	0
ENSMUSG00000098632.1	0
ENSMUSG00000098634.1	0
ENSMUSG00000098635.1	0
ENSMUSG00000098636.1	0
ENSMUSG00000098638.1	0
ENSMUSG00000098640.1	0
ENSMUSG00000098641.1	0
ENSMUSG00000098642.1	0
ENSMUSG00000098644.1	0
ENSMUSG00000098645.1	0
ENSMUSG00000098646.1	0
ENSMUSG00000098648.1	0
ENSMUSG00000098649.2	47.2515306664638
ENSMUSG00000098650.1	376.569052852312
ENSMUSG00000098651.1	0
ENSMUSG00000098652.1	0
ENSMUSG00000098653.1	0
ENSMUSG00000098655.1	0
ENSMUSG00000098656.1	0
ENSMUSG00000098657.1	0
ENSMUSG00000098658.1	0
ENSMUSG00000098659.7	0
ENSMUSG00000098660.1	0
ENSMUSG00000098661.1	0
ENSMUSG00000098662.1	0
ENSMUSG00000098663.1	0
ENSMUSG00000098664.1	0
ENSMUSG00000098665.1	0
ENSMUSG00000098666.1	0
ENSMUSG00000098667.1	0
ENSMUSG00000098668.1	0
ENSMUSG00000098669.1	0
ENSMUSG00000098670.1	0
ENSMUSG00000098671.1	0
ENSMUSG00000098672.1	0
ENSMUSG00000098674.1	0
ENSMUSG00000098675.1	0
ENSMUSG00000098676.1	0
ENSMUSG00000098677.1	0
ENSMUSG00000098678.1	0
ENSMUSG00000098679.1	0
ENSMUSG00000098680.1	0
ENSMUSG00000098682.8	0
ENSMUSG00000098683.1	0
ENSMUSG00000098684.1	0
ENSMUSG00000098685.1	0
ENSMUSG00000098686.1	0
ENSMUSG00000098687.1	0
ENSMUSG00000098688.1	0
ENSMUSG00000098689.1	0
ENSMUSG00000098690.1	0
ENSMUSG00000098691.1	0
ENSMUSG00000098692.1	0
ENSMUSG00000098693.1	0
ENSMUSG00000098694.1	0
ENSMUSG00000098695.1	0
ENSMUSG00000098696.1	0
ENSMUSG00000098697.1	0
ENSMUSG00000098698.1	0
ENSMUSG00000098700.1	0
ENSMUSG00000098701.1	0
ENSMUSG00000098702.1	2362.88521589897
ENSMUSG00000098703.1	0
ENSMUSG00000098704.1	0
ENSMUSG00000098705.8	0
ENSMUSG00000098706.1	0
ENSMUSG00000098707.1	0
ENSMUSG00000098708.7	0
ENSMUSG00000098709.1	0
ENSMUSG00000098710.1	0
ENSMUSG00000098711.1	0
ENSMUSG00000098712.1	0
ENSMUSG00000098713.1	0
ENSMUSG00000098714.1	0
ENSMUSG00000098715.6	0
ENSMUSG00000098716.1	0
ENSMUSG00000098717.1	0
ENSMUSG00000098718.1	0
ENSMUSG00000098719.1	0
ENSMUSG00000098720.1	0
ENSMUSG00000098721.1	0
ENSMUSG00000098722.1	0
ENSMUSG00000098723.1	0
ENSMUSG00000098725.1	0
ENSMUSG00000098726.1	0
ENSMUSG00000098727.1	0
ENSMUSG00000098728.1	0
ENSMUSG00000098729.1	0
ENSMUSG00000098730.1	0
ENSMUSG00000098731.1	0
ENSMUSG00000098732.1	0
ENSMUSG00000098733.1	0
ENSMUSG00000098734.1	0
ENSMUSG00000098735.1	0
ENSMUSG00000098736.1	0
ENSMUSG00000098737.1	0
ENSMUSG00000098739.1	32.6927307793996
ENSMUSG00000098740.1	0
ENSMUSG00000098741.1	0
ENSMUSG00000098742.1	0
ENSMUSG00000098743.1	0
ENSMUSG00000098744.1	0
ENSMUSG00000098745.1	0
ENSMUSG00000098747.7	0
ENSMUSG00000098748.1	0
ENSMUSG00000098749.1	0
ENSMUSG00000098750.1	0
ENSMUSG00000098751.1	0
ENSMUSG00000098752.1	0
ENSMUSG00000098754.7	0
ENSMUSG00000098755.1	0
ENSMUSG00000098756.1	0
ENSMUSG00000098757.1	0
ENSMUSG00000098758.1	0
ENSMUSG00000098759.1	0
ENSMUSG00000098760.1	0
ENSMUSG00000098761.1	0
ENSMUSG00000098762.1	0
ENSMUSG00000098763.1	0
ENSMUSG00000098764.1	0
ENSMUSG00000098765.1	0
ENSMUSG00000098766.1	0
ENSMUSG00000098767.1	0
ENSMUSG00000098768.1	0
ENSMUSG00000098769.1	0
ENSMUSG00000098770.1	0
ENSMUSG00000098771.1	0
ENSMUSG00000098772.1	0
ENSMUSG00000098773.1	0
ENSMUSG00000098774.1	0
ENSMUSG00000098775.1	0
ENSMUSG00000098776.1	0
ENSMUSG00000098777.1	0
ENSMUSG00000098778.1	0
ENSMUSG00000098779.2	0
ENSMUSG00000098780.1	0
ENSMUSG00000098781.1	0
ENSMUSG00000098782.2	0
ENSMUSG00000098783.1	0
ENSMUSG00000098784.1	0
ENSMUSG00000098785.1	0
ENSMUSG00000098786.1	0
ENSMUSG00000098787.1	0
ENSMUSG00000098788.1	0
ENSMUSG00000098789.7	0
ENSMUSG00000098790.1	0
ENSMUSG00000098791.1	0
ENSMUSG00000098792.1	0
ENSMUSG00000098793.1	0
ENSMUSG00000098794.1	0
ENSMUSG00000098795.1	0
ENSMUSG00000098796.2	0
ENSMUSG00000098797.1	0
ENSMUSG00000098798.1	0
ENSMUSG00000098799.1	0
ENSMUSG00000098800.1	0
ENSMUSG00000098801.1	0
ENSMUSG00000098802.1	0
ENSMUSG00000098803.1	0
ENSMUSG00000098805.1	0
ENSMUSG00000098807.2	0
ENSMUSG00000098808.1	0
ENSMUSG00000098809.1	0
ENSMUSG00000098811.1	0
ENSMUSG00000098812.1	0
ENSMUSG00000098813.1	0
ENSMUSG00000098814.2	0
ENSMUSG00000098815.1	0
ENSMUSG00000098816.1	0
ENSMUSG00000098817.1	0
ENSMUSG00000098818.1	0
ENSMUSG00000098819.1	0
ENSMUSG00000098820.1	0
ENSMUSG00000098821.1	0
ENSMUSG00000098822.1	0
ENSMUSG00000098823.1	0
ENSMUSG00000098824.1	0
ENSMUSG00000098825.1	0
ENSMUSG00000098826.1	0
ENSMUSG00000098827.1	0
ENSMUSG00000098828.1	0
ENSMUSG00000098829.1	0
ENSMUSG00000098830.1	0
ENSMUSG00000098831.1	0
ENSMUSG00000098832.2	31.4142730456975
ENSMUSG00000098833.1	0
ENSMUSG00000098836.1	0
ENSMUSG00000098837.1	0
ENSMUSG00000098838.2	0
ENSMUSG00000098839.1	0
ENSMUSG00000098840.1	0
ENSMUSG00000098842.1	0
ENSMUSG00000098843.1	0
ENSMUSG00000098844.1	0
ENSMUSG00000098845.1	0
ENSMUSG00000098846.1	0
ENSMUSG00000098847.1	0
ENSMUSG00000098848.1	0
ENSMUSG00000098849.1	0
ENSMUSG00000098850.1	0
ENSMUSG00000098851.1	0
ENSMUSG00000098852.1	0
ENSMUSG00000098853.1	0
ENSMUSG00000098854.1	0
ENSMUSG00000098855.1	0
ENSMUSG00000098856.1	0
ENSMUSG00000098857.1	0
ENSMUSG00000098858.1	0
ENSMUSG00000098859.1	0
ENSMUSG00000098860.1	0
ENSMUSG00000098861.1	0
ENSMUSG00000098862.1	0
ENSMUSG00000098863.1	0
ENSMUSG00000098864.1	0
ENSMUSG00000098865.1	0
ENSMUSG00000098866.1	0
ENSMUSG00000098867.1	0
ENSMUSG00000098868.1	0
ENSMUSG00000098869.1	0
ENSMUSG00000098871.1	0
ENSMUSG00000098873.1	0
ENSMUSG00000098874.1	0
ENSMUSG00000098875.1	0
ENSMUSG00000098876.1	0
ENSMUSG00000098877.1	0
ENSMUSG00000098878.1	0
ENSMUSG00000098879.1	0
ENSMUSG00000098881.1	0
ENSMUSG00000098882.1	0
ENSMUSG00000098883.1	0
ENSMUSG00000098884.1	0
ENSMUSG00000098885.1	0
ENSMUSG00000098886.1	0
ENSMUSG00000098887.1	0
ENSMUSG00000098888.1	0
ENSMUSG00000098889.1	0
ENSMUSG00000098890.1	0
ENSMUSG00000098891.1	0
ENSMUSG00000098893.1	0
ENSMUSG00000098894.1	0
ENSMUSG00000098895.1	0
ENSMUSG00000098896.1	0
ENSMUSG00000098897.1	0
ENSMUSG00000098898.1	0
ENSMUSG00000098899.1	0
ENSMUSG00000098900.2	0
ENSMUSG00000098901.1	0
ENSMUSG00000098903.1	0
ENSMUSG00000098904.1	0
ENSMUSG00000098905.2	1.4081106578446
ENSMUSG00000098906.1	0
ENSMUSG00000098907.1	0
ENSMUSG00000098908.1	0
ENSMUSG00000098909.1	0
ENSMUSG00000098910.1	0
ENSMUSG00000098912.7	1243.94552357444
ENSMUSG00000098914.1	0
ENSMUSG00000098915.1	1830.77123159479
ENSMUSG00000098916.1	0
ENSMUSG00000098917.1	0
ENSMUSG00000098918.1	0
ENSMUSG00000098919.1	0
ENSMUSG00000098920.1	0
ENSMUSG00000098922.1	0
ENSMUSG00000098923.1	334.839850345302
ENSMUSG00000098924.1	0
ENSMUSG00000098925.1	0
ENSMUSG00000098926.1	0
ENSMUSG00000098928.1	0
ENSMUSG00000098929.1	0
ENSMUSG00000098931.1	0
ENSMUSG00000098932.1	0
ENSMUSG00000098934.1	0
ENSMUSG00000098935.1	0
ENSMUSG00000098937.1	0
ENSMUSG00000098938.1	0
ENSMUSG00000098939.1	0
ENSMUSG00000098940.1	0
ENSMUSG00000098942.1	0
ENSMUSG00000098943.1	0
ENSMUSG00000098944.1	0
ENSMUSG00000098945.1	0
ENSMUSG00000098946.1	0
ENSMUSG00000098947.2	0
ENSMUSG00000098948.1	0
ENSMUSG00000098949.1	0
ENSMUSG00000098950.7	54.4825682590189
ENSMUSG00000098951.1	0
ENSMUSG00000098952.1	0
ENSMUSG00000098953.1	0
ENSMUSG00000098954.1	0
ENSMUSG00000098955.1	0
ENSMUSG00000098956.1	0
ENSMUSG00000098957.1	0
ENSMUSG00000098958.1	0
ENSMUSG00000098959.1	0
ENSMUSG00000098960.1	0
ENSMUSG00000098961.1	0
ENSMUSG00000098962.1	0
ENSMUSG00000098963.1	0
ENSMUSG00000098964.1	0
ENSMUSG00000098965.1	0
ENSMUSG00000098966.1	0
ENSMUSG00000098967.1	0
ENSMUSG00000098968.1	0
ENSMUSG00000098969.1	0
ENSMUSG00000098970.1	0
ENSMUSG00000098972.1	0
ENSMUSG00000098973.1	196995.053355457
ENSMUSG00000098974.1	0
ENSMUSG00000098975.7	0
ENSMUSG00000098976.1	0
ENSMUSG00000098977.1	0
ENSMUSG00000098978.1	0
ENSMUSG00000098979.1	0
ENSMUSG00000098980.1	0
ENSMUSG00000098981.1	0
ENSMUSG00000098982.1	0
ENSMUSG00000098983.1	0
ENSMUSG00000098984.1	0
ENSMUSG00000098985.1	5.40768800770248
ENSMUSG00000098986.1	0
ENSMUSG00000098987.1	0
ENSMUSG00000098988.1	0
ENSMUSG00000098989.1	0
ENSMUSG00000098990.1	0
ENSMUSG00000098991.1	0
ENSMUSG00000098992.1	0
ENSMUSG00000098993.1	0
ENSMUSG00000098994.1	0
ENSMUSG00000098995.1	0
ENSMUSG00000098996.1	0
ENSMUSG00000098997.1	0
ENSMUSG00000098998.1	591.588751951205
ENSMUSG00000098999.1	0
ENSMUSG00000099000.1	0
ENSMUSG00000099001.1	0
ENSMUSG00000099002.1	0
ENSMUSG00000099003.1	0
ENSMUSG00000099004.1	0
ENSMUSG00000099005.1	0
ENSMUSG00000099006.1	0
ENSMUSG00000099008.1	0
ENSMUSG00000099009.1	0
ENSMUSG00000099010.1	0
ENSMUSG00000099011.1	0
ENSMUSG00000099012.1	0
ENSMUSG00000099013.1	0
ENSMUSG00000099014.1	0
ENSMUSG00000099015.1	0
ENSMUSG00000099016.1	0
ENSMUSG00000099017.1	0
ENSMUSG00000099018.1	0
ENSMUSG00000099019.1	0
ENSMUSG00000099020.1	0
ENSMUSG00000099021.1	710.220834214108
ENSMUSG00000099022.1	0
ENSMUSG00000099024.1	0
ENSMUSG00000099025.1	0
ENSMUSG00000099027.1	0
ENSMUSG00000099030.1	0
ENSMUSG00000099031.1	0
ENSMUSG00000099032.2	0
ENSMUSG00000099033.1	0
ENSMUSG00000099034.7	174.476224706513
ENSMUSG00000099035.1	0
ENSMUSG00000099036.1	0
ENSMUSG00000099037.1	0
ENSMUSG00000099039.1	0
ENSMUSG00000099041.1	0
ENSMUSG00000099042.1	0
ENSMUSG00000099043.1	0
ENSMUSG00000099045.1	0
ENSMUSG00000099047.1	0
ENSMUSG00000099049.1	0
ENSMUSG00000099050.1	0
ENSMUSG00000099051.1	0
ENSMUSG00000099052.1	0
ENSMUSG00000099053.1	0
ENSMUSG00000099054.1	0
ENSMUSG00000099055.1	0
ENSMUSG00000099056.1	0
ENSMUSG00000099057.1	0
ENSMUSG00000099058.1	0
ENSMUSG00000099059.1	0
ENSMUSG00000099060.1	0
ENSMUSG00000099061.1	277.304789072048
ENSMUSG00000099062.1	0
ENSMUSG00000099063.1	0
ENSMUSG00000099064.1	0
ENSMUSG00000099066.1	0
ENSMUSG00000099068.1	0
ENSMUSG00000099069.1	0
ENSMUSG00000099070.1	0
ENSMUSG00000099071.1	0
ENSMUSG00000099072.1	0
ENSMUSG00000099073.1	0
ENSMUSG00000099074.1	0
ENSMUSG00000099075.1	0
ENSMUSG00000099076.1	0
ENSMUSG00000099078.1	0
ENSMUSG00000099079.1	0
ENSMUSG00000099080.1	0
ENSMUSG00000099081.1	0
ENSMUSG00000099082.1	0
ENSMUSG00000099083.7	242.712427594025
ENSMUSG00000099085.1	0
ENSMUSG00000099086.1	0
ENSMUSG00000099087.1	0
ENSMUSG00000099088.1	0
ENSMUSG00000099089.1	0
ENSMUSG00000099091.1	0
ENSMUSG00000099092.1	0
ENSMUSG00000099093.1	0
ENSMUSG00000099094.1	0
ENSMUSG00000099095.1	0
ENSMUSG00000099096.1	0
ENSMUSG00000099097.1	0
ENSMUSG00000099098.4	0
ENSMUSG00000099099.1	0
ENSMUSG00000099101.1	0
ENSMUSG00000099102.1	0
ENSMUSG00000099103.1	0
ENSMUSG00000099104.1	0
ENSMUSG00000099105.1	0
ENSMUSG00000099106.1	0
ENSMUSG00000099107.1	0
ENSMUSG00000099108.1	0
ENSMUSG00000099109.1	0
ENSMUSG00000099110.1	0
ENSMUSG00000099111.1	0
ENSMUSG00000099112.1	0
ENSMUSG00000099114.1	0
ENSMUSG00000099115.1	0
ENSMUSG00000099117.1	0
ENSMUSG00000099118.1	0
ENSMUSG00000099119.1	0
ENSMUSG00000099120.1	0
ENSMUSG00000099123.1	0
ENSMUSG00000099124.1	0
ENSMUSG00000099125.1	0
ENSMUSG00000099126.1	0
ENSMUSG00000099127.1	0
ENSMUSG00000099128.1	0
ENSMUSG00000099129.1	0
ENSMUSG00000099130.1	0
ENSMUSG00000099131.1	0
ENSMUSG00000099132.1	0
ENSMUSG00000099133.1	0
ENSMUSG00000099134.1	0
ENSMUSG00000099135.1	0
ENSMUSG00000099136.1	0
ENSMUSG00000099137.1	0
ENSMUSG00000099138.1	0
ENSMUSG00000099139.1	0
ENSMUSG00000099140.1	0
ENSMUSG00000099141.1	0
ENSMUSG00000099142.1	0
ENSMUSG00000099143.1	0
ENSMUSG00000099144.1	0
ENSMUSG00000099145.1	0
ENSMUSG00000099146.7	0
ENSMUSG00000099147.1	0
ENSMUSG00000099148.1	0
ENSMUSG00000099149.1	0
ENSMUSG00000099150.1	3.93749750726776
ENSMUSG00000099151.1	0
ENSMUSG00000099152.1	0
ENSMUSG00000099153.1	0
ENSMUSG00000099154.1	0
ENSMUSG00000099155.1	0
ENSMUSG00000099157.1	0
ENSMUSG00000099158.1	0
ENSMUSG00000099159.1	0
ENSMUSG00000099160.1	0
ENSMUSG00000099161.1	0
ENSMUSG00000099162.1	0
ENSMUSG00000099163.1	0
ENSMUSG00000099165.1	0
ENSMUSG00000099166.1	0
ENSMUSG00000099168.1	0
ENSMUSG00000099169.1	0
ENSMUSG00000099170.1	15.8989629243363
ENSMUSG00000099172.1	0
ENSMUSG00000099173.1	0
ENSMUSG00000099174.1	0
ENSMUSG00000099176.1	0
ENSMUSG00000099178.1	0
ENSMUSG00000099179.1	0
ENSMUSG00000099180.1	0
ENSMUSG00000099181.1	0
ENSMUSG00000099182.1	0
ENSMUSG00000099183.1	0
ENSMUSG00000099184.1	0
ENSMUSG00000099185.1	0
ENSMUSG00000099186.1	0
ENSMUSG00000099188.1	0
ENSMUSG00000099189.1	0
ENSMUSG00000099190.1	0
ENSMUSG00000099191.1	0
ENSMUSG00000099192.1	0
ENSMUSG00000099193.1	0
ENSMUSG00000099196.1	0
ENSMUSG00000099197.1	0
ENSMUSG00000099198.1	0
ENSMUSG00000099199.1	0
ENSMUSG00000099200.1	0
ENSMUSG00000099201.8	0
ENSMUSG00000099202.1	0
ENSMUSG00000099203.1	0
ENSMUSG00000099204.2	0
ENSMUSG00000099205.1	0
ENSMUSG00000099206.1	0
ENSMUSG00000099207.7	0
ENSMUSG00000099208.1	0
ENSMUSG00000099209.1	0
ENSMUSG00000099210.1	0
ENSMUSG00000099211.1	0
ENSMUSG00000099212.1	0
ENSMUSG00000099213.1	0
ENSMUSG00000099214.1	0
ENSMUSG00000099215.1	0
ENSMUSG00000099216.1	0
ENSMUSG00000099218.1	0
ENSMUSG00000099219.1	0
ENSMUSG00000099220.1	0
ENSMUSG00000099221.1	0
ENSMUSG00000099222.1	0
ENSMUSG00000099223.1	0
ENSMUSG00000099224.1	0
ENSMUSG00000099225.1	0
ENSMUSG00000099226.1	0
ENSMUSG00000099227.1	0
ENSMUSG00000099228.1	0
ENSMUSG00000099229.1	0
ENSMUSG00000099230.1	0
ENSMUSG00000099232.1	0
ENSMUSG00000099233.1	0
ENSMUSG00000099235.1	0
ENSMUSG00000099236.2	0
ENSMUSG00000099237.1	0
ENSMUSG00000099238.1	0
ENSMUSG00000099239.1	0
ENSMUSG00000099240.1	0
ENSMUSG00000099241.2	0
ENSMUSG00000099242.1	0
ENSMUSG00000099243.1	0
ENSMUSG00000099244.1	0
ENSMUSG00000099245.1	0
ENSMUSG00000099246.1	0
ENSMUSG00000099247.1	0
ENSMUSG00000099248.1	0
ENSMUSG00000099250.1	955.573231303256
ENSMUSG00000099252.1	0
ENSMUSG00000099253.1	0
ENSMUSG00000099254.1	0
ENSMUSG00000099255.1	0
ENSMUSG00000099256.1	0
ENSMUSG00000099257.1	0
ENSMUSG00000099258.1	0
ENSMUSG00000099259.1	0
ENSMUSG00000099260.1	0
ENSMUSG00000099261.1	0
ENSMUSG00000099263.1	0
ENSMUSG00000099264.1	0
ENSMUSG00000099266.1	0
ENSMUSG00000099267.1	0
ENSMUSG00000099268.1	0
ENSMUSG00000099269.3	0
ENSMUSG00000099270.1	0
ENSMUSG00000099272.1	0
ENSMUSG00000099273.1	0
ENSMUSG00000099274.1	0
ENSMUSG00000099275.1	0
ENSMUSG00000099276.1	0
ENSMUSG00000099279.1	0
ENSMUSG00000099280.1	0
ENSMUSG00000099283.1	0
ENSMUSG00000099284.1	0
ENSMUSG00000099285.1	0
ENSMUSG00000099286.1	0
ENSMUSG00000099287.1	0
ENSMUSG00000099289.1	0
ENSMUSG00000099290.1	0
ENSMUSG00000099291.1	0
ENSMUSG00000099292.1	0
ENSMUSG00000099293.1	0
ENSMUSG00000099294.1	0
ENSMUSG00000099295.1	0
ENSMUSG00000099298.1	0
ENSMUSG00000099299.1	0
ENSMUSG00000099300.1	0
ENSMUSG00000099301.1	0
ENSMUSG00000099302.1	0
ENSMUSG00000099303.1	0
ENSMUSG00000099304.1	0
ENSMUSG00000099307.1	0
ENSMUSG00000099308.1	0
ENSMUSG00000099309.1	0
ENSMUSG00000099310.1	0
ENSMUSG00000099311.1	0
ENSMUSG00000099312.1	0
ENSMUSG00000099313.1	0
ENSMUSG00000099314.1	0
ENSMUSG00000099315.1	68.432960719432
ENSMUSG00000099316.1	0
ENSMUSG00000099317.1	0
ENSMUSG00000099318.1	0
ENSMUSG00000099319.1	0
ENSMUSG00000099320.1	0
ENSMUSG00000099321.1	0
ENSMUSG00000099322.1	0
ENSMUSG00000099323.1	0
ENSMUSG00000099324.1	0
ENSMUSG00000099325.1	0
ENSMUSG00000099326.1	0
ENSMUSG00000099328.1	0
ENSMUSG00000099329.2	0
ENSMUSG00000099330.1	0
ENSMUSG00000099331.1	0
ENSMUSG00000099332.1	0
ENSMUSG00000099334.1	0
ENSMUSG00000099335.1	0
ENSMUSG00000099336.1	0
ENSMUSG00000099337.1	0
ENSMUSG00000099338.1	0
ENSMUSG00000099339.1	0
ENSMUSG00000099340.1	0
ENSMUSG00000099341.1	0
ENSMUSG00000099342.1	0
ENSMUSG00000099343.1	0
ENSMUSG00000099344.1	0
ENSMUSG00000099346.1	0
ENSMUSG00000099347.1	0
ENSMUSG00000099348.1	0
ENSMUSG00000099349.7	0
ENSMUSG00000099350.1	0
ENSMUSG00000099351.1	0
ENSMUSG00000099352.1	0
ENSMUSG00000099353.7	0
ENSMUSG00000099354.6	136.123179350318
ENSMUSG00000099355.1	0
ENSMUSG00000099357.1	0
ENSMUSG00000099359.1	0
ENSMUSG00000099360.1	0
ENSMUSG00000099361.1	0
ENSMUSG00000099362.1	0
ENSMUSG00000099363.1	0
ENSMUSG00000099364.1	0
ENSMUSG00000099366.1	0
ENSMUSG00000099367.1	0
ENSMUSG00000099368.1	0
ENSMUSG00000099369.1	0
ENSMUSG00000099370.1	0
ENSMUSG00000099371.1	0
ENSMUSG00000099372.1	0
ENSMUSG00000099373.1	0
ENSMUSG00000099374.1	0
ENSMUSG00000099375.1	0
ENSMUSG00000099376.1	0
ENSMUSG00000099377.1	0
ENSMUSG00000099378.1	0
ENSMUSG00000099379.1	0
ENSMUSG00000099380.6	0
ENSMUSG00000099381.1	0
ENSMUSG00000099382.1	0
ENSMUSG00000099383.1	0
ENSMUSG00000099384.6	0
ENSMUSG00000099385.1	0
ENSMUSG00000099386.1	0
ENSMUSG00000099387.1	0
ENSMUSG00000099388.1	0
ENSMUSG00000099389.1	0
ENSMUSG00000099390.6	0
ENSMUSG00000099391.2	0
ENSMUSG00000099392.1	0
ENSMUSG00000099393.6	0
ENSMUSG00000099394.1	20.9888857850253
ENSMUSG00000099395.1	0
ENSMUSG00000099396.1	0
ENSMUSG00000099397.1	0
ENSMUSG00000099398.1	0
ENSMUSG00000099399.6	0
ENSMUSG00000099400.1	0
ENSMUSG00000099401.1	0
ENSMUSG00000099403.1	0
ENSMUSG00000099404.1	28.6142817542148
ENSMUSG00000099405.1	0
ENSMUSG00000099406.1	0
ENSMUSG00000099407.1	0
ENSMUSG00000099408.1	0
ENSMUSG00000099409.1	0
ENSMUSG00000099410.1	0
ENSMUSG00000099411.1	0
ENSMUSG00000099412.1	0
ENSMUSG00000099413.1	0
ENSMUSG00000099414.1	0
ENSMUSG00000099415.1	0
ENSMUSG00000099416.1	0
ENSMUSG00000099417.1	0
ENSMUSG00000099418.3	0
ENSMUSG00000099419.1	0
ENSMUSG00000099420.1	0
ENSMUSG00000099421.1	0
ENSMUSG00000099422.4	0
ENSMUSG00000099423.1	2.34539455577374
ENSMUSG00000099424.1	0
ENSMUSG00000099425.1	0
ENSMUSG00000099426.6	0
ENSMUSG00000099427.1	0
ENSMUSG00000099428.1	0
ENSMUSG00000099429.1	0
ENSMUSG00000099430.1	0
ENSMUSG00000099431.1	0
ENSMUSG00000099432.1	0
ENSMUSG00000099433.1	0
ENSMUSG00000099434.1	0
ENSMUSG00000099435.6	0
ENSMUSG00000099436.1	0
ENSMUSG00000099437.1	0
ENSMUSG00000099438.1	0
ENSMUSG00000099439.1	0
ENSMUSG00000099441.1	0
ENSMUSG00000099442.1	0
ENSMUSG00000099443.1	0
ENSMUSG00000099444.1	0
ENSMUSG00000099445.1	0
ENSMUSG00000099446.1	0
ENSMUSG00000099447.1	0
ENSMUSG00000099448.1	0
ENSMUSG00000099449.1	0
ENSMUSG00000099450.1	0
ENSMUSG00000099451.1	0
ENSMUSG00000099452.1	0
ENSMUSG00000099453.1	0
ENSMUSG00000099454.1	0
ENSMUSG00000099455.1	0
ENSMUSG00000099456.6	0
ENSMUSG00000099457.1	0
ENSMUSG00000099458.1	0
ENSMUSG00000099459.2	0
ENSMUSG00000099460.1	0
ENSMUSG00000099461.6	0
ENSMUSG00000099462.1	0
ENSMUSG00000099463.6	0
ENSMUSG00000099464.1	0
ENSMUSG00000099465.1	0
ENSMUSG00000099466.1	0
ENSMUSG00000099467.1	0
ENSMUSG00000099468.1	0
ENSMUSG00000099469.1	0
ENSMUSG00000099470.1	0
ENSMUSG00000099471.1	164.645449351916
ENSMUSG00000099472.1	0
ENSMUSG00000099473.1	0
ENSMUSG00000099474.1	0
ENSMUSG00000099476.1	0
ENSMUSG00000099477.1	0
ENSMUSG00000099478.1	0
ENSMUSG00000099479.1	0
ENSMUSG00000099480.1	0
ENSMUSG00000099481.6	390.007637741688
ENSMUSG00000099482.1	0
ENSMUSG00000099483.1	0
ENSMUSG00000099484.1	0
ENSMUSG00000099485.1	0
ENSMUSG00000099486.3	0
ENSMUSG00000099487.1	0
ENSMUSG00000099488.1	0
ENSMUSG00000099489.1	0
ENSMUSG00000099490.1	0
ENSMUSG00000099491.1	0
ENSMUSG00000099492.1	14.5102346607846
ENSMUSG00000099493.1	0
ENSMUSG00000099494.6	0
ENSMUSG00000099495.1	0
ENSMUSG00000099496.1	0
ENSMUSG00000099497.1	0
ENSMUSG00000099498.1	0
ENSMUSG00000099499.1	0
ENSMUSG00000099500.1	0
ENSMUSG00000099501.1	0
ENSMUSG00000099502.1	0
ENSMUSG00000099503.1	0
ENSMUSG00000099504.1	0
ENSMUSG00000099505.1	0
ENSMUSG00000099506.1	0
ENSMUSG00000099507.1	0
ENSMUSG00000099508.1	0
ENSMUSG00000099509.1	0
ENSMUSG00000099510.2	0
ENSMUSG00000099511.1	0
ENSMUSG00000099512.1	0
ENSMUSG00000099513.1	0
ENSMUSG00000099514.1	0
ENSMUSG00000099516.1	0
ENSMUSG00000099517.2	0
ENSMUSG00000099518.1	0
ENSMUSG00000099519.1	189.461031517414
ENSMUSG00000099520.1	0
ENSMUSG00000099521.1	0
ENSMUSG00000099522.1	0
ENSMUSG00000099523.1	0
ENSMUSG00000099524.1	0
ENSMUSG00000099525.1	0
ENSMUSG00000099526.1	0
ENSMUSG00000099527.1	0
ENSMUSG00000099528.1	0
ENSMUSG00000099529.1	0
ENSMUSG00000099530.1	0
ENSMUSG00000099531.1	0
ENSMUSG00000099532.1	0
ENSMUSG00000099534.1	0
ENSMUSG00000099535.1	0
ENSMUSG00000099536.1	0
ENSMUSG00000099537.6	0
ENSMUSG00000099539.1	8.68365597062764
ENSMUSG00000099541.1	0
ENSMUSG00000099542.1	0
ENSMUSG00000099543.1	0
ENSMUSG00000099544.1	0
ENSMUSG00000099545.1	0
ENSMUSG00000099546.1	0
ENSMUSG00000099547.1	0
ENSMUSG00000099548.1	0
ENSMUSG00000099549.1	0
ENSMUSG00000099550.6	0
ENSMUSG00000099551.6	0
ENSMUSG00000099552.1	0
ENSMUSG00000099553.1	0
ENSMUSG00000099554.1	0
ENSMUSG00000099555.1	0
ENSMUSG00000099556.1	0
ENSMUSG00000099558.1	0
ENSMUSG00000099559.1	0
ENSMUSG00000099560.1	0
ENSMUSG00000099561.1	0
ENSMUSG00000099562.1	0
ENSMUSG00000099563.1	0
ENSMUSG00000099564.2	2.60395132601833
ENSMUSG00000099565.1	0
ENSMUSG00000099566.1	0
ENSMUSG00000099568.1	0
ENSMUSG00000099569.1	0
ENSMUSG00000099570.6	0
ENSMUSG00000099571.1	0
ENSMUSG00000099572.1	0
ENSMUSG00000099573.1	0
ENSMUSG00000099574.1	0
ENSMUSG00000099575.1	0
ENSMUSG00000099576.1	0
ENSMUSG00000099577.1	0
ENSMUSG00000099578.1	0
ENSMUSG00000099579.1	0
ENSMUSG00000099581.1	0
ENSMUSG00000099582.1	0
ENSMUSG00000099583.2	0
ENSMUSG00000099584.1	0
ENSMUSG00000099585.1	0
ENSMUSG00000099586.1	0
ENSMUSG00000099587.1	0
ENSMUSG00000099588.1	0
ENSMUSG00000099589.1	0
ENSMUSG00000099590.1	0
ENSMUSG00000099591.1	0
ENSMUSG00000099592.1	0
ENSMUSG00000099593.1	0
ENSMUSG00000099594.1	0
ENSMUSG00000099595.1	0
ENSMUSG00000099596.1	0
ENSMUSG00000099598.1	0
ENSMUSG00000099599.1	0
ENSMUSG00000099600.1	0
ENSMUSG00000099601.1	0
ENSMUSG00000099603.1	0
ENSMUSG00000099604.1	0
ENSMUSG00000099605.1	0
ENSMUSG00000099606.1	0
ENSMUSG00000099607.1	0
ENSMUSG00000099608.1	0
ENSMUSG00000099609.1	0
ENSMUSG00000099610.1	0
ENSMUSG00000099611.2	0
ENSMUSG00000099612.1	0
ENSMUSG00000099613.1	0
ENSMUSG00000099614.1	0
ENSMUSG00000099615.1	0
ENSMUSG00000099616.1	0
ENSMUSG00000099617.1	0
ENSMUSG00000099618.1	0
ENSMUSG00000099619.6	0
ENSMUSG00000099620.1	0
ENSMUSG00000099621.1	0
ENSMUSG00000099622.1	0
ENSMUSG00000099623.2	0
ENSMUSG00000099624.1	0
ENSMUSG00000099625.1	0
ENSMUSG00000099626.1	0
ENSMUSG00000099627.1	0
ENSMUSG00000099628.1	0
ENSMUSG00000099629.1	0
ENSMUSG00000099630.1	0
ENSMUSG00000099631.1	0
ENSMUSG00000099632.1	173.392620898044
ENSMUSG00000099633.1	0
ENSMUSG00000099634.1	0
ENSMUSG00000099635.1	0
ENSMUSG00000099636.1	0
ENSMUSG00000099637.1	0
ENSMUSG00000099638.1	0
ENSMUSG00000099639.6	0
ENSMUSG00000099640.1	0
ENSMUSG00000099641.1	0
ENSMUSG00000099642.1	0
ENSMUSG00000099643.1	0
ENSMUSG00000099644.1	0
ENSMUSG00000099645.1	0
ENSMUSG00000099646.1	0
ENSMUSG00000099647.1	0
ENSMUSG00000099648.1	0
ENSMUSG00000099649.1	0
ENSMUSG00000099650.6	0
ENSMUSG00000099651.1	0
ENSMUSG00000099652.1	0
ENSMUSG00000099653.1	0
ENSMUSG00000099654.6	0
ENSMUSG00000099655.2	53.5540236048932
ENSMUSG00000099656.2	0
ENSMUSG00000099657.2	0
ENSMUSG00000099658.1	0
ENSMUSG00000099659.1	0
ENSMUSG00000099660.1	0
ENSMUSG00000099661.1	0
ENSMUSG00000099662.1	21.2692282416087
ENSMUSG00000099663.1	0
ENSMUSG00000099664.1	0
ENSMUSG00000099665.1	0
ENSMUSG00000099666.6	0
ENSMUSG00000099667.1	0
ENSMUSG00000099668.1	0
ENSMUSG00000099669.1	0
ENSMUSG00000099670.1	0
ENSMUSG00000099671.2	0
ENSMUSG00000099672.1	0
ENSMUSG00000099673.1	0
ENSMUSG00000099674.6	0
ENSMUSG00000099675.1	0
ENSMUSG00000099676.1	0
ENSMUSG00000099677.1	0
ENSMUSG00000099678.1	0
ENSMUSG00000099679.1	0
ENSMUSG00000099681.1	195.746701411522
ENSMUSG00000099682.1	0
ENSMUSG00000099683.1	0
ENSMUSG00000099684.6	0
ENSMUSG00000099685.6	0
ENSMUSG00000099686.1	0
ENSMUSG00000099687.3	0
ENSMUSG00000099688.1	0
ENSMUSG00000099689.6	93.5326307317151
ENSMUSG00000099690.1	0
ENSMUSG00000099691.1	0
ENSMUSG00000099692.1	0
ENSMUSG00000099693.1	0
ENSMUSG00000099694.1	0
ENSMUSG00000099695.6	0
ENSMUSG00000099696.6	465.107205750306
ENSMUSG00000099698.1	0
ENSMUSG00000099699.1	0
ENSMUSG00000099700.1	0
ENSMUSG00000099701.1	0
ENSMUSG00000099702.1	0
ENSMUSG00000099704.1	0
ENSMUSG00000099706.1	0
ENSMUSG00000099707.6	0
ENSMUSG00000099708.1	0
ENSMUSG00000099709.1	0
ENSMUSG00000099711.1	0
ENSMUSG00000099712.1	0
ENSMUSG00000099713.1	0
ENSMUSG00000099714.1	0
ENSMUSG00000099715.2	0
ENSMUSG00000099716.1	0
ENSMUSG00000099717.1	0
ENSMUSG00000099718.1	0
ENSMUSG00000099719.1	0
ENSMUSG00000099721.1	0
ENSMUSG00000099722.3	0
ENSMUSG00000099723.1	0
ENSMUSG00000099724.2	0
ENSMUSG00000099725.1	0
ENSMUSG00000099726.1	0
ENSMUSG00000099727.1	0
ENSMUSG00000099728.1	0
ENSMUSG00000099729.1	0
ENSMUSG00000099730.1	0
ENSMUSG00000099731.1	0
ENSMUSG00000099732.2	0
ENSMUSG00000099733.1	0
ENSMUSG00000099734.1	0
ENSMUSG00000099735.1	0
ENSMUSG00000099736.1	0
ENSMUSG00000099737.6	0
ENSMUSG00000099738.1	0
ENSMUSG00000099739.1	0
ENSMUSG00000099740.1	0
ENSMUSG00000099741.1	0
ENSMUSG00000099742.1	0
ENSMUSG00000099744.1	0
ENSMUSG00000099745.1	0
ENSMUSG00000099746.1	0
ENSMUSG00000099747.1	0
ENSMUSG00000099748.1	0
ENSMUSG00000099749.1	0
ENSMUSG00000099750.1	0
ENSMUSG00000099751.6	0
ENSMUSG00000099752.1	0
ENSMUSG00000099753.1	0
ENSMUSG00000099754.1	0
ENSMUSG00000099755.1	0
ENSMUSG00000099756.1	0
ENSMUSG00000099757.1	0
ENSMUSG00000099758.1	0
ENSMUSG00000099759.1	0
ENSMUSG00000099760.1	57.325912442084
ENSMUSG00000099761.1	0
ENSMUSG00000099762.3	0
ENSMUSG00000099764.1	132.446579482171
ENSMUSG00000099765.1	0
ENSMUSG00000099766.1	0
ENSMUSG00000099767.1	0
ENSMUSG00000099768.1	0
ENSMUSG00000099770.1	0
ENSMUSG00000099771.1	0
ENSMUSG00000099772.1	0
ENSMUSG00000099773.1	0
ENSMUSG00000099774.1	0
ENSMUSG00000099775.1	0
ENSMUSG00000099776.1	0
ENSMUSG00000099777.1	0
ENSMUSG00000099778.1	0
ENSMUSG00000099779.1	0.772798844912607
ENSMUSG00000099780.1	0
ENSMUSG00000099781.1	0
ENSMUSG00000099782.1	0
ENSMUSG00000099783.1	0
ENSMUSG00000099784.1	0
ENSMUSG00000099785.6	0
ENSMUSG00000099786.6	0
ENSMUSG00000099787.3	0
ENSMUSG00000099789.6	0
ENSMUSG00000099790.1	0
ENSMUSG00000099791.1	0
ENSMUSG00000099792.1	0
ENSMUSG00000099793.1	0
ENSMUSG00000099794.1	0
ENSMUSG00000099795.1	0
ENSMUSG00000099796.1	0
ENSMUSG00000099797.1	0
ENSMUSG00000099798.1	0
ENSMUSG00000099799.6	0
ENSMUSG00000099800.1	0
ENSMUSG00000099801.1	0
ENSMUSG00000099802.1	0
ENSMUSG00000099803.1	0
ENSMUSG00000099804.1	0
ENSMUSG00000099805.1	0
ENSMUSG00000099806.1	0
ENSMUSG00000099807.1	0
ENSMUSG00000099808.2	0
ENSMUSG00000099809.1	0
ENSMUSG00000099810.1	0
ENSMUSG00000099811.6	0
ENSMUSG00000099812.1	0
ENSMUSG00000099814.6	0
ENSMUSG00000099815.1	0
ENSMUSG00000099816.1	0
ENSMUSG00000099817.1	0
ENSMUSG00000099818.1	0
ENSMUSG00000099819.1	0
ENSMUSG00000099820.2	0
ENSMUSG00000099821.1	0
ENSMUSG00000099822.6	0
ENSMUSG00000099823.1	0
ENSMUSG00000099824.1	0
ENSMUSG00000099825.1	0
ENSMUSG00000099826.1	0
ENSMUSG00000099827.1	0
ENSMUSG00000099828.1	0
ENSMUSG00000099829.1	0
ENSMUSG00000099831.1	0
ENSMUSG00000099832.1	0
ENSMUSG00000099833.1	0
ENSMUSG00000099834.1	0
ENSMUSG00000099835.1	244.692365700886
ENSMUSG00000099836.1	0
ENSMUSG00000099838.1	0
ENSMUSG00000099839.1	73.3257824207662
ENSMUSG00000099840.1	0
ENSMUSG00000099841.1	0
ENSMUSG00000099842.1	4.37733116326568
ENSMUSG00000099843.1	24.6088678379596
ENSMUSG00000099845.1	0
ENSMUSG00000099846.1	0
ENSMUSG00000099847.1	0
ENSMUSG00000099848.1	0
ENSMUSG00000099849.1	0
ENSMUSG00000099850.1	0
ENSMUSG00000099851.1	0
ENSMUSG00000099852.1	0
ENSMUSG00000099853.3	0
ENSMUSG00000099854.1	0
ENSMUSG00000099855.6	0
ENSMUSG00000099856.1	0
ENSMUSG00000099858.1	14.0181215998905
ENSMUSG00000099860.1	0
ENSMUSG00000099861.1	0
ENSMUSG00000099862.1	0
ENSMUSG00000099863.1	0
ENSMUSG00000099864.1	0
ENSMUSG00000099865.1	0
ENSMUSG00000099866.6	0
ENSMUSG00000099867.1	0
ENSMUSG00000099868.1	0
ENSMUSG00000099869.6	0
ENSMUSG00000099870.1	0
ENSMUSG00000099871.1	0
ENSMUSG00000099872.1	0
ENSMUSG00000099873.1	0
ENSMUSG00000099874.1	0
ENSMUSG00000099875.1	23.5216122740448
ENSMUSG00000099876.1	0
ENSMUSG00000099877.6	0
ENSMUSG00000099878.1	0
ENSMUSG00000099879.1	0
ENSMUSG00000099880.1	0
ENSMUSG00000099881.1	224.642917413156
ENSMUSG00000099882.1	0
ENSMUSG00000099883.1	0
ENSMUSG00000099884.1	0
ENSMUSG00000099886.1	0
ENSMUSG00000099888.1	0
ENSMUSG00000099889.1	0
ENSMUSG00000099890.2	0
ENSMUSG00000099891.1	0
ENSMUSG00000099892.1	0
ENSMUSG00000099893.1	0
ENSMUSG00000099894.1	0
ENSMUSG00000099895.1	0
ENSMUSG00000099896.1	0
ENSMUSG00000099897.6	0
ENSMUSG00000099898.1	0
ENSMUSG00000099899.1	0
ENSMUSG00000099900.1	0
ENSMUSG00000099901.1	0
ENSMUSG00000099902.1	0
ENSMUSG00000099903.1	0
ENSMUSG00000099904.1	0
ENSMUSG00000099905.1	0
ENSMUSG00000099906.2	0
ENSMUSG00000099907.1	197.405503520188
ENSMUSG00000099908.1	0
ENSMUSG00000099910.1	0
ENSMUSG00000099911.1	0
ENSMUSG00000099912.1	0
ENSMUSG00000099913.1	0
ENSMUSG00000099914.1	0
ENSMUSG00000099915.1	0
ENSMUSG00000099916.6	0
ENSMUSG00000099917.2	0
ENSMUSG00000099918.1	0
ENSMUSG00000099920.1	0
ENSMUSG00000099921.1	0
ENSMUSG00000099922.1	0
ENSMUSG00000099923.2	0
ENSMUSG00000099924.1	0
ENSMUSG00000099925.1	0
ENSMUSG00000099926.1	0
ENSMUSG00000099927.1	232.756930745718
ENSMUSG00000099928.1	0
ENSMUSG00000099929.1	0
ENSMUSG00000099930.1	0
ENSMUSG00000099931.1	0
ENSMUSG00000099932.1	0
ENSMUSG00000099933.1	0
ENSMUSG00000099934.1	0
ENSMUSG00000099935.1	0
ENSMUSG00000099936.1	0
ENSMUSG00000099937.1	0
ENSMUSG00000099938.1	87.3851033128733
ENSMUSG00000099939.1	0
ENSMUSG00000099940.1	0
ENSMUSG00000099941.1	0
ENSMUSG00000099942.1	0
ENSMUSG00000099943.1	0
ENSMUSG00000099944.1	0
ENSMUSG00000099945.1	0
ENSMUSG00000099946.1	0
ENSMUSG00000099947.1	0
ENSMUSG00000099948.1	0
ENSMUSG00000099949.1	0
ENSMUSG00000099950.1	0
ENSMUSG00000099951.1	0
ENSMUSG00000099952.1	0
ENSMUSG00000099953.1	0
ENSMUSG00000099954.1	0
ENSMUSG00000099955.1	0
ENSMUSG00000099956.1	0
ENSMUSG00000099957.4	0
ENSMUSG00000099958.1	0
ENSMUSG00000099959.1	0
ENSMUSG00000099960.1	0
ENSMUSG00000099961.1	0
ENSMUSG00000099962.1	0
ENSMUSG00000099963.6	0
ENSMUSG00000099964.6	64.0423334209509
ENSMUSG00000099965.1	0
ENSMUSG00000099966.1	17.5649124859702
ENSMUSG00000099967.1	0
ENSMUSG00000099968.7	0
ENSMUSG00000099969.1	0
ENSMUSG00000099970.1	0
ENSMUSG00000099971.1	0
ENSMUSG00000099972.1	0
ENSMUSG00000099973.1	0
ENSMUSG00000099974.1	0
ENSMUSG00000099975.1	0
ENSMUSG00000099976.1	0
ENSMUSG00000099977.6	0
ENSMUSG00000099978.1	0
ENSMUSG00000099979.1	0
ENSMUSG00000099980.1	86.5478525449097
ENSMUSG00000099981.1	0
ENSMUSG00000099982.1	0
ENSMUSG00000099983.1	0
ENSMUSG00000099985.1	0
ENSMUSG00000099986.1	0
ENSMUSG00000099988.7	0
ENSMUSG00000099989.1	0
ENSMUSG00000099990.6	0
ENSMUSG00000099991.1	0
ENSMUSG00000099992.1	0
ENSMUSG00000099993.1	0
ENSMUSG00000099994.1	0
ENSMUSG00000099995.1	0
ENSMUSG00000099996.1	0
ENSMUSG00000099997.1	0
ENSMUSG00000099998.1	0
ENSMUSG00000099999.1	0
ENSMUSG00000100000.6	0
ENSMUSG00000100001.1	0
ENSMUSG00000100002.2	0
ENSMUSG00000100003.1	0
ENSMUSG00000100004.1	0
ENSMUSG00000100005.7	0
ENSMUSG00000100006.1	0
ENSMUSG00000100007.1	0
ENSMUSG00000100008.1	0
ENSMUSG00000100009.6	0
ENSMUSG00000100010.5	0
ENSMUSG00000100011.1	0
ENSMUSG00000100012.1	0
ENSMUSG00000100013.1	0
ENSMUSG00000100014.1	0
ENSMUSG00000100015.1	0
ENSMUSG00000100016.3	0
ENSMUSG00000100017.2	33.9554890858404
ENSMUSG00000100018.1	0
ENSMUSG00000100019.1	0
ENSMUSG00000100020.1	0
ENSMUSG00000100021.1	0
ENSMUSG00000100022.2	0
ENSMUSG00000100023.1	0
ENSMUSG00000100024.1	0
ENSMUSG00000100025.1	1.99688599752276
ENSMUSG00000100026.1	0
ENSMUSG00000100027.1	0
ENSMUSG00000100028.1	0
ENSMUSG00000100029.1	0
ENSMUSG00000100031.1	0
ENSMUSG00000100032.1	0
ENSMUSG00000100033.1	33.8326402872307
ENSMUSG00000100034.1	0
ENSMUSG00000100035.1	0
ENSMUSG00000100036.1	0
ENSMUSG00000100037.1	0
ENSMUSG00000100038.1	0
ENSMUSG00000100039.1	0
ENSMUSG00000100040.1	0
ENSMUSG00000100041.1	0
ENSMUSG00000100042.1	0
ENSMUSG00000100043.1	0
ENSMUSG00000100044.1	0
ENSMUSG00000100045.1	0
ENSMUSG00000100046.1	0
ENSMUSG00000100047.1	0
ENSMUSG00000100048.1	0
ENSMUSG00000100049.1	0
ENSMUSG00000100050.1	0
ENSMUSG00000100051.1	0
ENSMUSG00000100052.1	0
ENSMUSG00000100053.1	0
ENSMUSG00000100054.6	0
ENSMUSG00000100055.1	0
ENSMUSG00000100056.1	0
ENSMUSG00000100057.6	0
ENSMUSG00000100058.1	0
ENSMUSG00000100059.1	0
ENSMUSG00000100060.1	0
ENSMUSG00000100061.1	0
ENSMUSG00000100062.1	0
ENSMUSG00000100063.1	0
ENSMUSG00000100064.1	0
ENSMUSG00000100065.1	0
ENSMUSG00000100066.1	0
ENSMUSG00000100067.1	0
ENSMUSG00000100068.1	0
ENSMUSG00000100069.1	0
ENSMUSG00000100070.6	0
ENSMUSG00000100071.1	0
ENSMUSG00000100072.1	0
ENSMUSG00000100073.1	0
ENSMUSG00000100074.1	0
ENSMUSG00000100075.1	14.2240244262188
ENSMUSG00000100076.1	0
ENSMUSG00000100077.1	0
ENSMUSG00000100078.1	1.53657754175656
ENSMUSG00000100079.1	0
ENSMUSG00000100080.1	0
ENSMUSG00000100081.1	0
ENSMUSG00000100082.1	0
ENSMUSG00000100083.6	0
ENSMUSG00000100084.2	37.9141792593317
ENSMUSG00000100085.1	0
ENSMUSG00000100086.1	0
ENSMUSG00000100087.1	0
ENSMUSG00000100088.1	0
ENSMUSG00000100089.1	0
ENSMUSG00000100090.1	0
ENSMUSG00000100091.1	0
ENSMUSG00000100092.1	0
ENSMUSG00000100093.1	0
ENSMUSG00000100094.1	0
ENSMUSG00000100095.1	0
ENSMUSG00000100096.1	0
ENSMUSG00000100097.6	0
ENSMUSG00000100098.1	0
ENSMUSG00000100099.1	0
ENSMUSG00000100100.1	0
ENSMUSG00000100101.1	0
ENSMUSG00000100103.1	0
ENSMUSG00000100104.1	13.8504841767877
ENSMUSG00000100105.1	0
ENSMUSG00000100106.1	0
ENSMUSG00000100107.1	0
ENSMUSG00000100108.1	0
ENSMUSG00000100109.1	0
ENSMUSG00000100110.1	0
ENSMUSG00000100111.2	0
ENSMUSG00000100112.1	0
ENSMUSG00000100113.1	30.6989971519631
ENSMUSG00000100115.1	0
ENSMUSG00000100116.1	0
ENSMUSG00000100117.1	0
ENSMUSG00000100118.1	0
ENSMUSG00000100119.1	0
ENSMUSG00000100120.1	0
ENSMUSG00000100121.1	0
ENSMUSG00000100122.1	0
ENSMUSG00000100123.1	0
ENSMUSG00000100124.1	0
ENSMUSG00000100125.1	0
ENSMUSG00000100126.1	0
ENSMUSG00000100127.6	0
ENSMUSG00000100128.1	0
ENSMUSG00000100129.1	0
ENSMUSG00000100130.1	0
ENSMUSG00000100131.1	2.70535776572435
ENSMUSG00000100132.1	0
ENSMUSG00000100133.1	0
ENSMUSG00000100134.1	0
ENSMUSG00000100135.1	0
ENSMUSG00000100136.1	0
ENSMUSG00000100137.1	0
ENSMUSG00000100138.1	0
ENSMUSG00000100140.1	0
ENSMUSG00000100141.1	0
ENSMUSG00000100142.1	0
ENSMUSG00000100144.6	0
ENSMUSG00000100145.1	0
ENSMUSG00000100146.1	0
ENSMUSG00000100147.2	39.3904560188439
ENSMUSG00000100148.1	0
ENSMUSG00000100149.1	0
ENSMUSG00000100150.2	0
ENSMUSG00000100151.1	0
ENSMUSG00000100152.1	0
ENSMUSG00000100153.2	43.7600154974415
ENSMUSG00000100154.1	0
ENSMUSG00000100155.1	0
ENSMUSG00000100156.1	0
ENSMUSG00000100157.6	0
ENSMUSG00000100158.1	0
ENSMUSG00000100159.1	0
ENSMUSG00000100160.1	0
ENSMUSG00000100161.1	0
ENSMUSG00000100162.2	74.5224970133202
ENSMUSG00000100164.1	629.50027822581
ENSMUSG00000100165.1	0
ENSMUSG00000100166.1	0
ENSMUSG00000100167.6	0
ENSMUSG00000100168.2	0
ENSMUSG00000100169.1	0
ENSMUSG00000100170.1	0
ENSMUSG00000100171.1	0
ENSMUSG00000100172.1	0
ENSMUSG00000100174.1	0
ENSMUSG00000100175.6	0
ENSMUSG00000100176.1	0
ENSMUSG00000100177.1	0
ENSMUSG00000100178.1	0
ENSMUSG00000100179.1	0
ENSMUSG00000100180.1	0
ENSMUSG00000100182.6	0
ENSMUSG00000100183.1	0
ENSMUSG00000100184.1	0
ENSMUSG00000100185.1	0
ENSMUSG00000100186.1	0
ENSMUSG00000100187.1	0
ENSMUSG00000100188.1	0
ENSMUSG00000100189.1	0
ENSMUSG00000100190.1	0
ENSMUSG00000100191.1	0
ENSMUSG00000100192.1	0
ENSMUSG00000100193.1	0
ENSMUSG00000100194.1	0
ENSMUSG00000100195.1	0
ENSMUSG00000100196.1	0
ENSMUSG00000100197.1	0
ENSMUSG00000100198.1	0
ENSMUSG00000100199.1	0
ENSMUSG00000100200.1	0
ENSMUSG00000100201.1	0
ENSMUSG00000100202.1	0
ENSMUSG00000100203.1	0
ENSMUSG00000100204.1	0.75322918110969
ENSMUSG00000100205.1	0
ENSMUSG00000100206.1	0
ENSMUSG00000100207.1	0
ENSMUSG00000100209.1	0
ENSMUSG00000100210.2	0
ENSMUSG00000100211.1	0
ENSMUSG00000100212.1	0
ENSMUSG00000100213.1	26.8406210127024
ENSMUSG00000100215.1	0
ENSMUSG00000100216.1	0
ENSMUSG00000100217.1	0
ENSMUSG00000100218.1	0
ENSMUSG00000100219.1	0
ENSMUSG00000100220.1	0
ENSMUSG00000100221.6	0
ENSMUSG00000100222.1	0
ENSMUSG00000100223.1	0
ENSMUSG00000100225.1	0
ENSMUSG00000100226.1	0
ENSMUSG00000100227.6	0
ENSMUSG00000100228.1	14.1340414266274
ENSMUSG00000100229.1	0
ENSMUSG00000100230.1	0
ENSMUSG00000100231.1	0
ENSMUSG00000100232.6	0
ENSMUSG00000100233.1	0
ENSMUSG00000100234.1	0
ENSMUSG00000100235.8	0
ENSMUSG00000100236.1	0
ENSMUSG00000100237.1	0
ENSMUSG00000100238.1	0
ENSMUSG00000100239.1	0
ENSMUSG00000100240.1	0
ENSMUSG00000100241.1	147.391373041087
ENSMUSG00000100242.1	0
ENSMUSG00000100243.1	0
ENSMUSG00000100244.1	0
ENSMUSG00000100245.1	0
ENSMUSG00000100246.1	0
ENSMUSG00000100247.1	0
ENSMUSG00000100248.6	0
ENSMUSG00000100249.1	0
ENSMUSG00000100250.1	0
ENSMUSG00000100251.1	0
ENSMUSG00000100252.6	318.117681866257
ENSMUSG00000100253.1	0
ENSMUSG00000100254.1	0
ENSMUSG00000100255.1	0
ENSMUSG00000100256.1	0
ENSMUSG00000100257.1	0
ENSMUSG00000100258.1	0
ENSMUSG00000100260.1	0
ENSMUSG00000100261.1	0
ENSMUSG00000100262.1	0
ENSMUSG00000100263.1	0
ENSMUSG00000100264.1	0
ENSMUSG00000100265.1	0
ENSMUSG00000100266.2	0
ENSMUSG00000100267.1	0
ENSMUSG00000100268.1	0
ENSMUSG00000100269.1	0
ENSMUSG00000100270.1	0
ENSMUSG00000100271.1	0
ENSMUSG00000100272.1	0
ENSMUSG00000100273.1	0
ENSMUSG00000100274.1	0
ENSMUSG00000100275.1	0
ENSMUSG00000100276.1	0
ENSMUSG00000100277.8	0
ENSMUSG00000100278.1	0
ENSMUSG00000100279.1	0
ENSMUSG00000100280.2	0
ENSMUSG00000100281.1	0
ENSMUSG00000100282.1	0
ENSMUSG00000100283.1	0
ENSMUSG00000100284.1	0
ENSMUSG00000100285.1	0
ENSMUSG00000100286.1	0
ENSMUSG00000100287.1	0
ENSMUSG00000100288.1	0
ENSMUSG00000100289.1	0
ENSMUSG00000100290.1	0
ENSMUSG00000100291.6	0
ENSMUSG00000100292.1	0
ENSMUSG00000100294.6	0
ENSMUSG00000100295.1	0
ENSMUSG00000100296.2	0
ENSMUSG00000100297.1	0
ENSMUSG00000100298.1	0
ENSMUSG00000100299.1	0
ENSMUSG00000100300.1	0
ENSMUSG00000100301.6	0
ENSMUSG00000100302.1	0
ENSMUSG00000100303.3	131.056696389974
ENSMUSG00000100304.1	0
ENSMUSG00000100305.1	0
ENSMUSG00000100306.1	0
ENSMUSG00000100307.1	0
ENSMUSG00000100308.1	0
ENSMUSG00000100309.1	4.38516527110385
ENSMUSG00000100310.1	0
ENSMUSG00000100311.6	0
ENSMUSG00000100312.1	0
ENSMUSG00000100313.1	0
ENSMUSG00000100314.6	0
ENSMUSG00000100315.6	0
ENSMUSG00000100316.1	0
ENSMUSG00000100317.1	0
ENSMUSG00000100318.2	0
ENSMUSG00000100319.1	0
ENSMUSG00000100320.1	101.723923948769
ENSMUSG00000100321.1	0
ENSMUSG00000100322.6	0
ENSMUSG00000100324.1	0
ENSMUSG00000100325.1	0
ENSMUSG00000100326.1	0
ENSMUSG00000100328.6	0
ENSMUSG00000100329.1	0
ENSMUSG00000100330.1	0
ENSMUSG00000100331.1	0
ENSMUSG00000100332.1	0
ENSMUSG00000100333.1	0
ENSMUSG00000100334.1	0
ENSMUSG00000100335.2	0
ENSMUSG00000100336.1	0
ENSMUSG00000100337.1	0
ENSMUSG00000100338.2	0
ENSMUSG00000100339.1	0
ENSMUSG00000100340.1	0
ENSMUSG00000100341.1	0
ENSMUSG00000100343.1	0
ENSMUSG00000100344.1	0
ENSMUSG00000100345.1	0
ENSMUSG00000100346.2	0
ENSMUSG00000100347.1	3.63193608999416
ENSMUSG00000100349.1	0
ENSMUSG00000100350.1	0
ENSMUSG00000100351.1	0
ENSMUSG00000100352.1	0
ENSMUSG00000100353.1	0
ENSMUSG00000100354.1	0
ENSMUSG00000100355.1	0
ENSMUSG00000100356.1	0
ENSMUSG00000100357.1	0
ENSMUSG00000100358.1	0
ENSMUSG00000100359.1	0
ENSMUSG00000100360.1	0
ENSMUSG00000100361.1	0
ENSMUSG00000100362.1	0
ENSMUSG00000100363.1	0
ENSMUSG00000100364.1	0
ENSMUSG00000100365.1	0
ENSMUSG00000100366.1	0
ENSMUSG00000100367.1	0
ENSMUSG00000100368.1	0
ENSMUSG00000100369.1	0
ENSMUSG00000100372.1	0
ENSMUSG00000100373.6	0
ENSMUSG00000100374.1	0
ENSMUSG00000100375.1	0
ENSMUSG00000100376.1	0
ENSMUSG00000100377.1	0
ENSMUSG00000100378.1	0
ENSMUSG00000100379.6	0
ENSMUSG00000100380.1	0
ENSMUSG00000100381.1	0
ENSMUSG00000100382.1	0
ENSMUSG00000100383.1	0
ENSMUSG00000100384.1	0
ENSMUSG00000100385.1	0
ENSMUSG00000100386.1	0
ENSMUSG00000100387.1	0
ENSMUSG00000100388.1	0
ENSMUSG00000100389.1	0
ENSMUSG00000100390.1	0
ENSMUSG00000100391.1	0
ENSMUSG00000100392.1	0
ENSMUSG00000100393.1	0
ENSMUSG00000100394.1	0
ENSMUSG00000100395.1	0
ENSMUSG00000100396.1	119.1069041057
ENSMUSG00000100397.1	0
ENSMUSG00000100398.1	0
ENSMUSG00000100399.6	0
ENSMUSG00000100400.1	0
ENSMUSG00000100401.6	0
ENSMUSG00000100402.1	0
ENSMUSG00000100403.1	0
ENSMUSG00000100404.1	0
ENSMUSG00000100405.1	0
ENSMUSG00000100406.1	0
ENSMUSG00000100407.1	0
ENSMUSG00000100408.1	0
ENSMUSG00000100410.1	0
ENSMUSG00000100411.1	0
ENSMUSG00000100412.1	0
ENSMUSG00000100413.1	0
ENSMUSG00000100415.6	0
ENSMUSG00000100416.1	0
ENSMUSG00000100417.2	416.639578096996
ENSMUSG00000100418.1	0
ENSMUSG00000100420.1	0
ENSMUSG00000100421.1	0
ENSMUSG00000100422.1	0
ENSMUSG00000100423.1	0
ENSMUSG00000100424.1	0
ENSMUSG00000100425.1	0
ENSMUSG00000100426.1	0
ENSMUSG00000100428.1	0
ENSMUSG00000100429.1	0
ENSMUSG00000100430.2	0
ENSMUSG00000100431.2	0
ENSMUSG00000100432.1	0
ENSMUSG00000100433.1	0
ENSMUSG00000100434.1	0
ENSMUSG00000100436.1	0
ENSMUSG00000100437.1	0
ENSMUSG00000100438.1	0
ENSMUSG00000100439.1	0
ENSMUSG00000100440.1	0
ENSMUSG00000100441.1	44.0112063336231
ENSMUSG00000100442.1	0
ENSMUSG00000100443.1	0
ENSMUSG00000100444.1	0
ENSMUSG00000100445.1	0
ENSMUSG00000100446.1	0
ENSMUSG00000100447.1	0
ENSMUSG00000100448.1	0
ENSMUSG00000100449.1	0
ENSMUSG00000100450.1	0
ENSMUSG00000100451.1	0
ENSMUSG00000100452.1	0
ENSMUSG00000100453.1	0
ENSMUSG00000100454.1	0
ENSMUSG00000100455.1	124.805328027795
ENSMUSG00000100456.1	0
ENSMUSG00000100457.6	0
ENSMUSG00000100458.2	0
ENSMUSG00000100459.6	0
ENSMUSG00000100460.1	0
ENSMUSG00000100461.1	0
ENSMUSG00000100462.1	0
ENSMUSG00000100463.1	0
ENSMUSG00000100464.1	0
ENSMUSG00000100465.1	0
ENSMUSG00000100466.1	0
ENSMUSG00000100467.1	0
ENSMUSG00000100468.1	0
ENSMUSG00000100469.1	0
ENSMUSG00000100470.1	0
ENSMUSG00000100471.1	0
ENSMUSG00000100472.1	0
ENSMUSG00000100473.1	0
ENSMUSG00000100474.1	0
ENSMUSG00000100475.1	37.6253784632099
ENSMUSG00000100476.1	0
ENSMUSG00000100477.1	0
ENSMUSG00000100478.1	0
ENSMUSG00000100479.1	0
ENSMUSG00000100480.1	0
ENSMUSG00000100481.1	0
ENSMUSG00000100483.1	0
ENSMUSG00000100484.1	0
ENSMUSG00000100485.1	0
ENSMUSG00000100486.7	0
ENSMUSG00000100487.1	0
ENSMUSG00000100488.1	0
ENSMUSG00000100489.1	0
ENSMUSG00000100490.1	42.1526188692912
ENSMUSG00000100491.1	0
ENSMUSG00000100492.1	0
ENSMUSG00000100494.1	0
ENSMUSG00000100495.1	0
ENSMUSG00000100496.1	0
ENSMUSG00000100497.1	0
ENSMUSG00000100499.6	0
ENSMUSG00000100500.1	0
ENSMUSG00000100501.1	0
ENSMUSG00000100502.1	0
ENSMUSG00000100503.1	0
ENSMUSG00000100504.1	0
ENSMUSG00000100505.1	0
ENSMUSG00000100506.1	0
ENSMUSG00000100507.1	0
ENSMUSG00000100508.6	0
ENSMUSG00000100509.1	0
ENSMUSG00000100510.7	0
ENSMUSG00000100511.1	0
ENSMUSG00000100512.1	0
ENSMUSG00000100513.1	0
ENSMUSG00000100514.1	2.98442054732223
ENSMUSG00000100515.6	43.1395291873905
ENSMUSG00000100516.1	0
ENSMUSG00000100517.1	0
ENSMUSG00000100518.1	0
ENSMUSG00000100519.1	0
ENSMUSG00000100520.1	0
ENSMUSG00000100521.1	0
ENSMUSG00000100522.1	0
ENSMUSG00000100523.1	0
ENSMUSG00000100524.1	0
ENSMUSG00000100525.1	0
ENSMUSG00000100526.1	0
ENSMUSG00000100527.1	0
ENSMUSG00000100528.1	0
ENSMUSG00000100529.1	0
ENSMUSG00000100530.1	0
ENSMUSG00000100531.1	0
ENSMUSG00000100532.1	0
ENSMUSG00000100533.6	0
ENSMUSG00000100534.1	0
ENSMUSG00000100535.1	0
ENSMUSG00000100537.1	0
ENSMUSG00000100538.1	0
ENSMUSG00000100539.1	0
ENSMUSG00000100540.1	0
ENSMUSG00000100541.1	0
ENSMUSG00000100542.1	0
ENSMUSG00000100543.1	0
ENSMUSG00000100544.1	0
ENSMUSG00000100546.1	0
ENSMUSG00000100547.1	0
ENSMUSG00000100548.1	0
ENSMUSG00000100549.1	0
ENSMUSG00000100550.2	0
ENSMUSG00000100551.1	0
ENSMUSG00000100552.1	101.483875648436
ENSMUSG00000100553.6	0
ENSMUSG00000100554.1	0
ENSMUSG00000100555.1	0
ENSMUSG00000100556.1	0
ENSMUSG00000100557.1	0
ENSMUSG00000100558.1	0
ENSMUSG00000100559.1	0
ENSMUSG00000100560.1	0
ENSMUSG00000100561.1	8.12771521838276
ENSMUSG00000100562.1	0
ENSMUSG00000100563.1	0
ENSMUSG00000100564.1	0
ENSMUSG00000100565.6	0
ENSMUSG00000100566.1	0
ENSMUSG00000100567.1	0
ENSMUSG00000100568.1	0
ENSMUSG00000100569.1	0
ENSMUSG00000100570.6	0
ENSMUSG00000100571.1	0
ENSMUSG00000100572.1	0
ENSMUSG00000100573.1	0
ENSMUSG00000100574.1	0
ENSMUSG00000100575.1	0
ENSMUSG00000100576.1	0
ENSMUSG00000100577.1	0
ENSMUSG00000100578.1	0
ENSMUSG00000100579.6	0
ENSMUSG00000100580.6	0
ENSMUSG00000100581.1	0
ENSMUSG00000100582.1	0
ENSMUSG00000100583.6	0
ENSMUSG00000100584.6	0
ENSMUSG00000100585.1	0
ENSMUSG00000100586.2	0
ENSMUSG00000100587.1	0
ENSMUSG00000100588.1	0
ENSMUSG00000100589.1	0
ENSMUSG00000100590.1	0
ENSMUSG00000100591.1	0
ENSMUSG00000100592.1	0
ENSMUSG00000100593.1	0
ENSMUSG00000100594.1	74.7560220923847
ENSMUSG00000100595.1	0
ENSMUSG00000100596.1	0
ENSMUSG00000100597.1	0
ENSMUSG00000100598.1	0
ENSMUSG00000100599.2	281.299934376834
ENSMUSG00000100600.6	68.1604523706867
ENSMUSG00000100602.1	0
ENSMUSG00000100603.6	0
ENSMUSG00000100604.1	0
ENSMUSG00000100605.1	0
ENSMUSG00000100606.1	0
ENSMUSG00000100607.1	0
ENSMUSG00000100608.1	0
ENSMUSG00000100609.6	0
ENSMUSG00000100610.1	0
ENSMUSG00000100611.1	0
ENSMUSG00000100613.1	0
ENSMUSG00000100614.1	0
ENSMUSG00000100615.1	0
ENSMUSG00000100616.1	0
ENSMUSG00000100617.1	0
ENSMUSG00000100619.1	0
ENSMUSG00000100620.1	0
ENSMUSG00000100621.2	0
ENSMUSG00000100622.1	17.6713127792783
ENSMUSG00000100623.1	0
ENSMUSG00000100624.1	0
ENSMUSG00000100625.7	0
ENSMUSG00000100626.1	0
ENSMUSG00000100627.6	0
ENSMUSG00000100628.1	0
ENSMUSG00000100629.1	0
ENSMUSG00000100630.1	0
ENSMUSG00000100632.1	0
ENSMUSG00000100634.1	0
ENSMUSG00000100635.1	0
ENSMUSG00000100636.1	0
ENSMUSG00000100637.1	0
ENSMUSG00000100639.1	0
ENSMUSG00000100640.1	0
ENSMUSG00000100641.1	0
ENSMUSG00000100642.1	0
ENSMUSG00000100643.1	0
ENSMUSG00000100644.1	0
ENSMUSG00000100645.1	0
ENSMUSG00000100646.1	0
ENSMUSG00000100647.6	0
ENSMUSG00000100648.1	0
ENSMUSG00000100649.1	0
ENSMUSG00000100650.1	0
ENSMUSG00000100651.1	0
ENSMUSG00000100652.1	0
ENSMUSG00000100653.1	0
ENSMUSG00000100654.1	0
ENSMUSG00000100655.1	0
ENSMUSG00000100656.1	0
ENSMUSG00000100657.1	0
ENSMUSG00000100658.1	0
ENSMUSG00000100659.1	0
ENSMUSG00000100660.1	0
ENSMUSG00000100661.1	0
ENSMUSG00000100662.1	0
ENSMUSG00000100663.1	0
ENSMUSG00000100664.1	0
ENSMUSG00000100665.1	0
ENSMUSG00000100666.1	0
ENSMUSG00000100667.1	0
ENSMUSG00000100668.1	0
ENSMUSG00000100669.1	0
ENSMUSG00000100670.1	0
ENSMUSG00000100671.1	0
ENSMUSG00000100672.1	0
ENSMUSG00000100673.1	0
ENSMUSG00000100674.1	0
ENSMUSG00000100675.1	0
ENSMUSG00000100676.1	0
ENSMUSG00000100677.1	0
ENSMUSG00000100678.1	0
ENSMUSG00000100679.1	0
ENSMUSG00000100680.1	129.207441189561
ENSMUSG00000100681.1	0
ENSMUSG00000100682.1	0
ENSMUSG00000100683.1	0
ENSMUSG00000100684.1	0
ENSMUSG00000100685.1	0
ENSMUSG00000100687.1	0
ENSMUSG00000100689.1	0
ENSMUSG00000100690.1	2354.03847939665
ENSMUSG00000100691.1	568.409156225728
ENSMUSG00000100692.1	0
ENSMUSG00000100693.1	0
ENSMUSG00000100694.1	0
ENSMUSG00000100695.1	0
ENSMUSG00000100696.1	0
ENSMUSG00000100697.1	0
ENSMUSG00000100698.1	0
ENSMUSG00000100699.1	0
ENSMUSG00000100700.1	0
ENSMUSG00000100701.1	78.0939450515599
ENSMUSG00000100702.1	0
ENSMUSG00000100703.6	0
ENSMUSG00000100704.1	0
ENSMUSG00000100705.1	0
ENSMUSG00000100706.6	0
ENSMUSG00000100707.1	19.606274992136
ENSMUSG00000100708.1	0
ENSMUSG00000100709.6	0
ENSMUSG00000100710.1	0
ENSMUSG00000100711.1	0
ENSMUSG00000100712.1	0
ENSMUSG00000100713.1	0
ENSMUSG00000100714.6	0
ENSMUSG00000100715.6	0
ENSMUSG00000100716.6	0
ENSMUSG00000100717.6	0
ENSMUSG00000100718.1	0
ENSMUSG00000100719.1	0
ENSMUSG00000100720.1	0
ENSMUSG00000100721.1	0
ENSMUSG00000100722.1	0
ENSMUSG00000100723.1	0
ENSMUSG00000100724.1	0
ENSMUSG00000100726.1	0
ENSMUSG00000100727.6	0
ENSMUSG00000100728.1	0
ENSMUSG00000100730.1	0
ENSMUSG00000100731.1	0
ENSMUSG00000100732.1	0
ENSMUSG00000100733.2	0
ENSMUSG00000100734.1	0
ENSMUSG00000100736.1	0
ENSMUSG00000100737.1	0
ENSMUSG00000100738.1	0
ENSMUSG00000100739.6	0
ENSMUSG00000100740.1	0
ENSMUSG00000100741.1	0
ENSMUSG00000100742.1	0
ENSMUSG00000100743.1	0
ENSMUSG00000100744.1	0
ENSMUSG00000100745.1	0
ENSMUSG00000100746.1	0
ENSMUSG00000100747.4	0
ENSMUSG00000100749.1	0
ENSMUSG00000100750.1	1.19986696264036
ENSMUSG00000100751.1	0
ENSMUSG00000100752.1	0
ENSMUSG00000100753.1	0
ENSMUSG00000100754.1	0
ENSMUSG00000100755.1	245.416255992084
ENSMUSG00000100756.1	0
ENSMUSG00000100757.1	0
ENSMUSG00000100758.1	0
ENSMUSG00000100759.6	0
ENSMUSG00000100760.1	0
ENSMUSG00000100761.1	0
ENSMUSG00000100762.1	0
ENSMUSG00000100763.1	0
ENSMUSG00000100764.1	0
ENSMUSG00000100765.1	0
ENSMUSG00000100767.1	0
ENSMUSG00000100768.1	0
ENSMUSG00000100769.1	0
ENSMUSG00000100770.1	0
ENSMUSG00000100771.1	0
ENSMUSG00000100772.1	0
ENSMUSG00000100773.1	0
ENSMUSG00000100774.1	324.216082250289
ENSMUSG00000100775.1	0
ENSMUSG00000100776.1	0
ENSMUSG00000100777.1	0
ENSMUSG00000100778.1	0
ENSMUSG00000100779.1	0
ENSMUSG00000100780.1	0
ENSMUSG00000100781.1	0
ENSMUSG00000100782.1	0
ENSMUSG00000100783.1	0
ENSMUSG00000100784.1	0
ENSMUSG00000100785.1	0
ENSMUSG00000100786.1	0
ENSMUSG00000100787.6	0
ENSMUSG00000100788.1	0
ENSMUSG00000100789.6	0
ENSMUSG00000100790.6	0
ENSMUSG00000100791.1	0
ENSMUSG00000100792.1	0
ENSMUSG00000100794.1	0
ENSMUSG00000100795.2	0
ENSMUSG00000100796.1	0
ENSMUSG00000100797.1	0
ENSMUSG00000100798.1	0
ENSMUSG00000100799.2	0
ENSMUSG00000100800.1	0
ENSMUSG00000100801.1	14325.2983103233
ENSMUSG00000100802.1	0
ENSMUSG00000100803.1	0
ENSMUSG00000100804.1	0
ENSMUSG00000100805.1	0
ENSMUSG00000100806.1	0
ENSMUSG00000100807.2	0
ENSMUSG00000100808.1	0
ENSMUSG00000100809.1	0
ENSMUSG00000100810.1	0
ENSMUSG00000100811.1	0
ENSMUSG00000100812.1	102.154050801828
ENSMUSG00000100813.1	0
ENSMUSG00000100814.1	0
ENSMUSG00000100815.1	0
ENSMUSG00000100816.1	0
ENSMUSG00000100817.1	0
ENSMUSG00000100818.1	0
ENSMUSG00000100819.1	0
ENSMUSG00000100820.1	0
ENSMUSG00000100821.1	0
ENSMUSG00000100822.1	0
ENSMUSG00000100823.1	0
ENSMUSG00000100825.1	0
ENSMUSG00000100826.6	73.706158007315
ENSMUSG00000100827.1	0
ENSMUSG00000100830.1	0
ENSMUSG00000100831.1	0
ENSMUSG00000100832.1	0
ENSMUSG00000100833.1	0
ENSMUSG00000100834.1	0
ENSMUSG00000100835.1	0
ENSMUSG00000100836.1	0
ENSMUSG00000100837.7	0
ENSMUSG00000100838.1	85.329976497717
ENSMUSG00000100839.1	0
ENSMUSG00000100841.1	0
ENSMUSG00000100842.1	0
ENSMUSG00000100843.1	0
ENSMUSG00000100844.1	0
ENSMUSG00000100845.1	0
ENSMUSG00000100846.1	0
ENSMUSG00000100847.1	0
ENSMUSG00000100848.1	0
ENSMUSG00000100849.1	0
ENSMUSG00000100850.1	0
ENSMUSG00000100852.1	0
ENSMUSG00000100853.1	0
ENSMUSG00000100854.1	0
ENSMUSG00000100856.1	0
ENSMUSG00000100857.2	0
ENSMUSG00000100858.1	0
ENSMUSG00000100859.6	0
ENSMUSG00000100860.1	0
ENSMUSG00000100861.1	0
ENSMUSG00000100862.1	2678.36246009632
ENSMUSG00000100863.1	36.4160856018957
ENSMUSG00000100864.1	0
ENSMUSG00000100865.2	13.5995430332862
ENSMUSG00000100866.1	0
ENSMUSG00000100867.1	0
ENSMUSG00000100868.1	0
ENSMUSG00000100869.1	0
ENSMUSG00000100870.1	0
ENSMUSG00000100871.1	0
ENSMUSG00000100872.2	0
ENSMUSG00000100873.1	0
ENSMUSG00000100874.1	0
ENSMUSG00000100875.6	0
ENSMUSG00000100876.1	0
ENSMUSG00000100877.1	0
ENSMUSG00000100878.1	0
ENSMUSG00000100879.1	0
ENSMUSG00000100880.2	0
ENSMUSG00000100881.1	0
ENSMUSG00000100882.1	0
ENSMUSG00000100883.1	0
ENSMUSG00000100884.1	0
ENSMUSG00000100885.1	0
ENSMUSG00000100886.1	0
ENSMUSG00000100887.1	0
ENSMUSG00000100888.1	0
ENSMUSG00000100889.1	0
ENSMUSG00000100890.1	0
ENSMUSG00000100891.1	30.8651364189853
ENSMUSG00000100892.1	0
ENSMUSG00000100893.1	0
ENSMUSG00000100894.1	0
ENSMUSG00000100895.1	0
ENSMUSG00000100896.1	0
ENSMUSG00000100897.1	0
ENSMUSG00000100898.6	0
ENSMUSG00000100899.2	0
ENSMUSG00000100900.6	0
ENSMUSG00000100901.1	0
ENSMUSG00000100902.1	0
ENSMUSG00000100903.1	0
ENSMUSG00000100904.1	0
ENSMUSG00000100905.1	0
ENSMUSG00000100906.1	0
ENSMUSG00000100907.1	0
ENSMUSG00000100908.1	0
ENSMUSG00000100910.1	0
ENSMUSG00000100911.2	0
ENSMUSG00000100912.1	0
ENSMUSG00000100913.1	0
ENSMUSG00000100914.1	0
ENSMUSG00000100915.6	0
ENSMUSG00000100916.3	0
ENSMUSG00000100917.1	0
ENSMUSG00000100918.1	0
ENSMUSG00000100919.1	0
ENSMUSG00000100920.1	0
ENSMUSG00000100922.1	124.215054532036
ENSMUSG00000100923.2	0
ENSMUSG00000100925.1	0
ENSMUSG00000100926.1	0
ENSMUSG00000100927.1	0
ENSMUSG00000100928.6	0
ENSMUSG00000100929.1	0
ENSMUSG00000100930.1	0
ENSMUSG00000100931.1	0
ENSMUSG00000100932.1	0
ENSMUSG00000100933.1	0
ENSMUSG00000100935.1	0
ENSMUSG00000100936.1	0
ENSMUSG00000100937.1	0
ENSMUSG00000100938.1	0
ENSMUSG00000100939.1	0
ENSMUSG00000100940.1	0
ENSMUSG00000100941.1	0
ENSMUSG00000100942.1	0
ENSMUSG00000100943.1	0
ENSMUSG00000100944.1	0
ENSMUSG00000100945.1	0
ENSMUSG00000100946.1	0
ENSMUSG00000100947.1	0
ENSMUSG00000100948.1	0
ENSMUSG00000100949.1	0
ENSMUSG00000100950.1	0
ENSMUSG00000100951.1	0
ENSMUSG00000100952.1	0
ENSMUSG00000100953.6	0
ENSMUSG00000100954.4	101.459187284691
ENSMUSG00000100955.1	0
ENSMUSG00000100956.1	0
ENSMUSG00000100957.6	0
ENSMUSG00000100958.1	0
ENSMUSG00000100959.1	0
ENSMUSG00000100960.1	0
ENSMUSG00000100961.1	0
ENSMUSG00000100962.3	0
ENSMUSG00000100963.1	0
ENSMUSG00000100964.1	0
ENSMUSG00000100965.1	0
ENSMUSG00000100966.1	0
ENSMUSG00000100967.1	5.06829323227519
ENSMUSG00000100968.1	0
ENSMUSG00000100969.7	0
ENSMUSG00000100970.1	0
ENSMUSG00000100971.1	0
ENSMUSG00000100972.1	0
ENSMUSG00000100973.1	0
ENSMUSG00000100974.1	0
ENSMUSG00000100975.2	44.7941177320798
ENSMUSG00000100976.1	0
ENSMUSG00000100977.1	0
ENSMUSG00000100978.1	0
ENSMUSG00000100979.1	0
ENSMUSG00000100980.1	0
ENSMUSG00000100981.1	0
ENSMUSG00000100982.1	0
ENSMUSG00000100983.1	0
ENSMUSG00000100984.1	0
ENSMUSG00000100985.1	0
ENSMUSG00000100986.1	0
ENSMUSG00000100987.1	0
ENSMUSG00000100988.6	0
ENSMUSG00000100989.1	0
ENSMUSG00000100990.1	0
ENSMUSG00000100991.1	0
ENSMUSG00000100992.1	0
ENSMUSG00000100993.1	0
ENSMUSG00000100994.1	0
ENSMUSG00000100995.1	0
ENSMUSG00000100996.1	0
ENSMUSG00000100998.1	0
ENSMUSG00000100999.1	0
ENSMUSG00000101000.1	0
ENSMUSG00000101001.1	0
ENSMUSG00000101002.1	0
ENSMUSG00000101003.6	0
ENSMUSG00000101004.1	0
ENSMUSG00000101005.1	0
ENSMUSG00000101006.1	0
ENSMUSG00000101007.1	0
ENSMUSG00000101008.1	0
ENSMUSG00000101009.6	0
ENSMUSG00000101010.1	0
ENSMUSG00000101011.6	0
ENSMUSG00000101012.6	0
ENSMUSG00000101013.1	22.4451247069593
ENSMUSG00000101014.1	0
ENSMUSG00000101015.1	0
ENSMUSG00000101016.1	0
ENSMUSG00000101017.1	0
ENSMUSG00000101018.1	0
ENSMUSG00000101019.1	0
ENSMUSG00000101020.1	0
ENSMUSG00000101021.1	0
ENSMUSG00000101022.1	0
ENSMUSG00000101023.1	0
ENSMUSG00000101024.1	0
ENSMUSG00000101025.1	0
ENSMUSG00000101026.1	0
ENSMUSG00000101027.1	0
ENSMUSG00000101028.1	0
ENSMUSG00000101029.1	0
ENSMUSG00000101030.1	0
ENSMUSG00000101031.2	0
ENSMUSG00000101032.6	0
ENSMUSG00000101033.1	0
ENSMUSG00000101035.1	0
ENSMUSG00000101036.1	0
ENSMUSG00000101037.1	21.3150156368222
ENSMUSG00000101038.1	0
ENSMUSG00000101039.1	0
ENSMUSG00000101040.6	0
ENSMUSG00000101041.1	0
ENSMUSG00000101042.1	0
ENSMUSG00000101043.1	0
ENSMUSG00000101044.1	0
ENSMUSG00000101045.1	0
ENSMUSG00000101046.1	0
ENSMUSG00000101049.1	0
ENSMUSG00000101050.1	0
ENSMUSG00000101051.6	0
ENSMUSG00000101052.1	0
ENSMUSG00000101053.1	0
ENSMUSG00000101054.1	0
ENSMUSG00000101055.1	0
ENSMUSG00000101056.1	0
ENSMUSG00000101057.1	0
ENSMUSG00000101058.1	0
ENSMUSG00000101059.1	0
ENSMUSG00000101060.1	0
ENSMUSG00000101061.1	0
ENSMUSG00000101062.1	0
ENSMUSG00000101063.1	0
ENSMUSG00000101064.1	0
ENSMUSG00000101065.1	0
ENSMUSG00000101066.1	0
ENSMUSG00000101067.1	0
ENSMUSG00000101068.1	0
ENSMUSG00000101069.1	0
ENSMUSG00000101070.1	0
ENSMUSG00000101071.1	0
ENSMUSG00000101072.1	0
ENSMUSG00000101073.2	0
ENSMUSG00000101074.1	0
ENSMUSG00000101075.1	0
ENSMUSG00000101076.2	0
ENSMUSG00000101077.1	0
ENSMUSG00000101078.3	0
ENSMUSG00000101079.1	0
ENSMUSG00000101080.1	0
ENSMUSG00000101081.1	0
ENSMUSG00000101082.1	0
ENSMUSG00000101083.1	0
ENSMUSG00000101084.1	0
ENSMUSG00000101085.1	0
ENSMUSG00000101086.2	0
ENSMUSG00000101087.1	0
ENSMUSG00000101088.6	0
ENSMUSG00000101089.1	0
ENSMUSG00000101090.6	0
ENSMUSG00000101091.1	0
ENSMUSG00000101092.1	0
ENSMUSG00000101093.1	0
ENSMUSG00000101094.1	0
ENSMUSG00000101095.1	0
ENSMUSG00000101096.1	0
ENSMUSG00000101097.1	0
ENSMUSG00000101098.1	0
ENSMUSG00000101099.6	0
ENSMUSG00000101100.6	0
ENSMUSG00000101101.1	0
ENSMUSG00000101102.1	0
ENSMUSG00000101103.1	0
ENSMUSG00000101104.6	0
ENSMUSG00000101105.1	0
ENSMUSG00000101106.6	0
ENSMUSG00000101107.1	0
ENSMUSG00000101108.1	0
ENSMUSG00000101109.6	0
ENSMUSG00000101110.1	0
ENSMUSG00000101111.1	1642.40569549974
ENSMUSG00000101112.1	0
ENSMUSG00000101113.1	0
ENSMUSG00000101114.1	0
ENSMUSG00000101115.1	0
ENSMUSG00000101116.1	0
ENSMUSG00000101117.1	0
ENSMUSG00000101118.1	0
ENSMUSG00000101119.1	0
ENSMUSG00000101120.1	0
ENSMUSG00000101122.1	0
ENSMUSG00000101123.1	0
ENSMUSG00000101124.1	0
ENSMUSG00000101125.1	0
ENSMUSG00000101126.1	0
ENSMUSG00000101127.1	0
ENSMUSG00000101128.1	0
ENSMUSG00000101129.1	0
ENSMUSG00000101130.1	0
ENSMUSG00000101131.1	0
ENSMUSG00000101132.2	0
ENSMUSG00000101133.1	0
ENSMUSG00000101134.1	0
ENSMUSG00000101135.1	0
ENSMUSG00000101136.1	0
ENSMUSG00000101137.1	0
ENSMUSG00000101138.6	0
ENSMUSG00000101139.1	0
ENSMUSG00000101140.1	0
ENSMUSG00000101141.1	0
ENSMUSG00000101142.1	0
ENSMUSG00000101143.1	0
ENSMUSG00000101144.2	13.4883673674712
ENSMUSG00000101145.1	0
ENSMUSG00000101146.1	0
ENSMUSG00000101147.1	0
ENSMUSG00000101148.1	0
ENSMUSG00000101149.1	0
ENSMUSG00000101150.1	0
ENSMUSG00000101151.1	0
ENSMUSG00000101152.1	0
ENSMUSG00000101153.1	0
ENSMUSG00000101154.1	0
ENSMUSG00000101155.6	0
ENSMUSG00000101156.1	0
ENSMUSG00000101157.1	0
ENSMUSG00000101158.1	0
ENSMUSG00000101159.1	0
ENSMUSG00000101160.1	0
ENSMUSG00000101161.1	0
ENSMUSG00000101162.2	0
ENSMUSG00000101163.1	0
ENSMUSG00000101164.6	0
ENSMUSG00000101166.6	0
ENSMUSG00000101167.1	0
ENSMUSG00000101168.1	0
ENSMUSG00000101170.1	0
ENSMUSG00000101171.1	0
ENSMUSG00000101172.1	0
ENSMUSG00000101173.1	0
ENSMUSG00000101174.8	0
ENSMUSG00000101177.6	0
ENSMUSG00000101178.1	0
ENSMUSG00000101179.1	0
ENSMUSG00000101180.1	0
ENSMUSG00000101181.2	0
ENSMUSG00000101182.1	0
ENSMUSG00000101183.1	0
ENSMUSG00000101184.1	0
ENSMUSG00000101185.1	0
ENSMUSG00000101186.1	0
ENSMUSG00000101188.1	96.9471781320963
ENSMUSG00000101189.1	0
ENSMUSG00000101190.6	0
ENSMUSG00000101191.6	0
ENSMUSG00000101192.6	0
ENSMUSG00000101193.1	0
ENSMUSG00000101194.1	0
ENSMUSG00000101195.1	0
ENSMUSG00000101196.2	0
ENSMUSG00000101197.1	0
ENSMUSG00000101198.6	0
ENSMUSG00000101199.1	0
ENSMUSG00000101200.1	0
ENSMUSG00000101201.1	0
ENSMUSG00000101202.6	0
ENSMUSG00000101203.1	0
ENSMUSG00000101204.6	0
ENSMUSG00000101205.1	0
ENSMUSG00000101206.1	0
ENSMUSG00000101207.1	0
ENSMUSG00000101208.1	0
ENSMUSG00000101209.1	75.6297592032282
ENSMUSG00000101210.1	0
ENSMUSG00000101211.1	0
ENSMUSG00000101212.1	0
ENSMUSG00000101213.1	0
ENSMUSG00000101214.1	0
ENSMUSG00000101215.1	0
ENSMUSG00000101216.1	0
ENSMUSG00000101218.1	0
ENSMUSG00000101219.1	0
ENSMUSG00000101220.1	0
ENSMUSG00000101221.1	0
ENSMUSG00000101222.1	0
ENSMUSG00000101223.6	0
ENSMUSG00000101224.1	0
ENSMUSG00000101225.1	33.2550699065721
ENSMUSG00000101226.1	0
ENSMUSG00000101227.1	0
ENSMUSG00000101228.1	0
ENSMUSG00000101229.1	0
ENSMUSG00000101230.1	0
ENSMUSG00000101231.1	0
ENSMUSG00000101232.1	0
ENSMUSG00000101233.1	0
ENSMUSG00000101234.1	0
ENSMUSG00000101235.1	0
ENSMUSG00000101236.1	0
ENSMUSG00000101237.1	0
ENSMUSG00000101238.1	0
ENSMUSG00000101239.1	0
ENSMUSG00000101240.1	0
ENSMUSG00000101241.1	0
ENSMUSG00000101242.1	0
ENSMUSG00000101243.1	0
ENSMUSG00000101244.6	0
ENSMUSG00000101245.1	0
ENSMUSG00000101246.1	0
ENSMUSG00000101247.1	0
ENSMUSG00000101248.1	0
ENSMUSG00000101249.1	23085.1702249323
ENSMUSG00000101250.1	0
ENSMUSG00000101251.1	0
ENSMUSG00000101252.1	0
ENSMUSG00000101253.1	113.281605090529
ENSMUSG00000101254.1	0
ENSMUSG00000101255.1	0
ENSMUSG00000101256.1	0
ENSMUSG00000101257.1	0
ENSMUSG00000101258.1	0
ENSMUSG00000101259.1	0
ENSMUSG00000101260.1	0
ENSMUSG00000101261.1	0
ENSMUSG00000101262.1	14.0849768149875
ENSMUSG00000101263.1	0
ENSMUSG00000101264.1	0
ENSMUSG00000101265.1	0
ENSMUSG00000101266.1	0
ENSMUSG00000101267.1	0
ENSMUSG00000101268.6	0
ENSMUSG00000101270.1	0
ENSMUSG00000101271.1	0
ENSMUSG00000101272.1	0
ENSMUSG00000101273.1	0
ENSMUSG00000101275.1	0
ENSMUSG00000101276.1	0
ENSMUSG00000101277.1	0
ENSMUSG00000101278.1	0
ENSMUSG00000101279.1	0
ENSMUSG00000101280.1	0
ENSMUSG00000101281.1	0
ENSMUSG00000101282.1	0
ENSMUSG00000101283.1	0
ENSMUSG00000101284.1	0
ENSMUSG00000101285.6	0
ENSMUSG00000101286.1	0
ENSMUSG00000101287.1	0
ENSMUSG00000101288.1	0
ENSMUSG00000101289.1	0
ENSMUSG00000101290.1	0
ENSMUSG00000101291.1	0
ENSMUSG00000101292.1	0
ENSMUSG00000101294.1	0
ENSMUSG00000101295.1	0
ENSMUSG00000101296.1	0
ENSMUSG00000101297.1	0
ENSMUSG00000101298.1	75.4263845152859
ENSMUSG00000101299.2	0
ENSMUSG00000101300.6	0
ENSMUSG00000101301.1	0
ENSMUSG00000101302.6	0
ENSMUSG00000101303.1	0
ENSMUSG00000101304.1	0
ENSMUSG00000101305.1	0
ENSMUSG00000101306.1	0
ENSMUSG00000101307.2	0
ENSMUSG00000101308.1	0
ENSMUSG00000101309.1	0
ENSMUSG00000101310.1	0
ENSMUSG00000101311.1	0
ENSMUSG00000101312.1	0
ENSMUSG00000101313.1	0
ENSMUSG00000101314.1	0
ENSMUSG00000101315.1	0
ENSMUSG00000101316.1	235.62895837541
ENSMUSG00000101317.1	0
ENSMUSG00000101318.1	0
ENSMUSG00000101319.1	0
ENSMUSG00000101320.1	34.6118375070709
ENSMUSG00000101321.1	0
ENSMUSG00000101323.1	0
ENSMUSG00000101324.1	0
ENSMUSG00000101325.1	0
ENSMUSG00000101326.6	0
ENSMUSG00000101327.1	0
ENSMUSG00000101328.1	0
ENSMUSG00000101329.1	0
ENSMUSG00000101330.1	16.8785385199576
ENSMUSG00000101331.1	0
ENSMUSG00000101332.1	0
ENSMUSG00000101333.1	0
ENSMUSG00000101334.1	0
ENSMUSG00000101335.1	0
ENSMUSG00000101336.1	0
ENSMUSG00000101337.6	0
ENSMUSG00000101338.1	0
ENSMUSG00000101339.1	0
ENSMUSG00000101340.1	0
ENSMUSG00000101341.1	0
ENSMUSG00000101342.1	0
ENSMUSG00000101343.1	0
ENSMUSG00000101344.1	0
ENSMUSG00000101345.1	0
ENSMUSG00000101346.1	0
ENSMUSG00000101347.1	0
ENSMUSG00000101348.6	0
ENSMUSG00000101349.1	0
ENSMUSG00000101350.6	0
ENSMUSG00000101351.1	0
ENSMUSG00000101352.1	0
ENSMUSG00000101353.6	0
ENSMUSG00000101354.1	0
ENSMUSG00000101355.1	0
ENSMUSG00000101356.1	0
ENSMUSG00000101357.1	0
ENSMUSG00000101358.1	0
ENSMUSG00000101359.1	0
ENSMUSG00000101360.2	0
ENSMUSG00000101361.2	0
ENSMUSG00000101362.1	0
ENSMUSG00000101363.1	0
ENSMUSG00000101364.1	0
ENSMUSG00000101365.1	0
ENSMUSG00000101366.1	0
ENSMUSG00000101367.1	0
ENSMUSG00000101368.1	0
ENSMUSG00000101369.1	0
ENSMUSG00000101370.1	0
ENSMUSG00000101371.1	23.6265456228572
ENSMUSG00000101372.1	0
ENSMUSG00000101373.2	0
ENSMUSG00000101374.6	0
ENSMUSG00000101375.1	0
ENSMUSG00000101376.1	0
ENSMUSG00000101377.1	0
ENSMUSG00000101378.1	0
ENSMUSG00000101379.1	0
ENSMUSG00000101380.1	0
ENSMUSG00000101381.1	0
ENSMUSG00000101382.1	0
ENSMUSG00000101383.1	0
ENSMUSG00000101385.1	0
ENSMUSG00000101386.1	0
ENSMUSG00000101387.1	0
ENSMUSG00000101388.1	0
ENSMUSG00000101389.1	0
ENSMUSG00000101390.1	0
ENSMUSG00000101391.3	0
ENSMUSG00000101392.1	0
ENSMUSG00000101393.1	0
ENSMUSG00000101394.1	0
ENSMUSG00000101395.1	0
ENSMUSG00000101396.1	0
ENSMUSG00000101397.6	0
ENSMUSG00000101398.1	0
ENSMUSG00000101399.1	0
ENSMUSG00000101400.1	0
ENSMUSG00000101401.1	0
ENSMUSG00000101402.1	0
ENSMUSG00000101403.1	0
ENSMUSG00000101404.1	0
ENSMUSG00000101405.1	0
ENSMUSG00000101406.1	0
ENSMUSG00000101407.6	0
ENSMUSG00000101408.1	0
ENSMUSG00000101409.1	0
ENSMUSG00000101410.1	0
ENSMUSG00000101411.1	0
ENSMUSG00000101412.6	0
ENSMUSG00000101413.1	0
ENSMUSG00000101414.1	0
ENSMUSG00000101415.1	0
ENSMUSG00000101416.1	0
ENSMUSG00000101417.1	0
ENSMUSG00000101418.1	0
ENSMUSG00000101419.1	0
ENSMUSG00000101420.1	0
ENSMUSG00000101421.1	0
ENSMUSG00000101422.6	0
ENSMUSG00000101423.6	0
ENSMUSG00000101424.6	0
ENSMUSG00000101425.1	0
ENSMUSG00000101426.1	0
ENSMUSG00000101427.1	0
ENSMUSG00000101428.1	0
ENSMUSG00000101429.1	0
ENSMUSG00000101431.1	1.23051673912276
ENSMUSG00000101433.1	0
ENSMUSG00000101434.1	0
ENSMUSG00000101435.1	0
ENSMUSG00000101436.1	0
ENSMUSG00000101437.1	0
ENSMUSG00000101438.2	197.429598863818
ENSMUSG00000101439.1	0
ENSMUSG00000101440.1	0
ENSMUSG00000101441.1	0
ENSMUSG00000101442.1	0
ENSMUSG00000101443.1	0
ENSMUSG00000101444.6	0
ENSMUSG00000101445.1	0
ENSMUSG00000101446.1	0
ENSMUSG00000101447.1	0
ENSMUSG00000101448.1	0
ENSMUSG00000101449.1	0
ENSMUSG00000101450.1	0
ENSMUSG00000101451.1	0
ENSMUSG00000101452.1	0
ENSMUSG00000101453.1	0
ENSMUSG00000101454.1	0
ENSMUSG00000101455.1	0
ENSMUSG00000101456.1	0
ENSMUSG00000101457.1	0
ENSMUSG00000101459.1	0
ENSMUSG00000101462.2	0
ENSMUSG00000101463.1	0
ENSMUSG00000101464.1	0
ENSMUSG00000101465.1	0
ENSMUSG00000101466.1	0
ENSMUSG00000101467.1	0
ENSMUSG00000101468.1	0
ENSMUSG00000101469.1	0
ENSMUSG00000101470.1	0
ENSMUSG00000101471.1	0
ENSMUSG00000101472.1	0
ENSMUSG00000101473.1	0
ENSMUSG00000101474.1	0
ENSMUSG00000101475.1	0
ENSMUSG00000101476.1	0
ENSMUSG00000101477.1	0
ENSMUSG00000101478.1	0
ENSMUSG00000101479.1	0
ENSMUSG00000101480.3	0
ENSMUSG00000101481.1	0
ENSMUSG00000101482.1	0
ENSMUSG00000101483.1	0
ENSMUSG00000101484.1	0
ENSMUSG00000101486.1	1.84878702663786
ENSMUSG00000101487.1	0
ENSMUSG00000101489.1	0
ENSMUSG00000101490.1	0
ENSMUSG00000101491.1	0
ENSMUSG00000101492.1	0
ENSMUSG00000101493.1	0
ENSMUSG00000101494.1	0
ENSMUSG00000101495.1	0
ENSMUSG00000101496.1	2744.9004406433
ENSMUSG00000101497.1	0
ENSMUSG00000101498.1	0
ENSMUSG00000101499.1	0
ENSMUSG00000101500.1	0
ENSMUSG00000101501.1	0
ENSMUSG00000101502.1	7.72024797604293
ENSMUSG00000101503.1	0
ENSMUSG00000101504.1	0
ENSMUSG00000101505.1	0
ENSMUSG00000101506.1	0
ENSMUSG00000101507.1	0
ENSMUSG00000101508.1	0
ENSMUSG00000101509.1	0
ENSMUSG00000101510.1	0
ENSMUSG00000101511.1	0
ENSMUSG00000101512.1	0
ENSMUSG00000101513.6	0
ENSMUSG00000101514.1	0
ENSMUSG00000101515.1	0
ENSMUSG00000101516.6	0
ENSMUSG00000101517.6	0
ENSMUSG00000101518.1	0
ENSMUSG00000101519.1	0
ENSMUSG00000101520.1	0
ENSMUSG00000101521.1	0
ENSMUSG00000101522.1	0
ENSMUSG00000101523.2	6.6440413132226
ENSMUSG00000101525.1	0
ENSMUSG00000101526.1	0
ENSMUSG00000101527.1	0
ENSMUSG00000101528.1	0
ENSMUSG00000101529.1	0
ENSMUSG00000101530.1	0
ENSMUSG00000101531.6	0
ENSMUSG00000101532.1	0
ENSMUSG00000101533.1	0
ENSMUSG00000101534.1	0
ENSMUSG00000101535.1	0
ENSMUSG00000101536.6	0
ENSMUSG00000101537.1	0
ENSMUSG00000101538.1	0
ENSMUSG00000101539.1	0
ENSMUSG00000101540.2	0
ENSMUSG00000101541.1	0
ENSMUSG00000101542.6	0
ENSMUSG00000101543.1	0
ENSMUSG00000101544.1	0
ENSMUSG00000101545.1	0
ENSMUSG00000101546.1	0
ENSMUSG00000101547.1	0
ENSMUSG00000101548.1	0
ENSMUSG00000101549.1	0
ENSMUSG00000101550.1	0
ENSMUSG00000101551.1	0
ENSMUSG00000101552.1	0
ENSMUSG00000101553.1	0
ENSMUSG00000101554.2	0
ENSMUSG00000101555.1	0
ENSMUSG00000101557.1	0
ENSMUSG00000101558.1	0
ENSMUSG00000101559.1	0
ENSMUSG00000101560.6	0
ENSMUSG00000101562.1	0
ENSMUSG00000101563.1	0
ENSMUSG00000101564.1	0
ENSMUSG00000101565.2	0
ENSMUSG00000101566.1	0
ENSMUSG00000101567.1	0
ENSMUSG00000101568.1	0
ENSMUSG00000101569.1	0
ENSMUSG00000101570.1	0
ENSMUSG00000101571.2	0
ENSMUSG00000101573.1	0
ENSMUSG00000101574.1	0
ENSMUSG00000101575.1	0
ENSMUSG00000101576.1	0
ENSMUSG00000101578.2	0
ENSMUSG00000101579.1	0
ENSMUSG00000101580.1	0
ENSMUSG00000101581.6	0
ENSMUSG00000101582.1	0
ENSMUSG00000101583.1	0
ENSMUSG00000101584.2	0
ENSMUSG00000101585.6	0
ENSMUSG00000101586.1	0
ENSMUSG00000101587.2	0
ENSMUSG00000101588.1	0
ENSMUSG00000101589.1	1.18179545491805
ENSMUSG00000101590.1	0
ENSMUSG00000101592.1	0
ENSMUSG00000101593.1	0
ENSMUSG00000101594.1	0
ENSMUSG00000101595.1	0
ENSMUSG00000101596.1	0
ENSMUSG00000101597.2	0
ENSMUSG00000101598.1	0
ENSMUSG00000101599.1	0
ENSMUSG00000101600.1	0
ENSMUSG00000101601.1	0
ENSMUSG00000101602.1	0
ENSMUSG00000101603.1	0
ENSMUSG00000101605.1	0
ENSMUSG00000101606.1	0
ENSMUSG00000101607.1	0
ENSMUSG00000101608.1	0
ENSMUSG00000101609.2	0.604786882789644
ENSMUSG00000101610.1	29.6952013663721
ENSMUSG00000101611.1	0
ENSMUSG00000101612.2	0
ENSMUSG00000101613.1	0
ENSMUSG00000101614.1	0
ENSMUSG00000101615.1	0
ENSMUSG00000101616.1	0
ENSMUSG00000101617.1	0
ENSMUSG00000101618.1	0
ENSMUSG00000101619.1	0
ENSMUSG00000101621.2	1.27106058805416
ENSMUSG00000101622.1	0
ENSMUSG00000101623.1	0
ENSMUSG00000101624.1	0
ENSMUSG00000101625.1	0
ENSMUSG00000101626.6	0
ENSMUSG00000101627.1	0
ENSMUSG00000101628.1	0
ENSMUSG00000101629.1	0
ENSMUSG00000101630.1	0
ENSMUSG00000101631.1	0
ENSMUSG00000101632.1	0
ENSMUSG00000101633.1	0
ENSMUSG00000101634.6	0
ENSMUSG00000101636.1	0
ENSMUSG00000101637.1	0
ENSMUSG00000101638.1	0
ENSMUSG00000101639.1	0
ENSMUSG00000101640.1	0
ENSMUSG00000101641.1	0
ENSMUSG00000101642.6	0
ENSMUSG00000101643.1	0
ENSMUSG00000101644.1	0
ENSMUSG00000101645.1	0
ENSMUSG00000101646.1	0
ENSMUSG00000101647.1	0
ENSMUSG00000101648.1	0
ENSMUSG00000101649.1	0
ENSMUSG00000101650.1	0
ENSMUSG00000101651.1	0
ENSMUSG00000101652.1	0
ENSMUSG00000101653.1	0
ENSMUSG00000101654.1	0
ENSMUSG00000101655.1	73.7280997515789
ENSMUSG00000101656.1	0
ENSMUSG00000101657.1	0
ENSMUSG00000101658.1	0
ENSMUSG00000101659.1	0
ENSMUSG00000101660.1	0
ENSMUSG00000101661.1	0
ENSMUSG00000101662.1	0
ENSMUSG00000101664.1	0
ENSMUSG00000101665.1	0
ENSMUSG00000101666.1	0
ENSMUSG00000101667.1	0
ENSMUSG00000101668.1	0
ENSMUSG00000101669.1	0
ENSMUSG00000101670.1	0
ENSMUSG00000101671.1	0
ENSMUSG00000101672.1	0
ENSMUSG00000101673.1	0
ENSMUSG00000101674.6	0
ENSMUSG00000101675.1	0
ENSMUSG00000101676.1	0
ENSMUSG00000101678.3	0
ENSMUSG00000101679.1	0
ENSMUSG00000101680.1	0
ENSMUSG00000101681.6	0
ENSMUSG00000101682.1	0
ENSMUSG00000101683.6	0
ENSMUSG00000101684.1	0
ENSMUSG00000101685.1	0
ENSMUSG00000101686.6	0
ENSMUSG00000101687.1	0
ENSMUSG00000101688.1	0
ENSMUSG00000101689.1	0
ENSMUSG00000101690.1	0
ENSMUSG00000101691.1	0
ENSMUSG00000101692.1	0
ENSMUSG00000101693.1	67.4617186170091
ENSMUSG00000101694.1	0
ENSMUSG00000101695.1	0
ENSMUSG00000101698.1	0
ENSMUSG00000101699.1	0
ENSMUSG00000101700.1	0
ENSMUSG00000101701.1	0
ENSMUSG00000101702.1	0
ENSMUSG00000101703.1	0
ENSMUSG00000101704.1	0
ENSMUSG00000101705.1	0
ENSMUSG00000101706.1	0
ENSMUSG00000101707.1	0
ENSMUSG00000101708.6	0
ENSMUSG00000101709.1	0
ENSMUSG00000101710.1	0
ENSMUSG00000101711.1	0
ENSMUSG00000101712.1	0
ENSMUSG00000101713.1	0
ENSMUSG00000101714.1	0
ENSMUSG00000101715.1	0
ENSMUSG00000101717.2	0
ENSMUSG00000101718.1	0
ENSMUSG00000101719.1	0
ENSMUSG00000101720.1	0
ENSMUSG00000101721.1	0
ENSMUSG00000101722.1	0
ENSMUSG00000101723.1	0
ENSMUSG00000101724.1	0
ENSMUSG00000101725.6	0
ENSMUSG00000101726.1	0
ENSMUSG00000101727.1	0
ENSMUSG00000101728.6	0
ENSMUSG00000101729.1	0
ENSMUSG00000101730.1	0
ENSMUSG00000101731.1	0
ENSMUSG00000101732.1	0
ENSMUSG00000101733.1	0
ENSMUSG00000101734.1	0
ENSMUSG00000101735.1	0
ENSMUSG00000101736.1	0
ENSMUSG00000101737.1	0
ENSMUSG00000101739.1	0
ENSMUSG00000101740.6	0
ENSMUSG00000101741.1	0
ENSMUSG00000101742.1	0
ENSMUSG00000101743.6	0
ENSMUSG00000101744.6	0
ENSMUSG00000101745.6	0
ENSMUSG00000101746.1	0
ENSMUSG00000101747.1	0
ENSMUSG00000101748.1	0
ENSMUSG00000101750.3	0.601197550513192
ENSMUSG00000101751.1	0
ENSMUSG00000101752.1	0
ENSMUSG00000101753.1	0
ENSMUSG00000101754.2	0
ENSMUSG00000101755.1	0
ENSMUSG00000101756.1	0
ENSMUSG00000101757.1	0
ENSMUSG00000101758.1	0
ENSMUSG00000101759.1	0
ENSMUSG00000101760.1	0
ENSMUSG00000101761.6	0
ENSMUSG00000101762.1	0
ENSMUSG00000101763.1	0
ENSMUSG00000101764.1	0
ENSMUSG00000101765.1	0
ENSMUSG00000101766.1	0
ENSMUSG00000101768.1	0
ENSMUSG00000101769.1	0
ENSMUSG00000101770.1	0
ENSMUSG00000101771.6	0
ENSMUSG00000101772.1	0
ENSMUSG00000101773.1	0
ENSMUSG00000101774.6	0
ENSMUSG00000101775.6	0
ENSMUSG00000101776.1	0
ENSMUSG00000101777.1	0
ENSMUSG00000101778.1	0
ENSMUSG00000101779.6	0
ENSMUSG00000101780.1	0
ENSMUSG00000101781.1	0
ENSMUSG00000101782.1	0
ENSMUSG00000101783.1	0
ENSMUSG00000101784.1	0
ENSMUSG00000101785.1	0
ENSMUSG00000101786.6	0
ENSMUSG00000101787.1	0
ENSMUSG00000101788.1	0
ENSMUSG00000101789.1	0
ENSMUSG00000101790.1	0
ENSMUSG00000101791.1	0
ENSMUSG00000101792.1	0
ENSMUSG00000101793.1	0
ENSMUSG00000101794.1	0
ENSMUSG00000101795.2	23.6981137872912
ENSMUSG00000101796.1	0
ENSMUSG00000101797.1	0
ENSMUSG00000101798.1	0
ENSMUSG00000101799.1	0
ENSMUSG00000101800.1	0
ENSMUSG00000101801.6	0
ENSMUSG00000101802.1	0
ENSMUSG00000101803.1	0
ENSMUSG00000101804.1	0
ENSMUSG00000101805.1	0
ENSMUSG00000101806.1	0
ENSMUSG00000101807.1	1.82363048911768
ENSMUSG00000101808.1	0
ENSMUSG00000101809.1	0
ENSMUSG00000101810.1	0
ENSMUSG00000101811.1	0
ENSMUSG00000101812.1	0
ENSMUSG00000101813.1	0
ENSMUSG00000101814.1	8.67906786763079
ENSMUSG00000101815.1	0
ENSMUSG00000101816.1	0
ENSMUSG00000101817.1	0
ENSMUSG00000101818.1	0
ENSMUSG00000101819.1	0
ENSMUSG00000101820.1	0
ENSMUSG00000101821.1	0
ENSMUSG00000101822.1	0
ENSMUSG00000101823.1	0
ENSMUSG00000101824.1	0
ENSMUSG00000101825.1	0
ENSMUSG00000101826.1	0
ENSMUSG00000101827.1	0
ENSMUSG00000101829.1	0
ENSMUSG00000101830.1	0
ENSMUSG00000101831.1	0
ENSMUSG00000101832.1	0
ENSMUSG00000101833.1	0
ENSMUSG00000101834.1	13.4980429588251
ENSMUSG00000101835.1	0
ENSMUSG00000101836.1	0
ENSMUSG00000101837.1	0
ENSMUSG00000101838.6	0
ENSMUSG00000101839.1	0
ENSMUSG00000101840.1	0
ENSMUSG00000101841.1	10.133153190199
ENSMUSG00000101842.1	0
ENSMUSG00000101843.1	0
ENSMUSG00000101844.1	0
ENSMUSG00000101845.1	0
ENSMUSG00000101846.1	0
ENSMUSG00000101847.1	0
ENSMUSG00000101848.1	0
ENSMUSG00000101849.1	25.9133872451473
ENSMUSG00000101850.1	0
ENSMUSG00000101851.1	0
ENSMUSG00000101852.1	0
ENSMUSG00000101853.1	0
ENSMUSG00000101854.2	0
ENSMUSG00000101855.1	0
ENSMUSG00000101856.1	45.5269657481762
ENSMUSG00000101857.1	0
ENSMUSG00000101858.1	0
ENSMUSG00000101859.1	0
ENSMUSG00000101860.4	63.1734653173694
ENSMUSG00000101861.1	0
ENSMUSG00000101862.1	0
ENSMUSG00000101863.1	0
ENSMUSG00000101864.1	0
ENSMUSG00000101865.1	0
ENSMUSG00000101866.1	0
ENSMUSG00000101867.1	0
ENSMUSG00000101868.1	0
ENSMUSG00000101869.1	0
ENSMUSG00000101870.1	0
ENSMUSG00000101871.1	0
ENSMUSG00000101872.1	0
ENSMUSG00000101873.1	0
ENSMUSG00000101874.2	0
ENSMUSG00000101875.1	3.50462403472766
ENSMUSG00000101877.1	0
ENSMUSG00000101878.1	372.466976657272
ENSMUSG00000101879.1	0
ENSMUSG00000101880.1	0
ENSMUSG00000101881.1	0
ENSMUSG00000101882.1	0
ENSMUSG00000101883.1	0
ENSMUSG00000101884.1	0
ENSMUSG00000101885.1	0
ENSMUSG00000101886.1	0
ENSMUSG00000101887.1	0
ENSMUSG00000101888.1	0
ENSMUSG00000101890.1	0
ENSMUSG00000101891.6	0
ENSMUSG00000101892.1	1624.64277671845
ENSMUSG00000101893.1	0
ENSMUSG00000101894.1	0
ENSMUSG00000101895.1	0
ENSMUSG00000101896.1	0
ENSMUSG00000101897.1	0
ENSMUSG00000101898.1	0
ENSMUSG00000101899.1	0
ENSMUSG00000101900.1	0
ENSMUSG00000101901.1	0
ENSMUSG00000101902.1	0
ENSMUSG00000101903.1	0
ENSMUSG00000101904.1	0
ENSMUSG00000101905.1	0
ENSMUSG00000101906.1	0
ENSMUSG00000101907.1	0
ENSMUSG00000101908.1	0
ENSMUSG00000101909.2	0
ENSMUSG00000101910.1	0
ENSMUSG00000101911.1	0
ENSMUSG00000101912.1	0
ENSMUSG00000101913.1	0
ENSMUSG00000101914.1	0
ENSMUSG00000101915.1	0
ENSMUSG00000101916.1	0
ENSMUSG00000101917.1	0
ENSMUSG00000101918.2	0
ENSMUSG00000101919.1	0
ENSMUSG00000101920.6	0
ENSMUSG00000101921.1	0
ENSMUSG00000101922.1	0
ENSMUSG00000101923.1	0
ENSMUSG00000101925.1	0
ENSMUSG00000101927.1	0
ENSMUSG00000101928.1	0
ENSMUSG00000101929.6	0
ENSMUSG00000101930.1	0
ENSMUSG00000101931.1	0
ENSMUSG00000101932.1	212.060122973241
ENSMUSG00000101933.1	0
ENSMUSG00000101934.1	0
ENSMUSG00000101935.1	0
ENSMUSG00000101936.1	0
ENSMUSG00000101937.1	0
ENSMUSG00000101938.1	0
ENSMUSG00000101939.1	1447.00247758128
ENSMUSG00000101940.2	0
ENSMUSG00000101941.1	0
ENSMUSG00000101942.1	0
ENSMUSG00000101943.1	0
ENSMUSG00000101944.1	0
ENSMUSG00000101945.1	0
ENSMUSG00000101947.1	0
ENSMUSG00000101948.1	0
ENSMUSG00000101949.1	0
ENSMUSG00000101950.1	0
ENSMUSG00000101951.1	0
ENSMUSG00000101952.1	0
ENSMUSG00000101953.1	0
ENSMUSG00000101954.1	0
ENSMUSG00000101955.1	0
ENSMUSG00000101956.1	0
ENSMUSG00000101957.1	0
ENSMUSG00000101958.1	0
ENSMUSG00000101959.1	0
ENSMUSG00000101960.1	0
ENSMUSG00000101961.1	0
ENSMUSG00000101962.1	0
ENSMUSG00000101963.2	0
ENSMUSG00000101964.1	0
ENSMUSG00000101965.1	0
ENSMUSG00000101966.2	0
ENSMUSG00000101967.6	0
ENSMUSG00000101968.6	0
ENSMUSG00000101969.2	0
ENSMUSG00000101970.8	532.695893095147
ENSMUSG00000101971.1	0
ENSMUSG00000101972.1	0
ENSMUSG00000101973.1	0
ENSMUSG00000101974.1	0
ENSMUSG00000101975.1	0
ENSMUSG00000101977.1	0
ENSMUSG00000101978.1	0
ENSMUSG00000101980.1	0
ENSMUSG00000101981.1	0
ENSMUSG00000101982.6	0
ENSMUSG00000101983.1	0
ENSMUSG00000101984.1	0
ENSMUSG00000101985.1	0
ENSMUSG00000101986.1	0
ENSMUSG00000101987.1	0
ENSMUSG00000101988.1	0
ENSMUSG00000101989.1	0
ENSMUSG00000101990.1	0
ENSMUSG00000101991.1	0
ENSMUSG00000101992.1	0
ENSMUSG00000101993.1	0
ENSMUSG00000101994.1	0
ENSMUSG00000101995.1	0
ENSMUSG00000101996.1	0
ENSMUSG00000101997.1	0
ENSMUSG00000101998.1	0
ENSMUSG00000102000.6	0
ENSMUSG00000102001.1	0
ENSMUSG00000102002.1	0
ENSMUSG00000102003.1	0
ENSMUSG00000102004.3	0
ENSMUSG00000102005.6	0
ENSMUSG00000102006.1	0
ENSMUSG00000102008.1	0
ENSMUSG00000102009.6	0
ENSMUSG00000102010.1	0
ENSMUSG00000102011.1	0
ENSMUSG00000102013.1	0
ENSMUSG00000102014.1	292.084723038927
ENSMUSG00000102015.1	0
ENSMUSG00000102016.6	0
ENSMUSG00000102017.1	0
ENSMUSG00000102018.8	46.6504891738757
ENSMUSG00000102019.1	0
ENSMUSG00000102020.1	0
ENSMUSG00000102022.6	0
ENSMUSG00000102023.1	0
ENSMUSG00000102025.1	0
ENSMUSG00000102026.1	0
ENSMUSG00000102027.1	0
ENSMUSG00000102028.1	0
ENSMUSG00000102029.1	0
ENSMUSG00000102030.1	0
ENSMUSG00000102031.6	0
ENSMUSG00000102032.1	0
ENSMUSG00000102033.1	0
ENSMUSG00000102035.1	0
ENSMUSG00000102036.1	0
ENSMUSG00000102037.1	0
ENSMUSG00000102038.1	8.84089993592125
ENSMUSG00000102039.1	0
ENSMUSG00000102041.1	0
ENSMUSG00000102042.1	0
ENSMUSG00000102043.1	0
ENSMUSG00000102044.1	0
ENSMUSG00000102045.1	0
ENSMUSG00000102046.1	0
ENSMUSG00000102047.1	0
ENSMUSG00000102048.1	0
ENSMUSG00000102050.1	0
ENSMUSG00000102051.1	0
ENSMUSG00000102052.1	0
ENSMUSG00000102053.1	0
ENSMUSG00000102054.6	0
ENSMUSG00000102055.1	12.7994340514875
ENSMUSG00000102056.1	0
ENSMUSG00000102057.1	0
ENSMUSG00000102058.6	0
ENSMUSG00000102059.1	0
ENSMUSG00000102060.1	0
ENSMUSG00000102061.1	0
ENSMUSG00000102062.1	0
ENSMUSG00000102063.1	0
ENSMUSG00000102064.1	0
ENSMUSG00000102065.1	0
ENSMUSG00000102067.1	0
ENSMUSG00000102068.1	0
ENSMUSG00000102069.1	0
ENSMUSG00000102070.1	7983.534425034
ENSMUSG00000102071.1	0
ENSMUSG00000102072.1	0
ENSMUSG00000102073.1	0
ENSMUSG00000102074.1	0
ENSMUSG00000102075.2	0
ENSMUSG00000102076.1	0
ENSMUSG00000102077.1	0
ENSMUSG00000102079.1	0
ENSMUSG00000102080.2	0
ENSMUSG00000102081.1	0
ENSMUSG00000102082.1	0
ENSMUSG00000102083.1	0
ENSMUSG00000102084.1	0
ENSMUSG00000102085.2	0
ENSMUSG00000102087.1	0
ENSMUSG00000102088.6	0
ENSMUSG00000102090.1	0
ENSMUSG00000102091.2	0
ENSMUSG00000102092.1	0
ENSMUSG00000102093.1	0
ENSMUSG00000102095.1	34.1141063608746
ENSMUSG00000102096.1	0
ENSMUSG00000102097.1	0
ENSMUSG00000102098.1	0
ENSMUSG00000102099.2	0
ENSMUSG00000102100.1	0
ENSMUSG00000102101.1	301.322509489869
ENSMUSG00000102102.1	0
ENSMUSG00000102103.1	0
ENSMUSG00000102104.1	0
ENSMUSG00000102105.1	0
ENSMUSG00000102106.2	0
ENSMUSG00000102107.1	0
ENSMUSG00000102108.1	0
ENSMUSG00000102109.1	0
ENSMUSG00000102110.1	0
ENSMUSG00000102111.1	0
ENSMUSG00000102112.1	0
ENSMUSG00000102113.1	0
ENSMUSG00000102114.2	0
ENSMUSG00000102115.1	0
ENSMUSG00000102116.1	0
ENSMUSG00000102117.1	2.19458017699273
ENSMUSG00000102118.1	0
ENSMUSG00000102119.6	0
ENSMUSG00000102120.1	0
ENSMUSG00000102121.1	0
ENSMUSG00000102122.1	0
ENSMUSG00000102123.1	0
ENSMUSG00000102124.1	0
ENSMUSG00000102125.6	0
ENSMUSG00000102126.1	0
ENSMUSG00000102127.1	0
ENSMUSG00000102128.1	0
ENSMUSG00000102129.6	0
ENSMUSG00000102131.1	0
ENSMUSG00000102132.1	0
ENSMUSG00000102133.1	0
ENSMUSG00000102134.1	0
ENSMUSG00000102135.1	29.2861423331966
ENSMUSG00000102136.1	0
ENSMUSG00000102137.1	0
ENSMUSG00000102138.1	0
ENSMUSG00000102139.1	0
ENSMUSG00000102140.1	3.02071962069192
ENSMUSG00000102141.1	0
ENSMUSG00000102142.1	0
ENSMUSG00000102143.1	0
ENSMUSG00000102144.1	0
ENSMUSG00000102145.1	0
ENSMUSG00000102146.1	0
ENSMUSG00000102147.1	0
ENSMUSG00000102148.1	0
ENSMUSG00000102149.1	0
ENSMUSG00000102150.1	0
ENSMUSG00000102151.1	0
ENSMUSG00000102152.1	67.684132371809
ENSMUSG00000102153.1	0
ENSMUSG00000102154.1	0
ENSMUSG00000102155.1	0
ENSMUSG00000102157.1	0
ENSMUSG00000102158.1	0
ENSMUSG00000102159.1	0
ENSMUSG00000102160.1	0
ENSMUSG00000102162.1	0
ENSMUSG00000102163.1	0
ENSMUSG00000102164.1	0
ENSMUSG00000102166.1	0
ENSMUSG00000102167.1	0
ENSMUSG00000102168.1	0
ENSMUSG00000102169.1	0
ENSMUSG00000102170.1	0
ENSMUSG00000102172.1	0
ENSMUSG00000102173.1	0
ENSMUSG00000102174.1	0
ENSMUSG00000102175.1	0
ENSMUSG00000102176.1	0
ENSMUSG00000102177.5	0
ENSMUSG00000102178.1	0
ENSMUSG00000102179.1	0
ENSMUSG00000102180.1	0
ENSMUSG00000102181.1	0
ENSMUSG00000102182.1	0
ENSMUSG00000102184.1	0
ENSMUSG00000102185.1	0
ENSMUSG00000102186.1	0
ENSMUSG00000102187.1	0
ENSMUSG00000102188.1	0
ENSMUSG00000102189.1	5.50597328890723
ENSMUSG00000102190.1	0
ENSMUSG00000102191.1	13.1997850524445
ENSMUSG00000102192.1	0
ENSMUSG00000102193.1	0
ENSMUSG00000102194.1	0
ENSMUSG00000102195.5	0
ENSMUSG00000102196.1	0
ENSMUSG00000102197.1	0
ENSMUSG00000102198.1	0
ENSMUSG00000102199.1	0
ENSMUSG00000102200.1	0
ENSMUSG00000102201.1	0
ENSMUSG00000102202.1	0
ENSMUSG00000102203.1	0
ENSMUSG00000102204.1	0.91181524455884
ENSMUSG00000102205.1	0
ENSMUSG00000102206.5	20.5678415032049
ENSMUSG00000102207.1	0
ENSMUSG00000102208.1	0
ENSMUSG00000102211.1	0
ENSMUSG00000102212.1	0
ENSMUSG00000102213.1	0
ENSMUSG00000102214.1	0
ENSMUSG00000102215.1	71.4978135213317
ENSMUSG00000102216.1	0
ENSMUSG00000102217.1	0
ENSMUSG00000102218.1	0
ENSMUSG00000102219.1	0
ENSMUSG00000102220.1	0
ENSMUSG00000102221.1	0
ENSMUSG00000102222.1	64.5103823498002
ENSMUSG00000102223.1	0
ENSMUSG00000102224.5	0
ENSMUSG00000102225.1	0
ENSMUSG00000102227.1	0
ENSMUSG00000102229.1	0
ENSMUSG00000102230.1	0
ENSMUSG00000102231.1	0
ENSMUSG00000102232.1	0
ENSMUSG00000102233.1	0
ENSMUSG00000102234.1	42.7426738839549
ENSMUSG00000102235.1	0
ENSMUSG00000102236.1	0
ENSMUSG00000102238.1	0
ENSMUSG00000102239.1	0
ENSMUSG00000102240.1	0
ENSMUSG00000102241.1	0
ENSMUSG00000102242.1	0
ENSMUSG00000102243.1	0
ENSMUSG00000102244.1	0
ENSMUSG00000102245.1	0
ENSMUSG00000102246.1	0
ENSMUSG00000102247.1	0
ENSMUSG00000102248.1	0
ENSMUSG00000102249.1	0
ENSMUSG00000102250.1	0
ENSMUSG00000102251.5	0
ENSMUSG00000102252.5	46365.5085509131
ENSMUSG00000102253.1	0
ENSMUSG00000102254.1	0
ENSMUSG00000102255.1	0
ENSMUSG00000102256.1	0
ENSMUSG00000102257.1	0
ENSMUSG00000102258.1	0
ENSMUSG00000102259.1	0
ENSMUSG00000102260.1	3.2866735365845
ENSMUSG00000102261.1	0
ENSMUSG00000102262.1	0
ENSMUSG00000102263.1	0
ENSMUSG00000102264.1	0
ENSMUSG00000102265.1	0
ENSMUSG00000102266.1	0
ENSMUSG00000102267.1	0
ENSMUSG00000102268.1	0
ENSMUSG00000102269.1	0
ENSMUSG00000102270.1	0
ENSMUSG00000102271.1	0
ENSMUSG00000102272.1	0
ENSMUSG00000102273.5	0
ENSMUSG00000102274.1	0
ENSMUSG00000102275.1	0
ENSMUSG00000102276.1	0
ENSMUSG00000102277.1	0
ENSMUSG00000102278.1	0
ENSMUSG00000102279.1	0
ENSMUSG00000102280.1	0
ENSMUSG00000102281.1	0
ENSMUSG00000102282.1	0
ENSMUSG00000102283.1	0
ENSMUSG00000102284.1	0
ENSMUSG00000102285.1	0
ENSMUSG00000102286.1	0
ENSMUSG00000102287.1	0
ENSMUSG00000102288.1	0
ENSMUSG00000102289.1	0
ENSMUSG00000102290.1	0
ENSMUSG00000102291.1	0
ENSMUSG00000102293.1	0
ENSMUSG00000102294.1	0
ENSMUSG00000102295.1	0
ENSMUSG00000102296.1	0
ENSMUSG00000102297.1	0
ENSMUSG00000102298.1	162.062846750046
ENSMUSG00000102299.1	0
ENSMUSG00000102300.1	0
ENSMUSG00000102301.1	0
ENSMUSG00000102302.1	0
ENSMUSG00000102303.1	63.5786541140033
ENSMUSG00000102304.1	0
ENSMUSG00000102305.1	67.6378143796503
ENSMUSG00000102307.1	0
ENSMUSG00000102308.1	0
ENSMUSG00000102309.1	0
ENSMUSG00000102310.1	0
ENSMUSG00000102311.1	0
ENSMUSG00000102312.1	112.340669437153
ENSMUSG00000102313.1	0
ENSMUSG00000102314.1	0
ENSMUSG00000102315.1	0
ENSMUSG00000102316.1	0
ENSMUSG00000102317.1	0
ENSMUSG00000102318.1	0
ENSMUSG00000102319.1	0
ENSMUSG00000102320.1	0
ENSMUSG00000102321.1	0
ENSMUSG00000102322.1	0
ENSMUSG00000102323.1	0
ENSMUSG00000102324.1	0
ENSMUSG00000102325.1	0
ENSMUSG00000102326.1	0
ENSMUSG00000102327.1	0
ENSMUSG00000102328.1	0
ENSMUSG00000102329.1	0
ENSMUSG00000102330.1	29.0353572476202
ENSMUSG00000102331.1	0
ENSMUSG00000102332.1	0
ENSMUSG00000102333.1	0
ENSMUSG00000102334.1	0
ENSMUSG00000102335.5	0
ENSMUSG00000102336.1	0
ENSMUSG00000102337.1	0
ENSMUSG00000102338.1	0
ENSMUSG00000102339.1	0
ENSMUSG00000102341.1	0
ENSMUSG00000102342.1	0
ENSMUSG00000102343.1	0
ENSMUSG00000102344.1	18.3092463653513
ENSMUSG00000102345.1	0
ENSMUSG00000102346.5	0
ENSMUSG00000102347.1	0
ENSMUSG00000102348.1	12.6755552705724
ENSMUSG00000102349.1	0
ENSMUSG00000102350.5	0
ENSMUSG00000102352.1	0
ENSMUSG00000102353.1	8.84383382491244
ENSMUSG00000102354.1	0
ENSMUSG00000102355.1	0
ENSMUSG00000102356.1	0
ENSMUSG00000102357.1	0
ENSMUSG00000102358.1	0
ENSMUSG00000102359.1	0
ENSMUSG00000102360.1	0
ENSMUSG00000102362.1	0
ENSMUSG00000102363.1	0
ENSMUSG00000102364.1	0
ENSMUSG00000102365.1	0
ENSMUSG00000102366.1	0
ENSMUSG00000102368.1	0
ENSMUSG00000102369.1	0
ENSMUSG00000102370.1	0
ENSMUSG00000102371.4	0
ENSMUSG00000102372.1	0
ENSMUSG00000102373.1	0
ENSMUSG00000102374.1	0
ENSMUSG00000102375.1	0
ENSMUSG00000102376.1	0
ENSMUSG00000102377.1	0
ENSMUSG00000102378.1	0
ENSMUSG00000102379.1	0
ENSMUSG00000102380.1	0
ENSMUSG00000102381.1	0
ENSMUSG00000102382.1	0
ENSMUSG00000102383.1	0
ENSMUSG00000102384.1	0
ENSMUSG00000102385.1	0
ENSMUSG00000102386.1	0
ENSMUSG00000102387.1	0
ENSMUSG00000102388.5	0
ENSMUSG00000102389.1	0
ENSMUSG00000102390.1	0
ENSMUSG00000102391.1	0
ENSMUSG00000102392.5	0
ENSMUSG00000102393.1	0
ENSMUSG00000102394.1	0
ENSMUSG00000102396.1	0
ENSMUSG00000102397.1	0
ENSMUSG00000102398.1	0
ENSMUSG00000102399.1	0
ENSMUSG00000102400.1	0
ENSMUSG00000102401.1	0
ENSMUSG00000102402.1	0
ENSMUSG00000102403.1	0
ENSMUSG00000102404.1	0
ENSMUSG00000102405.1	0
ENSMUSG00000102406.1	0
ENSMUSG00000102407.1	0
ENSMUSG00000102408.1	11.3836141321448
ENSMUSG00000102409.1	0
ENSMUSG00000102410.1	0
ENSMUSG00000102411.1	0
ENSMUSG00000102413.1	0
ENSMUSG00000102414.1	0
ENSMUSG00000102415.1	0
ENSMUSG00000102416.4	45.1639438028944
ENSMUSG00000102417.1	0
ENSMUSG00000102418.1	13.8787930843941
ENSMUSG00000102419.1	0
ENSMUSG00000102420.1	0
ENSMUSG00000102421.1	0
ENSMUSG00000102422.1	0
ENSMUSG00000102423.1	0
ENSMUSG00000102424.2	0
ENSMUSG00000102425.1	0
ENSMUSG00000102427.1	0
ENSMUSG00000102428.1	50.2306764559189
ENSMUSG00000102429.5	0
ENSMUSG00000102430.1	0
ENSMUSG00000102432.1	0
ENSMUSG00000102433.1	0
ENSMUSG00000102434.1	0
ENSMUSG00000102436.1	0
ENSMUSG00000102438.1	0
ENSMUSG00000102439.4	0
ENSMUSG00000102440.1	44.9503317150679
ENSMUSG00000102441.1	0
ENSMUSG00000102442.1	0
ENSMUSG00000102443.1	0
ENSMUSG00000102445.1	0
ENSMUSG00000102446.1	0
ENSMUSG00000102447.1	0
ENSMUSG00000102448.1	0
ENSMUSG00000102449.1	0
ENSMUSG00000102450.1	0
ENSMUSG00000102451.1	0
ENSMUSG00000102452.1	0
ENSMUSG00000102453.1	0
ENSMUSG00000102456.1	0
ENSMUSG00000102457.1	0
ENSMUSG00000102458.1	0
ENSMUSG00000102459.1	0
ENSMUSG00000102460.1	0
ENSMUSG00000102461.1	0
ENSMUSG00000102462.1	0
ENSMUSG00000102463.1	0
ENSMUSG00000102464.2	0
ENSMUSG00000102465.1	0
ENSMUSG00000102466.1	0
ENSMUSG00000102467.1	0
ENSMUSG00000102469.1	0
ENSMUSG00000102470.1	0
ENSMUSG00000102471.1	0
ENSMUSG00000102473.1	0
ENSMUSG00000102474.1	0
ENSMUSG00000102475.1	0
ENSMUSG00000102476.1	0.617926960079959
ENSMUSG00000102478.1	1.18616507681982
ENSMUSG00000102479.1	0
ENSMUSG00000102480.1	0
ENSMUSG00000102481.1	0
ENSMUSG00000102482.1	0
ENSMUSG00000102483.2	0
ENSMUSG00000102484.1	0
ENSMUSG00000102485.1	0
ENSMUSG00000102486.1	0
ENSMUSG00000102487.1	0
ENSMUSG00000102488.1	0
ENSMUSG00000102489.1	0
ENSMUSG00000102490.1	6.03897352616784
ENSMUSG00000102491.1	0
ENSMUSG00000102492.1	0
ENSMUSG00000102493.1	2.19486108125785
ENSMUSG00000102494.1	0
ENSMUSG00000102495.1	0
ENSMUSG00000102496.1	0
ENSMUSG00000102497.1	0
ENSMUSG00000102498.1	0
ENSMUSG00000102499.1	0
ENSMUSG00000102500.1	0
ENSMUSG00000102501.1	0
ENSMUSG00000102502.1	0
ENSMUSG00000102503.1	0
ENSMUSG00000102504.1	38.0564728754043
ENSMUSG00000102505.1	0
ENSMUSG00000102506.1	0
ENSMUSG00000102507.1	0
ENSMUSG00000102508.1	0
ENSMUSG00000102509.1	0
ENSMUSG00000102510.2	0
ENSMUSG00000102511.1	0
ENSMUSG00000102512.1	0
ENSMUSG00000102513.1	0
ENSMUSG00000102514.1	0
ENSMUSG00000102515.1	0
ENSMUSG00000102516.1	0
ENSMUSG00000102517.1	0
ENSMUSG00000102518.1	0
ENSMUSG00000102520.5	0
ENSMUSG00000102521.1	0
ENSMUSG00000102522.1	0
ENSMUSG00000102523.1	0
ENSMUSG00000102524.1	0
ENSMUSG00000102525.1	0
ENSMUSG00000102526.1	0
ENSMUSG00000102528.1	0
ENSMUSG00000102529.1	0
ENSMUSG00000102530.1	0
ENSMUSG00000102531.1	0
ENSMUSG00000102532.1	0
ENSMUSG00000102533.1	0
ENSMUSG00000102534.1	0
ENSMUSG00000102535.1	0
ENSMUSG00000102536.1	0
ENSMUSG00000102537.1	0
ENSMUSG00000102538.1	0
ENSMUSG00000102539.1	0
ENSMUSG00000102540.1	0
ENSMUSG00000102541.1	0
ENSMUSG00000102542.1	0
ENSMUSG00000102543.5	695.687627826754
ENSMUSG00000102544.1	0
ENSMUSG00000102545.1	63.3547109915377
ENSMUSG00000102546.1	0
ENSMUSG00000102547.1	0
ENSMUSG00000102548.1	23.1790963401162
ENSMUSG00000102549.1	0
ENSMUSG00000102550.1	0.94724039354817
ENSMUSG00000102551.1	0
ENSMUSG00000102552.1	0
ENSMUSG00000102553.1	22.5288966011332
ENSMUSG00000102554.1	0
ENSMUSG00000102555.1	0
ENSMUSG00000102556.1	0
ENSMUSG00000102558.1	0
ENSMUSG00000102559.1	0
ENSMUSG00000102561.1	0
ENSMUSG00000102562.1	0
ENSMUSG00000102563.1	0
ENSMUSG00000102564.1	0
ENSMUSG00000102565.1	0
ENSMUSG00000102566.1	0
ENSMUSG00000102568.1	0
ENSMUSG00000102569.1	0
ENSMUSG00000102570.1	0
ENSMUSG00000102571.1	0
ENSMUSG00000102572.1	0
ENSMUSG00000102573.1	0
ENSMUSG00000102574.1	0
ENSMUSG00000102575.1	0
ENSMUSG00000102576.5	0
ENSMUSG00000102577.1	0
ENSMUSG00000102578.1	0
ENSMUSG00000102579.1	0
ENSMUSG00000102580.1	0
ENSMUSG00000102581.1	0
ENSMUSG00000102582.1	0
ENSMUSG00000102583.1	0
ENSMUSG00000102584.1	0
ENSMUSG00000102585.1	0
ENSMUSG00000102586.5	0
ENSMUSG00000102587.1	0
ENSMUSG00000102588.1	0
ENSMUSG00000102589.1	0
ENSMUSG00000102590.1	0
ENSMUSG00000102591.1	0
ENSMUSG00000102592.1	0
ENSMUSG00000102593.1	0
ENSMUSG00000102594.1	0
ENSMUSG00000102595.1	0
ENSMUSG00000102596.1	0
ENSMUSG00000102597.1	0
ENSMUSG00000102598.1	0
ENSMUSG00000102599.1	0
ENSMUSG00000102600.1	0
ENSMUSG00000102601.1	0
ENSMUSG00000102602.1	0
ENSMUSG00000102603.2	0
ENSMUSG00000102605.1	0
ENSMUSG00000102606.1	0
ENSMUSG00000102607.1	0
ENSMUSG00000102608.1	0
ENSMUSG00000102609.1	0
ENSMUSG00000102610.1	0
ENSMUSG00000102611.1	0
ENSMUSG00000102612.1	0
ENSMUSG00000102613.1	0
ENSMUSG00000102614.1	0
ENSMUSG00000102615.1	30.2455552448997
ENSMUSG00000102616.1	0
ENSMUSG00000102617.1	0
ENSMUSG00000102618.1	0
ENSMUSG00000102619.1	0
ENSMUSG00000102620.1	0
ENSMUSG00000102621.1	0
ENSMUSG00000102622.1	0
ENSMUSG00000102623.1	0
ENSMUSG00000102624.1	0
ENSMUSG00000102625.1	0
ENSMUSG00000102626.1	0
ENSMUSG00000102627.1	36744.0119301028
ENSMUSG00000102628.1	0
ENSMUSG00000102629.1	0
ENSMUSG00000102630.1	0
ENSMUSG00000102632.1	1.03254165538768
ENSMUSG00000102633.1	0
ENSMUSG00000102634.1	28.6855690143837
ENSMUSG00000102635.1	0
ENSMUSG00000102636.1	0
ENSMUSG00000102637.1	0
ENSMUSG00000102639.1	0
ENSMUSG00000102641.1	0
ENSMUSG00000102642.1	0
ENSMUSG00000102643.1	0
ENSMUSG00000102644.5	0
ENSMUSG00000102645.1	0
ENSMUSG00000102646.1	0
ENSMUSG00000102647.1	0
ENSMUSG00000102648.1	0
ENSMUSG00000102649.1	0
ENSMUSG00000102650.1	0
ENSMUSG00000102651.1	0
ENSMUSG00000102652.1	0
ENSMUSG00000102653.1	0
ENSMUSG00000102654.1	0
ENSMUSG00000102655.1	0
ENSMUSG00000102656.1	0
ENSMUSG00000102657.1	0
ENSMUSG00000102658.1	0
ENSMUSG00000102659.1	0
ENSMUSG00000102660.1	0
ENSMUSG00000102661.1	0
ENSMUSG00000102662.1	0
ENSMUSG00000102663.1	0
ENSMUSG00000102664.1	0
ENSMUSG00000102665.1	0
ENSMUSG00000102666.1	0
ENSMUSG00000102667.1	0
ENSMUSG00000102668.1	0
ENSMUSG00000102670.1	0
ENSMUSG00000102672.1	0
ENSMUSG00000102673.1	0
ENSMUSG00000102674.1	0
ENSMUSG00000102676.1	0
ENSMUSG00000102677.1	0
ENSMUSG00000102678.1	0
ENSMUSG00000102679.1	0
ENSMUSG00000102680.1	0
ENSMUSG00000102681.1	0
ENSMUSG00000102682.5	0
ENSMUSG00000102683.1	0
ENSMUSG00000102684.1	0
ENSMUSG00000102685.1	0
ENSMUSG00000102686.1	0
ENSMUSG00000102687.1	0
ENSMUSG00000102688.1	0
ENSMUSG00000102689.1	0
ENSMUSG00000102690.1	0
ENSMUSG00000102691.1	0
ENSMUSG00000102692.1	5.57133034792367
ENSMUSG00000102693.1	0
ENSMUSG00000102694.1	0
ENSMUSG00000102696.1	0
ENSMUSG00000102697.1	267.388774878782
ENSMUSG00000102698.1	0
ENSMUSG00000102699.1	0
ENSMUSG00000102700.1	0
ENSMUSG00000102701.1	0
ENSMUSG00000102702.1	0
ENSMUSG00000102703.1	0
ENSMUSG00000102704.1	0
ENSMUSG00000102705.2	0
ENSMUSG00000102706.1	0
ENSMUSG00000102707.1	0
ENSMUSG00000102709.1	0
ENSMUSG00000102710.1	0
ENSMUSG00000102712.1	0
ENSMUSG00000102713.1	0
ENSMUSG00000102714.1	0
ENSMUSG00000102715.1	0
ENSMUSG00000102716.1	0
ENSMUSG00000102717.1	0
ENSMUSG00000102718.1	0
ENSMUSG00000102719.1	0
ENSMUSG00000102721.1	0
ENSMUSG00000102722.1	51.7663176501251
ENSMUSG00000102723.1	0
ENSMUSG00000102725.2	0
ENSMUSG00000102726.1	0
ENSMUSG00000102728.1	0
ENSMUSG00000102729.1	0
ENSMUSG00000102730.1	0
ENSMUSG00000102731.1	0
ENSMUSG00000102732.1	0
ENSMUSG00000102733.1	0
ENSMUSG00000102734.1	0
ENSMUSG00000102735.1	0
ENSMUSG00000102737.1	46.7290799449375
ENSMUSG00000102738.1	0
ENSMUSG00000102739.1	0
ENSMUSG00000102740.1	0
ENSMUSG00000102741.1	0
ENSMUSG00000102742.1	121.455294973635
ENSMUSG00000102743.1	0
ENSMUSG00000102744.1	0
ENSMUSG00000102745.1	0
ENSMUSG00000102746.1	0
ENSMUSG00000102747.1	0
ENSMUSG00000102748.1	66.813859746902
ENSMUSG00000102749.1	0
ENSMUSG00000102750.1	0
ENSMUSG00000102751.1	0
ENSMUSG00000102752.1	2.59555540964993
ENSMUSG00000102753.1	23.8426858490697
ENSMUSG00000102754.1	0
ENSMUSG00000102755.1	0
ENSMUSG00000102756.1	0
ENSMUSG00000102757.1	0
ENSMUSG00000102758.3	4.53217183651332
ENSMUSG00000102759.1	0
ENSMUSG00000102760.1	0
ENSMUSG00000102761.1	0
ENSMUSG00000102762.1	0
ENSMUSG00000102763.1	0
ENSMUSG00000102764.1	0
ENSMUSG00000102765.1	0
ENSMUSG00000102766.1	0
ENSMUSG00000102768.1	0
ENSMUSG00000102769.1	0
ENSMUSG00000102770.1	0
ENSMUSG00000102771.1	0
ENSMUSG00000102772.5	0
ENSMUSG00000102773.1	0
ENSMUSG00000102774.1	139.868694398174
ENSMUSG00000102775.1	0
ENSMUSG00000102776.1	0
ENSMUSG00000102777.1	0
ENSMUSG00000102778.1	0
ENSMUSG00000102779.1	0
ENSMUSG00000102780.1	0
ENSMUSG00000102782.1	0
ENSMUSG00000102783.1	0
ENSMUSG00000102784.1	0
ENSMUSG00000102785.5	0
ENSMUSG00000102786.1	0
ENSMUSG00000102787.5	0
ENSMUSG00000102788.1	0
ENSMUSG00000102789.1	0
ENSMUSG00000102790.1	0
ENSMUSG00000102791.1	0
ENSMUSG00000102792.1	0
ENSMUSG00000102793.1	0
ENSMUSG00000102794.1	0
ENSMUSG00000102795.1	0
ENSMUSG00000102796.1	496.915681114713
ENSMUSG00000102797.1	0
ENSMUSG00000102799.1	0
ENSMUSG00000102800.1	0
ENSMUSG00000102801.1	0
ENSMUSG00000102802.3	0
ENSMUSG00000102803.1	0
ENSMUSG00000102804.1	0
ENSMUSG00000102805.5	0
ENSMUSG00000102806.1	0
ENSMUSG00000102807.1	0
ENSMUSG00000102808.1	0
ENSMUSG00000102809.1	0
ENSMUSG00000102810.1	0
ENSMUSG00000102813.1	0
ENSMUSG00000102814.1	0
ENSMUSG00000102815.1	0
ENSMUSG00000102816.1	0
ENSMUSG00000102817.2	0
ENSMUSG00000102818.1	0
ENSMUSG00000102819.1	0
ENSMUSG00000102820.1	0
ENSMUSG00000102821.1	0
ENSMUSG00000102822.1	0
ENSMUSG00000102824.1	497.384510333188
ENSMUSG00000102825.1	0
ENSMUSG00000102826.1	0
ENSMUSG00000102827.1	8.07375038789593
ENSMUSG00000102828.5	0
ENSMUSG00000102830.1	0
ENSMUSG00000102831.1	0
ENSMUSG00000102832.1	0
ENSMUSG00000102833.1	0
ENSMUSG00000102834.2	0
ENSMUSG00000102835.5	0
ENSMUSG00000102836.1	0
ENSMUSG00000102837.1	0
ENSMUSG00000102838.1	0
ENSMUSG00000102839.1	0
ENSMUSG00000102840.1	0
ENSMUSG00000102841.1	0
ENSMUSG00000102842.1	0
ENSMUSG00000102844.1	0
ENSMUSG00000102845.1	0
ENSMUSG00000102846.1	0
ENSMUSG00000102847.1	0
ENSMUSG00000102848.1	0
ENSMUSG00000102849.1	0
ENSMUSG00000102850.1	0
ENSMUSG00000102851.1	0
ENSMUSG00000102852.1	0
ENSMUSG00000102853.1	0
ENSMUSG00000102854.1	0
ENSMUSG00000102855.1	0
ENSMUSG00000102856.1	0
ENSMUSG00000102857.1	0
ENSMUSG00000102858.1	0
ENSMUSG00000102859.1	0
ENSMUSG00000102860.1	0
ENSMUSG00000102861.1	44.9796706049798
ENSMUSG00000102862.1	0
ENSMUSG00000102863.1	0
ENSMUSG00000102864.1	0
ENSMUSG00000102865.1	0
ENSMUSG00000102866.1	0
ENSMUSG00000102867.1	0
ENSMUSG00000102868.1	0
ENSMUSG00000102869.2	7314.61794123171
ENSMUSG00000102870.1	0
ENSMUSG00000102871.1	0
ENSMUSG00000102872.1	0
ENSMUSG00000102874.1	0
ENSMUSG00000102875.1	0
ENSMUSG00000102876.1	0
ENSMUSG00000102877.1	0
ENSMUSG00000102878.1	0
ENSMUSG00000102879.1	0
ENSMUSG00000102880.1	0
ENSMUSG00000102881.1	0
ENSMUSG00000102882.1	0
ENSMUSG00000102883.1	0
ENSMUSG00000102884.1	0
ENSMUSG00000102885.1	0
ENSMUSG00000102886.1	0
ENSMUSG00000102887.1	0
ENSMUSG00000102888.1	0
ENSMUSG00000102889.1	0
ENSMUSG00000102890.1	0
ENSMUSG00000102891.1	0
ENSMUSG00000102892.1	0
ENSMUSG00000102893.1	0
ENSMUSG00000102894.1	0
ENSMUSG00000102895.1	0
ENSMUSG00000102896.1	0
ENSMUSG00000102897.1	0
ENSMUSG00000102899.1	0
ENSMUSG00000102900.1	10.3320646214844
ENSMUSG00000102901.1	0
ENSMUSG00000102902.1	0
ENSMUSG00000102903.1	0
ENSMUSG00000102904.1	0
ENSMUSG00000102905.1	0
ENSMUSG00000102906.1	0
ENSMUSG00000102907.1	0
ENSMUSG00000102908.1	0
ENSMUSG00000102909.1	0
ENSMUSG00000102910.1	0
ENSMUSG00000102911.1	0
ENSMUSG00000102912.1	0
ENSMUSG00000102913.1	0
ENSMUSG00000102914.1	0
ENSMUSG00000102915.1	0
ENSMUSG00000102916.1	0
ENSMUSG00000102917.1	0
ENSMUSG00000102918.1	178.67174838708
ENSMUSG00000102919.1	0
ENSMUSG00000102920.1	0
ENSMUSG00000102921.1	0
ENSMUSG00000102922.1	0
ENSMUSG00000102923.1	0
ENSMUSG00000102925.1	0
ENSMUSG00000102926.1	0
ENSMUSG00000102927.1	0
ENSMUSG00000102928.1	0
ENSMUSG00000102929.1	0
ENSMUSG00000102930.1	0
ENSMUSG00000102931.1	0
ENSMUSG00000102932.1	0
ENSMUSG00000102933.1	0
ENSMUSG00000102934.1	0
ENSMUSG00000102935.1	0
ENSMUSG00000102936.1	0
ENSMUSG00000102937.1	0
ENSMUSG00000102939.1	0
ENSMUSG00000102940.1	0
ENSMUSG00000102941.1	0
ENSMUSG00000102942.1	0
ENSMUSG00000102943.1	0
ENSMUSG00000102945.1	0
ENSMUSG00000102946.2	0
ENSMUSG00000102948.1	0
ENSMUSG00000102949.1	0
ENSMUSG00000102950.1	0
ENSMUSG00000102951.1	0
ENSMUSG00000102952.1	0
ENSMUSG00000102953.1	0
ENSMUSG00000102955.1	0
ENSMUSG00000102956.1	0
ENSMUSG00000102957.1	0
ENSMUSG00000102958.1	0
ENSMUSG00000102959.1	0
ENSMUSG00000102960.1	0
ENSMUSG00000102961.1	0
ENSMUSG00000102962.1	0
ENSMUSG00000102963.1	0
ENSMUSG00000102964.1	0
ENSMUSG00000102965.1	0
ENSMUSG00000102966.1	0
ENSMUSG00000102967.1	0
ENSMUSG00000102968.5	0
ENSMUSG00000102969.1	0
ENSMUSG00000102970.1	0
ENSMUSG00000102971.1	0
ENSMUSG00000102972.1	0
ENSMUSG00000102973.1	0
ENSMUSG00000102975.1	0
ENSMUSG00000102976.6	277.184187507559
ENSMUSG00000102977.5	0
ENSMUSG00000102979.1	0
ENSMUSG00000102980.1	0
ENSMUSG00000102981.1	0
ENSMUSG00000102982.1	0
ENSMUSG00000102983.1	0
ENSMUSG00000102984.1	0
ENSMUSG00000102985.1	46.2051622789155
ENSMUSG00000102986.1	0
ENSMUSG00000102987.1	0
ENSMUSG00000102988.1	0
ENSMUSG00000102989.1	0
ENSMUSG00000102990.1	0
ENSMUSG00000102991.1	0
ENSMUSG00000102992.1	0
ENSMUSG00000102993.1	0
ENSMUSG00000102994.1	0
ENSMUSG00000102995.1	0
ENSMUSG00000102997.1	62.8297633432104
ENSMUSG00000102998.1	0
ENSMUSG00000102999.1	0
ENSMUSG00000103000.1	0
ENSMUSG00000103001.1	0
ENSMUSG00000103002.1	0
ENSMUSG00000103003.1	0
ENSMUSG00000103004.1	0
ENSMUSG00000103005.1	0
ENSMUSG00000103006.1	0
ENSMUSG00000103007.1	0
ENSMUSG00000103008.1	0
ENSMUSG00000103009.1	173.832236072947
ENSMUSG00000103010.1	0
ENSMUSG00000103011.1	0
ENSMUSG00000103012.1	0
ENSMUSG00000103013.1	0
ENSMUSG00000103015.1	0
ENSMUSG00000103016.1	0
ENSMUSG00000103017.1	0
ENSMUSG00000103018.1	0
ENSMUSG00000103020.1	0
ENSMUSG00000103021.1	0
ENSMUSG00000103023.1	0
ENSMUSG00000103024.1	0
ENSMUSG00000103025.1	0
ENSMUSG00000103026.1	0
ENSMUSG00000103027.1	0
ENSMUSG00000103028.1	0
ENSMUSG00000103029.5	0
ENSMUSG00000103030.1	0
ENSMUSG00000103031.1	0
ENSMUSG00000103032.1	0
ENSMUSG00000103033.1	0
ENSMUSG00000103034.1	310.752434458148
ENSMUSG00000103035.1	0
ENSMUSG00000103037.1	28.8972771955243
ENSMUSG00000103038.1	0
ENSMUSG00000103039.1	0
ENSMUSG00000103041.1	38.9512778061313
ENSMUSG00000103042.1	0
ENSMUSG00000103043.1	0
ENSMUSG00000103044.1	0
ENSMUSG00000103045.1	0
ENSMUSG00000103046.1	0
ENSMUSG00000103047.1	0
ENSMUSG00000103049.1	0
ENSMUSG00000103050.1	59.4787939414999
ENSMUSG00000103051.1	0
ENSMUSG00000103052.1	0
ENSMUSG00000103053.1	0
ENSMUSG00000103054.1	0
ENSMUSG00000103055.1	0
ENSMUSG00000103056.1	0
ENSMUSG00000103058.1	0
ENSMUSG00000103059.1	0
ENSMUSG00000103060.1	0
ENSMUSG00000103061.1	0
ENSMUSG00000103062.1	0
ENSMUSG00000103063.1	0
ENSMUSG00000103064.1	0
ENSMUSG00000103065.1	0
ENSMUSG00000103066.1	0
ENSMUSG00000103067.1	0
ENSMUSG00000103069.1	0
ENSMUSG00000103070.1	0
ENSMUSG00000103071.1	0
ENSMUSG00000103072.1	0
ENSMUSG00000103073.1	0
ENSMUSG00000103074.1	0
ENSMUSG00000103075.1	0
ENSMUSG00000103076.1	0
ENSMUSG00000103077.5	0
ENSMUSG00000103078.1	0
ENSMUSG00000103079.1	0
ENSMUSG00000103080.1	0
ENSMUSG00000103081.3	5.31230540390389
ENSMUSG00000103082.1	9.11381403527165
ENSMUSG00000103083.1	0
ENSMUSG00000103084.1	0
ENSMUSG00000103085.1	0
ENSMUSG00000103086.1	0
ENSMUSG00000103087.1	0
ENSMUSG00000103088.1	85.7764894329076
ENSMUSG00000103089.1	0
ENSMUSG00000103090.1	0
ENSMUSG00000103091.1	0
ENSMUSG00000103092.1	68.566671149626
ENSMUSG00000103094.1	0
ENSMUSG00000103095.1	0
ENSMUSG00000103096.1	0
ENSMUSG00000103097.1	0
ENSMUSG00000103098.1	0
ENSMUSG00000103099.1	0
ENSMUSG00000103100.1	0
ENSMUSG00000103101.1	0
ENSMUSG00000103102.1	0
ENSMUSG00000103103.1	100.87387643095
ENSMUSG00000103105.5	0
ENSMUSG00000103106.1	0
ENSMUSG00000103107.1	0
ENSMUSG00000103108.2	0
ENSMUSG00000103110.1	0
ENSMUSG00000103111.1	0
ENSMUSG00000103112.1	0
ENSMUSG00000103113.1	0
ENSMUSG00000103114.1	0
ENSMUSG00000103115.1	0
ENSMUSG00000103116.1	0
ENSMUSG00000103118.1	0
ENSMUSG00000103119.1	0
ENSMUSG00000103120.1	0
ENSMUSG00000103121.1	0
ENSMUSG00000103122.1	0
ENSMUSG00000103123.1	0
ENSMUSG00000103124.1	0
ENSMUSG00000103125.1	77.384630570563
ENSMUSG00000103127.1	0
ENSMUSG00000103129.1	0
ENSMUSG00000103130.1	0
ENSMUSG00000103131.1	0
ENSMUSG00000103132.1	0
ENSMUSG00000103133.1	0
ENSMUSG00000103135.1	0
ENSMUSG00000103136.1	0
ENSMUSG00000103137.1	0
ENSMUSG00000103138.1	0
ENSMUSG00000103139.1	0
ENSMUSG00000103140.1	0
ENSMUSG00000103141.1	0
ENSMUSG00000103142.1	0
ENSMUSG00000103143.1	0
ENSMUSG00000103144.1	38.3542313964248
ENSMUSG00000103145.1	0
ENSMUSG00000103146.1	0
ENSMUSG00000103147.1	0
ENSMUSG00000103148.1	0
ENSMUSG00000103149.1	0
ENSMUSG00000103150.1	0
ENSMUSG00000103151.1	0
ENSMUSG00000103152.1	0
ENSMUSG00000103153.1	0
ENSMUSG00000103154.1	0
ENSMUSG00000103155.1	0
ENSMUSG00000103156.1	0
ENSMUSG00000103157.1	0
ENSMUSG00000103158.5	0
ENSMUSG00000103159.1	0
ENSMUSG00000103160.1	0
ENSMUSG00000103161.1	0
ENSMUSG00000103162.1	0
ENSMUSG00000103163.1	0
ENSMUSG00000103164.1	99.5150800774251
ENSMUSG00000103165.1	0
ENSMUSG00000103166.1	0
ENSMUSG00000103167.1	0
ENSMUSG00000103168.1	0
ENSMUSG00000103170.1	0
ENSMUSG00000103172.1	0
ENSMUSG00000103174.1	0
ENSMUSG00000103175.1	0
ENSMUSG00000103176.1	0
ENSMUSG00000103177.1	0
ENSMUSG00000103178.1	0
ENSMUSG00000103179.1	0
ENSMUSG00000103180.1	0
ENSMUSG00000103181.1	0
ENSMUSG00000103182.1	0
ENSMUSG00000103183.1	6.03697598472703
ENSMUSG00000103184.1	0
ENSMUSG00000103185.1	0
ENSMUSG00000103186.1	0
ENSMUSG00000103187.1	0
ENSMUSG00000103188.1	0
ENSMUSG00000103189.1	0
ENSMUSG00000103190.5	0
ENSMUSG00000103191.1	0
ENSMUSG00000103192.1	0
ENSMUSG00000103193.1	0
ENSMUSG00000103194.1	0
ENSMUSG00000103195.1	0
ENSMUSG00000103196.1	0
ENSMUSG00000103197.1	0
ENSMUSG00000103198.1	0
ENSMUSG00000103199.1	0
ENSMUSG00000103200.1	0
ENSMUSG00000103201.1	0
ENSMUSG00000103202.1	0
ENSMUSG00000103203.1	0
ENSMUSG00000103204.1	0
ENSMUSG00000103206.1	7.19570607832075
ENSMUSG00000103207.1	0
ENSMUSG00000103208.1	0
ENSMUSG00000103209.1	0
ENSMUSG00000103210.1	0
ENSMUSG00000103211.1	0
ENSMUSG00000103213.1	0
ENSMUSG00000103214.1	0
ENSMUSG00000103215.1	0
ENSMUSG00000103216.1	0
ENSMUSG00000103217.1	0
ENSMUSG00000103218.1	0
ENSMUSG00000103219.1	0
ENSMUSG00000103220.1	0
ENSMUSG00000103221.1	0
ENSMUSG00000103222.1	0
ENSMUSG00000103223.1	0
ENSMUSG00000103224.1	0
ENSMUSG00000103225.1	0
ENSMUSG00000103226.1	0
ENSMUSG00000103227.1	0
ENSMUSG00000103228.1	0
ENSMUSG00000103230.1	0
ENSMUSG00000103231.1	0
ENSMUSG00000103232.1	0
ENSMUSG00000103233.1	0
ENSMUSG00000103234.1	0
ENSMUSG00000103236.1	0
ENSMUSG00000103237.1	0
ENSMUSG00000103238.1	0
ENSMUSG00000103239.1	0
ENSMUSG00000103240.1	0
ENSMUSG00000103241.1	0
ENSMUSG00000103242.1	0
ENSMUSG00000103243.1	0
ENSMUSG00000103244.1	0
ENSMUSG00000103245.1	0
ENSMUSG00000103246.1	0
ENSMUSG00000103247.1	0
ENSMUSG00000103248.1	0
ENSMUSG00000103249.1	0
ENSMUSG00000103250.1	0
ENSMUSG00000103251.1	0
ENSMUSG00000103252.1	0
ENSMUSG00000103253.1	0
ENSMUSG00000103254.1	0
ENSMUSG00000103255.1	56.5317024498528
ENSMUSG00000103256.1	0
ENSMUSG00000103257.1	0
ENSMUSG00000103258.1	0
ENSMUSG00000103259.1	0
ENSMUSG00000103260.1	0
ENSMUSG00000103261.1	0
ENSMUSG00000103262.1	0
ENSMUSG00000103263.1	0
ENSMUSG00000103264.1	0
ENSMUSG00000103265.1	0
ENSMUSG00000103266.1	0
ENSMUSG00000103267.1	0
ENSMUSG00000103269.1	0
ENSMUSG00000103270.1	0
ENSMUSG00000103271.1	0
ENSMUSG00000103272.1	0
ENSMUSG00000103273.1	0
ENSMUSG00000103274.1	0
ENSMUSG00000103275.1	0
ENSMUSG00000103276.1	0
ENSMUSG00000103277.1	0
ENSMUSG00000103279.1	0
ENSMUSG00000103280.1	25.7572981084991
ENSMUSG00000103281.1	0
ENSMUSG00000103282.1	0
ENSMUSG00000103284.1	0
ENSMUSG00000103285.1	0
ENSMUSG00000103286.1	0
ENSMUSG00000103287.1	0
ENSMUSG00000103288.1	0
ENSMUSG00000103289.1	0
ENSMUSG00000103290.1	0
ENSMUSG00000103291.1	0
ENSMUSG00000103292.1	0
ENSMUSG00000103293.1	0
ENSMUSG00000103294.1	0
ENSMUSG00000103295.1	0
ENSMUSG00000103296.1	0
ENSMUSG00000103297.1	0
ENSMUSG00000103298.1	0
ENSMUSG00000103299.1	0
ENSMUSG00000103300.1	0
ENSMUSG00000103301.1	0
ENSMUSG00000103302.1	0
ENSMUSG00000103303.1	0
ENSMUSG00000103304.1	0
ENSMUSG00000103305.1	0
ENSMUSG00000103306.1	0
ENSMUSG00000103307.1	0
ENSMUSG00000103308.5	0
ENSMUSG00000103309.1	18.4317518365259
ENSMUSG00000103310.1	187.575321185706
ENSMUSG00000103311.1	0
ENSMUSG00000103312.1	0
ENSMUSG00000103313.1	0
ENSMUSG00000103314.1	0
ENSMUSG00000103315.1	0
ENSMUSG00000103317.1	0
ENSMUSG00000103318.1	0
ENSMUSG00000103320.1	0
ENSMUSG00000103321.1	0
ENSMUSG00000103322.1	0
ENSMUSG00000103323.1	0
ENSMUSG00000103324.1	0
ENSMUSG00000103325.1	0
ENSMUSG00000103327.1	0
ENSMUSG00000103328.1	0
ENSMUSG00000103329.2	0
ENSMUSG00000103330.1	0
ENSMUSG00000103331.1	0
ENSMUSG00000103332.1	91.3493179369119
ENSMUSG00000103333.1	0
ENSMUSG00000103334.1	0
ENSMUSG00000103336.1	0
ENSMUSG00000103338.1	0
ENSMUSG00000103339.1	0
ENSMUSG00000103340.1	0
ENSMUSG00000103341.1	0
ENSMUSG00000103343.1	0
ENSMUSG00000103345.1	0
ENSMUSG00000103346.1	0
ENSMUSG00000103347.1	0
ENSMUSG00000103348.1	0
ENSMUSG00000103349.1	0
ENSMUSG00000103350.1	0
ENSMUSG00000103351.1	0
ENSMUSG00000103352.1	0
ENSMUSG00000103353.1	0
ENSMUSG00000103354.1	0
ENSMUSG00000103355.1	0
ENSMUSG00000103356.1	0
ENSMUSG00000103357.1	0
ENSMUSG00000103358.1	0
ENSMUSG00000103360.1	0
ENSMUSG00000103361.1	0
ENSMUSG00000103362.1	0
ENSMUSG00000103364.1	0
ENSMUSG00000103365.1	0
ENSMUSG00000103366.1	0
ENSMUSG00000103367.1	0
ENSMUSG00000103368.1	0
ENSMUSG00000103369.1	0
ENSMUSG00000103370.1	0
ENSMUSG00000103371.1	0
ENSMUSG00000103372.1	0
ENSMUSG00000103373.1	0
ENSMUSG00000103374.1	0
ENSMUSG00000103375.1	0
ENSMUSG00000103376.1	0
ENSMUSG00000103377.1	0
ENSMUSG00000103378.1	5.71178248048049
ENSMUSG00000103379.1	0
ENSMUSG00000103380.1	0
ENSMUSG00000103382.1	0
ENSMUSG00000103383.1	0
ENSMUSG00000103384.1	0
ENSMUSG00000103385.1	0
ENSMUSG00000103386.1	0
ENSMUSG00000103387.1	0
ENSMUSG00000103388.1	0
ENSMUSG00000103389.1	0
ENSMUSG00000103390.1	0
ENSMUSG00000103391.1	0
ENSMUSG00000103392.1	0
ENSMUSG00000103393.1	0
ENSMUSG00000103394.1	0
ENSMUSG00000103395.1	0
ENSMUSG00000103396.1	0
ENSMUSG00000103397.1	0
ENSMUSG00000103398.1	0
ENSMUSG00000103399.1	0
ENSMUSG00000103400.2	31.4109646176861
ENSMUSG00000103401.1	0
ENSMUSG00000103402.1	0
ENSMUSG00000103403.1	0
ENSMUSG00000103404.1	0
ENSMUSG00000103406.1	0
ENSMUSG00000103407.1	0
ENSMUSG00000103408.1	46.2731723226581
ENSMUSG00000103409.2	0
ENSMUSG00000103410.1	0
ENSMUSG00000103411.1	0
ENSMUSG00000103412.1	0
ENSMUSG00000103413.1	0
ENSMUSG00000103415.1	0
ENSMUSG00000103416.1	0
ENSMUSG00000103417.1	0
ENSMUSG00000103419.1	0
ENSMUSG00000103420.1	0
ENSMUSG00000103421.1	0
ENSMUSG00000103422.1	0
ENSMUSG00000103423.1	0
ENSMUSG00000103424.1	0
ENSMUSG00000103425.1	0
ENSMUSG00000103426.1	0
ENSMUSG00000103427.1	0
ENSMUSG00000103428.1	116.197547420333
ENSMUSG00000103430.1	0
ENSMUSG00000103431.5	0
ENSMUSG00000103432.1	0
ENSMUSG00000103433.1	0
ENSMUSG00000103434.1	0
ENSMUSG00000103435.1	0
ENSMUSG00000103436.1	0
ENSMUSG00000103437.1	0
ENSMUSG00000103438.1	0
ENSMUSG00000103439.1	0
ENSMUSG00000103440.1	0
ENSMUSG00000103441.1	0
ENSMUSG00000103442.5	28.9666293374224
ENSMUSG00000103443.1	0
ENSMUSG00000103444.1	0
ENSMUSG00000103445.1	0
ENSMUSG00000103446.1	0
ENSMUSG00000103448.1	0
ENSMUSG00000103449.1	0
ENSMUSG00000103451.1	0
ENSMUSG00000103452.1	0
ENSMUSG00000103454.1	0
ENSMUSG00000103456.1	0
ENSMUSG00000103457.1	0
ENSMUSG00000103458.1	0
ENSMUSG00000103459.1	0
ENSMUSG00000103460.1	0
ENSMUSG00000103461.1	0
ENSMUSG00000103462.5	0
ENSMUSG00000103463.1	0
ENSMUSG00000103464.1	0
ENSMUSG00000103465.1	0
ENSMUSG00000103466.1	0
ENSMUSG00000103467.1	0
ENSMUSG00000103468.1	0
ENSMUSG00000103469.1	0
ENSMUSG00000103470.1	0
ENSMUSG00000103471.1	0
ENSMUSG00000103472.1	120.777348135576
ENSMUSG00000103473.1	10.4262923966376
ENSMUSG00000103474.1	0
ENSMUSG00000103475.1	0
ENSMUSG00000103476.1	0
ENSMUSG00000103477.1	4.49091012112663
ENSMUSG00000103478.1	0
ENSMUSG00000103479.1	0
ENSMUSG00000103481.1	0
ENSMUSG00000103482.1	0
ENSMUSG00000103483.1	0
ENSMUSG00000103484.1	0
ENSMUSG00000103485.1	0
ENSMUSG00000103486.1	47.2531848804695
ENSMUSG00000103487.1	0
ENSMUSG00000103488.1	0
ENSMUSG00000103489.1	0
ENSMUSG00000103491.1	0
ENSMUSG00000103492.1	0.381811319459447
ENSMUSG00000103493.1	0
ENSMUSG00000103494.1	0
ENSMUSG00000103495.1	0
ENSMUSG00000103497.1	0
ENSMUSG00000103498.1	0
ENSMUSG00000103499.5	0
ENSMUSG00000103500.1	0
ENSMUSG00000103501.1	0
ENSMUSG00000103502.1	0
ENSMUSG00000103503.1	0
ENSMUSG00000103504.1	0
ENSMUSG00000103505.1	0
ENSMUSG00000103506.1	0
ENSMUSG00000103507.1	0
ENSMUSG00000103509.1	0
ENSMUSG00000103510.1	0
ENSMUSG00000103511.1	0
ENSMUSG00000103512.1	0
ENSMUSG00000103513.1	0
ENSMUSG00000103514.1	0
ENSMUSG00000103516.1	0
ENSMUSG00000103517.1	0
ENSMUSG00000103518.1	0
ENSMUSG00000103519.1	0
ENSMUSG00000103520.1	0
ENSMUSG00000103521.1	0
ENSMUSG00000103522.1	0
ENSMUSG00000103523.1	0
ENSMUSG00000103524.1	0
ENSMUSG00000103525.1	0
ENSMUSG00000103526.1	0
ENSMUSG00000103527.1	0
ENSMUSG00000103528.1	0
ENSMUSG00000103529.1	29.8553792206569
ENSMUSG00000103530.1	0
ENSMUSG00000103531.1	0
ENSMUSG00000103532.1	83.1004705570952
ENSMUSG00000103533.1	0
ENSMUSG00000103534.1	0
ENSMUSG00000103535.1	0
ENSMUSG00000103536.1	0
ENSMUSG00000103537.1	0
ENSMUSG00000103538.3	0
ENSMUSG00000103539.1	0
ENSMUSG00000103540.1	0
ENSMUSG00000103541.1	0
ENSMUSG00000103542.1	0
ENSMUSG00000103543.1	0
ENSMUSG00000103544.2	0
ENSMUSG00000103545.1	0
ENSMUSG00000103546.1	0
ENSMUSG00000103547.1	0
ENSMUSG00000103548.1	13.7706137307404
ENSMUSG00000103549.1	0
ENSMUSG00000103552.1	0
ENSMUSG00000103553.1	0
ENSMUSG00000103554.1	0
ENSMUSG00000103555.1	0
ENSMUSG00000103556.1	0
ENSMUSG00000103557.1	0
ENSMUSG00000103558.1	0
ENSMUSG00000103559.1	0
ENSMUSG00000103560.1	0
ENSMUSG00000103561.1	0
ENSMUSG00000103562.1	39.2332432651353
ENSMUSG00000103563.1	0
ENSMUSG00000103564.1	0
ENSMUSG00000103566.1	0
ENSMUSG00000103567.1	66.3417845235861
ENSMUSG00000103568.1	0
ENSMUSG00000103569.1	0
ENSMUSG00000103570.1	0
ENSMUSG00000103571.1	0
ENSMUSG00000103572.1	0
ENSMUSG00000103573.1	0
ENSMUSG00000103574.1	0
ENSMUSG00000103575.1	0
ENSMUSG00000103576.1	0
ENSMUSG00000103577.1	0
ENSMUSG00000103579.1	0
ENSMUSG00000103580.1	0
ENSMUSG00000103581.1	0
ENSMUSG00000103583.1	0
ENSMUSG00000103584.1	0
ENSMUSG00000103585.1	62.1262854286108
ENSMUSG00000103586.5	0
ENSMUSG00000103587.1	0
ENSMUSG00000103588.1	0
ENSMUSG00000103589.5	0
ENSMUSG00000103590.1	0
ENSMUSG00000103591.1	0
ENSMUSG00000103592.1	0
ENSMUSG00000103593.1	0
ENSMUSG00000103594.1	0
ENSMUSG00000103595.1	0
ENSMUSG00000103596.1	0
ENSMUSG00000103597.1	0
ENSMUSG00000103598.1	0
ENSMUSG00000103599.1	0
ENSMUSG00000103600.1	0
ENSMUSG00000103601.1	0
ENSMUSG00000103602.1	0
ENSMUSG00000103603.1	0
ENSMUSG00000103604.1	0
ENSMUSG00000103606.1	0
ENSMUSG00000103607.1	0
ENSMUSG00000103608.1	0
ENSMUSG00000103609.1	0
ENSMUSG00000103610.1	0
ENSMUSG00000103611.1	0
ENSMUSG00000103612.1	0
ENSMUSG00000103613.1	0
ENSMUSG00000103614.1	0
ENSMUSG00000103615.5	0
ENSMUSG00000103616.1	10.746335989357
ENSMUSG00000103617.1	0
ENSMUSG00000103618.1	0
ENSMUSG00000103620.1	0
ENSMUSG00000103621.1	0
ENSMUSG00000103622.1	0
ENSMUSG00000103624.1	0
ENSMUSG00000103625.1	0
ENSMUSG00000103626.1	0
ENSMUSG00000103628.1	0
ENSMUSG00000103629.1	0
ENSMUSG00000103630.1	0
ENSMUSG00000103631.1	0
ENSMUSG00000103632.1	0
ENSMUSG00000103633.1	0
ENSMUSG00000103634.1	0
ENSMUSG00000103635.1	0
ENSMUSG00000103636.1	0
ENSMUSG00000103637.1	0
ENSMUSG00000103638.1	0
ENSMUSG00000103639.1	0
ENSMUSG00000103640.1	0
ENSMUSG00000103641.1	0
ENSMUSG00000103642.1	0
ENSMUSG00000103643.1	0
ENSMUSG00000103644.1	0
ENSMUSG00000103646.1	0
ENSMUSG00000103647.1	0
ENSMUSG00000103649.1	0
ENSMUSG00000103650.1	0
ENSMUSG00000103651.1	16.3055562422958
ENSMUSG00000103652.1	0
ENSMUSG00000103653.1	145.957544037192
ENSMUSG00000103654.1	0
ENSMUSG00000103655.1	0
ENSMUSG00000103656.1	0
ENSMUSG00000103657.1	0
ENSMUSG00000103658.1	0
ENSMUSG00000103659.1	0
ENSMUSG00000103660.5	0
ENSMUSG00000103662.1	0
ENSMUSG00000103663.1	0
ENSMUSG00000103664.5	0
ENSMUSG00000103665.1	0
ENSMUSG00000103666.1	0
ENSMUSG00000103667.1	0
ENSMUSG00000103668.1	0
ENSMUSG00000103669.1	0
ENSMUSG00000103670.1	0
ENSMUSG00000103672.1	0
ENSMUSG00000103673.1	0
ENSMUSG00000103675.1	0
ENSMUSG00000103676.1	0
ENSMUSG00000103677.1	93.4374666090116
ENSMUSG00000103678.1	0
ENSMUSG00000103679.1	0
ENSMUSG00000103680.1	0
ENSMUSG00000103681.5	0
ENSMUSG00000103684.1	0
ENSMUSG00000103685.1	0
ENSMUSG00000103686.1	0
ENSMUSG00000103688.1	0
ENSMUSG00000103689.1	0
ENSMUSG00000103690.1	0
ENSMUSG00000103691.1	0
ENSMUSG00000103692.1	0
ENSMUSG00000103693.1	0
ENSMUSG00000103694.1	0
ENSMUSG00000103695.1	0
ENSMUSG00000103696.1	0
ENSMUSG00000103697.1	14.0841028906072
ENSMUSG00000103698.1	0
ENSMUSG00000103699.1	0
ENSMUSG00000103700.1	0
ENSMUSG00000103701.1	0
ENSMUSG00000103702.1	0
ENSMUSG00000103703.2	27.892888389818
ENSMUSG00000103704.1	0
ENSMUSG00000103705.1	0
ENSMUSG00000103706.1	0
ENSMUSG00000103707.5	50.7468848604427
ENSMUSG00000103708.1	0
ENSMUSG00000103709.1	0
ENSMUSG00000103710.1	0
ENSMUSG00000103711.1	0
ENSMUSG00000103712.1	0
ENSMUSG00000103713.1	84.113723452945
ENSMUSG00000103714.1	0
ENSMUSG00000103715.1	119.297076293182
ENSMUSG00000103716.1	0
ENSMUSG00000103717.1	0
ENSMUSG00000103718.1	0
ENSMUSG00000103719.1	0
ENSMUSG00000103720.1	0
ENSMUSG00000103722.1	0
ENSMUSG00000103723.1	0
ENSMUSG00000103724.1	0
ENSMUSG00000103725.1	0
ENSMUSG00000103726.1	0
ENSMUSG00000103727.1	0
ENSMUSG00000103728.1	0
ENSMUSG00000103729.1	0
ENSMUSG00000103730.1	0
ENSMUSG00000103731.1	98.4467075224429
ENSMUSG00000103732.1	0
ENSMUSG00000103733.1	0
ENSMUSG00000103734.1	0
ENSMUSG00000103735.1	0
ENSMUSG00000103736.1	0
ENSMUSG00000103737.1	0
ENSMUSG00000103738.1	0
ENSMUSG00000103739.1	0
ENSMUSG00000103740.1	0
ENSMUSG00000103741.1	0
ENSMUSG00000103742.1	0
ENSMUSG00000103744.1	0
ENSMUSG00000103745.1	0
ENSMUSG00000103746.1	0
ENSMUSG00000103747.1	0
ENSMUSG00000103748.1	0
ENSMUSG00000103749.1	64.836044027822
ENSMUSG00000103751.1	0
ENSMUSG00000103752.5	0
ENSMUSG00000103753.1	0
ENSMUSG00000103754.1	0
ENSMUSG00000103755.1	0
ENSMUSG00000103756.1	0
ENSMUSG00000103757.1	0
ENSMUSG00000103758.1	0
ENSMUSG00000103759.1	0
ENSMUSG00000103760.1	0
ENSMUSG00000103761.1	0
ENSMUSG00000103762.1	0
ENSMUSG00000103763.1	0
ENSMUSG00000103764.1	0
ENSMUSG00000103765.1	0
ENSMUSG00000103766.5	0
ENSMUSG00000103767.1	0
ENSMUSG00000103768.1	0
ENSMUSG00000103769.1	0
ENSMUSG00000103770.1	71.7561205988962
ENSMUSG00000103771.1	0
ENSMUSG00000103772.1	0
ENSMUSG00000103773.1	0
ENSMUSG00000103774.1	0
ENSMUSG00000103775.1	0
ENSMUSG00000103776.1	0
ENSMUSG00000103778.1	0
ENSMUSG00000103779.1	0
ENSMUSG00000103780.1	0
ENSMUSG00000103781.1	0
ENSMUSG00000103782.1	0
ENSMUSG00000103783.1	0
ENSMUSG00000103784.1	0
ENSMUSG00000103785.1	0
ENSMUSG00000103786.1	0
ENSMUSG00000103787.1	0
ENSMUSG00000103788.1	0
ENSMUSG00000103789.1	0
ENSMUSG00000103790.1	0
ENSMUSG00000103791.1	0
ENSMUSG00000103792.1	0
ENSMUSG00000103793.1	198.973635974392
ENSMUSG00000103794.1	0
ENSMUSG00000103795.1	0
ENSMUSG00000103796.1	0
ENSMUSG00000103797.1	0
ENSMUSG00000103798.1	0
ENSMUSG00000103799.1	0
ENSMUSG00000103800.1	0.894305545366757
ENSMUSG00000103801.1	0
ENSMUSG00000103802.1	0
ENSMUSG00000103803.1	0
ENSMUSG00000103804.1	0
ENSMUSG00000103805.1	0
ENSMUSG00000103807.1	0
ENSMUSG00000103808.1	0
ENSMUSG00000103809.1	0
ENSMUSG00000103810.1	0
ENSMUSG00000103811.1	0
ENSMUSG00000103812.5	0
ENSMUSG00000103813.5	0
ENSMUSG00000103814.1	0
ENSMUSG00000103815.1	0
ENSMUSG00000103816.1	0
ENSMUSG00000103817.1	0
ENSMUSG00000103818.1	0
ENSMUSG00000103819.1	0
ENSMUSG00000103821.1	0
ENSMUSG00000103822.1	0
ENSMUSG00000103823.1	10.948930387674
ENSMUSG00000103824.1	0
ENSMUSG00000103825.1	0
ENSMUSG00000103827.1	349.235195161655
ENSMUSG00000103828.1	0
ENSMUSG00000103829.5	0
ENSMUSG00000103830.1	0
ENSMUSG00000103831.1	0
ENSMUSG00000103832.1	0
ENSMUSG00000103833.1	0
ENSMUSG00000103834.1	0
ENSMUSG00000103835.1	0
ENSMUSG00000103837.1	0
ENSMUSG00000103839.1	16.0023669054832
ENSMUSG00000103840.1	0
ENSMUSG00000103841.1	0
ENSMUSG00000103842.1	0
ENSMUSG00000103843.1	0
ENSMUSG00000103844.1	0
ENSMUSG00000103845.1	9.25751217266978
ENSMUSG00000103846.1	0
ENSMUSG00000103847.1	3.95687990156061
ENSMUSG00000103848.1	0
ENSMUSG00000103849.1	0
ENSMUSG00000103850.1	0
ENSMUSG00000103851.1	0
ENSMUSG00000103852.1	0
ENSMUSG00000103854.1	0
ENSMUSG00000103856.1	0
ENSMUSG00000103857.1	0
ENSMUSG00000103858.1	0
ENSMUSG00000103859.1	0
ENSMUSG00000103860.1	0
ENSMUSG00000103862.3	0
ENSMUSG00000103863.2	0
ENSMUSG00000103864.1	0
ENSMUSG00000103865.1	0
ENSMUSG00000103867.1	0
ENSMUSG00000103869.1	0
ENSMUSG00000103870.1	0
ENSMUSG00000103871.1	0
ENSMUSG00000103872.5	0
ENSMUSG00000103873.1	0
ENSMUSG00000103874.1	0
ENSMUSG00000103875.1	0
ENSMUSG00000103876.1	0
ENSMUSG00000103877.2	0
ENSMUSG00000103878.1	0
ENSMUSG00000103880.1	0
ENSMUSG00000103881.1	0
ENSMUSG00000103882.1	0
ENSMUSG00000103883.1	0
ENSMUSG00000103884.1	0
ENSMUSG00000103885.1	0
ENSMUSG00000103886.1	0
ENSMUSG00000103887.1	0
ENSMUSG00000103889.1	0
ENSMUSG00000103890.1	0
ENSMUSG00000103891.1	0
ENSMUSG00000103892.1	0
ENSMUSG00000103893.1	0
ENSMUSG00000103894.1	0
ENSMUSG00000103895.1	0
ENSMUSG00000103896.1	0
ENSMUSG00000103897.1	103.782265557181
ENSMUSG00000103898.1	12.2594736307691
ENSMUSG00000103899.1	0
ENSMUSG00000103900.1	39.8635612244653
ENSMUSG00000103901.1	23.8728362401918
ENSMUSG00000103902.1	0
ENSMUSG00000103903.1	0
ENSMUSG00000103904.1	0
ENSMUSG00000103905.1	0
ENSMUSG00000103906.1	58.2614484912525
ENSMUSG00000103907.1	0
ENSMUSG00000103908.1	0
ENSMUSG00000103909.1	0
ENSMUSG00000103911.1	0
ENSMUSG00000103912.1	0
ENSMUSG00000103913.1	0
ENSMUSG00000103914.1	0
ENSMUSG00000103915.1	0
ENSMUSG00000103916.1	0
ENSMUSG00000103917.1	0
ENSMUSG00000103918.1	0
ENSMUSG00000103919.1	0
ENSMUSG00000103920.1	0
ENSMUSG00000103921.1	0
ENSMUSG00000103922.1	465.544885806939
ENSMUSG00000103923.1	0
ENSMUSG00000103924.1	0
ENSMUSG00000103925.1	0
ENSMUSG00000103926.1	0
ENSMUSG00000103927.1	0
ENSMUSG00000103928.1	0
ENSMUSG00000103929.1	0
ENSMUSG00000103930.1	0
ENSMUSG00000103931.1	0
ENSMUSG00000103932.1	0
ENSMUSG00000103933.1	0
ENSMUSG00000103934.1	0
ENSMUSG00000103935.1	0
ENSMUSG00000103936.1	0
ENSMUSG00000103937.1	0
ENSMUSG00000103938.1	0
ENSMUSG00000103939.1	0
ENSMUSG00000103940.1	0
ENSMUSG00000103942.1	0
ENSMUSG00000103943.5	0
ENSMUSG00000103944.1	0
ENSMUSG00000103945.1	0
ENSMUSG00000103947.1	16.4647353258602
ENSMUSG00000103948.1	0
ENSMUSG00000103949.1	0
ENSMUSG00000103950.1	0
ENSMUSG00000103951.1	0
ENSMUSG00000103952.1	0
ENSMUSG00000103953.1	0
ENSMUSG00000103954.5	0
ENSMUSG00000103955.1	0
ENSMUSG00000103956.1	0
ENSMUSG00000103957.1	0
ENSMUSG00000103958.1	0
ENSMUSG00000103959.2	0
ENSMUSG00000103960.1	0
ENSMUSG00000103961.1	0
ENSMUSG00000103962.1	0
ENSMUSG00000103963.1	0
ENSMUSG00000103964.1	10.232093914689
ENSMUSG00000103965.1	23.7430584697094
ENSMUSG00000103966.1	2.19863768304438
ENSMUSG00000103967.1	0
ENSMUSG00000103968.1	0
ENSMUSG00000103969.1	0
ENSMUSG00000103970.1	0
ENSMUSG00000103971.1	0
ENSMUSG00000103972.1	0
ENSMUSG00000103973.1	0
ENSMUSG00000103975.1	0
ENSMUSG00000103976.1	0
ENSMUSG00000103977.5	0
ENSMUSG00000103978.1	0
ENSMUSG00000103979.1	0
ENSMUSG00000103980.1	0
ENSMUSG00000103981.1	0
ENSMUSG00000103982.1	0
ENSMUSG00000103983.1	0.294044342403945
ENSMUSG00000103984.1	0
ENSMUSG00000103985.1	0
ENSMUSG00000103986.1	0
ENSMUSG00000103987.1	0
ENSMUSG00000103989.1	0
ENSMUSG00000103990.1	0
ENSMUSG00000103991.1	0
ENSMUSG00000103992.1	0
ENSMUSG00000103993.1	0
ENSMUSG00000103994.1	0
ENSMUSG00000103995.1	0
ENSMUSG00000103996.1	0
ENSMUSG00000103997.1	0
ENSMUSG00000103998.1	21.9585673081975
ENSMUSG00000103999.1	0
ENSMUSG00000104000.1	0
ENSMUSG00000104001.1	0
ENSMUSG00000104002.2	0
ENSMUSG00000104004.1	0
ENSMUSG00000104006.1	0
ENSMUSG00000104007.1	0
ENSMUSG00000104009.1	0
ENSMUSG00000104010.1	0
ENSMUSG00000104011.1	142.967349346642
ENSMUSG00000104012.1	0
ENSMUSG00000104013.1	0
ENSMUSG00000104014.1	0
ENSMUSG00000104015.1	0
ENSMUSG00000104016.1	0
ENSMUSG00000104017.1	0
ENSMUSG00000104018.1	0
ENSMUSG00000104020.1	0
ENSMUSG00000104021.1	0
ENSMUSG00000104022.1	0
ENSMUSG00000104023.1	0
ENSMUSG00000104024.1	0
ENSMUSG00000104025.1	0
ENSMUSG00000104026.1	0.454253408273751
ENSMUSG00000104027.1	0
ENSMUSG00000104028.1	0
ENSMUSG00000104029.1	0
ENSMUSG00000104030.1	0
ENSMUSG00000104031.1	0
ENSMUSG00000104032.1	0
ENSMUSG00000104033.1	0
ENSMUSG00000104034.1	0
ENSMUSG00000104035.1	0
ENSMUSG00000104036.1	0
ENSMUSG00000104037.1	0
ENSMUSG00000104038.1	0
ENSMUSG00000104039.1	0
ENSMUSG00000104040.1	20.6566072509808
ENSMUSG00000104041.1	0
ENSMUSG00000104042.1	0
ENSMUSG00000104043.1	0
ENSMUSG00000104044.1	0
ENSMUSG00000104045.1	0
ENSMUSG00000104046.1	0
ENSMUSG00000104048.1	0
ENSMUSG00000104050.1	0
ENSMUSG00000104051.1	0
ENSMUSG00000104052.1	0
ENSMUSG00000104053.1	0
ENSMUSG00000104054.1	0
ENSMUSG00000104055.1	0
ENSMUSG00000104057.1	0
ENSMUSG00000104059.1	0
ENSMUSG00000104060.1	0
ENSMUSG00000104061.1	0
ENSMUSG00000104062.5	0
ENSMUSG00000104063.1	30.1267327407566
ENSMUSG00000104064.1	0
ENSMUSG00000104065.1	0
ENSMUSG00000104066.1	0
ENSMUSG00000104067.1	0
ENSMUSG00000104068.1	0
ENSMUSG00000104069.1	0
ENSMUSG00000104070.1	0
ENSMUSG00000104071.1	0
ENSMUSG00000104072.1	0
ENSMUSG00000104073.1	0
ENSMUSG00000104074.1	0
ENSMUSG00000104075.1	0
ENSMUSG00000104076.1	0
ENSMUSG00000104077.1	0
ENSMUSG00000104078.1	0
ENSMUSG00000104079.1	0
ENSMUSG00000104080.1	0
ENSMUSG00000104081.1	0
ENSMUSG00000104082.2	0
ENSMUSG00000104083.1	0
ENSMUSG00000104084.1	0
ENSMUSG00000104085.1	0
ENSMUSG00000104086.1	0
ENSMUSG00000104087.1	0
ENSMUSG00000104088.1	0
ENSMUSG00000104089.1	0
ENSMUSG00000104091.1	0
ENSMUSG00000104092.2	0
ENSMUSG00000104093.1	0
ENSMUSG00000104094.1	0
ENSMUSG00000104095.1	0
ENSMUSG00000104096.1	0
ENSMUSG00000104097.1	0
ENSMUSG00000104098.1	0
ENSMUSG00000104099.1	0
ENSMUSG00000104100.1	0
ENSMUSG00000104101.1	0
ENSMUSG00000104102.1	0
ENSMUSG00000104103.1	0
ENSMUSG00000104104.1	0
ENSMUSG00000104105.1	0
ENSMUSG00000104106.1	0
ENSMUSG00000104107.1	0
ENSMUSG00000104108.1	0
ENSMUSG00000104109.1	0
ENSMUSG00000104110.1	0
ENSMUSG00000104111.1	0
ENSMUSG00000104112.1	0
ENSMUSG00000104113.1	0
ENSMUSG00000104114.1	0
ENSMUSG00000104115.1	0
ENSMUSG00000104116.1	0
ENSMUSG00000104117.5	0
ENSMUSG00000104118.1	0
ENSMUSG00000104120.1	0
ENSMUSG00000104121.1	0
ENSMUSG00000104122.1	0
ENSMUSG00000104123.1	0
ENSMUSG00000104125.1	0
ENSMUSG00000104126.1	11.1095139925639
ENSMUSG00000104127.1	0
ENSMUSG00000104129.1	0
ENSMUSG00000104130.1	0
ENSMUSG00000104131.5	0
ENSMUSG00000104132.1	0
ENSMUSG00000104133.1	0
ENSMUSG00000104134.1	0
ENSMUSG00000104135.1	0
ENSMUSG00000104136.1	0
ENSMUSG00000104137.1	0
ENSMUSG00000104138.1	0
ENSMUSG00000104140.1	0
ENSMUSG00000104141.1	0
ENSMUSG00000104142.1	0
ENSMUSG00000104144.1	0
ENSMUSG00000104145.1	0
ENSMUSG00000104146.1	0
ENSMUSG00000104147.1	0
ENSMUSG00000104148.5	85.8374144468523
ENSMUSG00000104149.1	0
ENSMUSG00000104150.2	0
ENSMUSG00000104152.1	0
ENSMUSG00000104153.1	0
ENSMUSG00000104154.1	0
ENSMUSG00000104155.1	0
ENSMUSG00000104156.2	0
ENSMUSG00000104157.1	10.7296065797903
ENSMUSG00000104158.2	0
ENSMUSG00000104159.1	0
ENSMUSG00000104161.1	0
ENSMUSG00000104162.1	0
ENSMUSG00000104163.1	0
ENSMUSG00000104164.1	0
ENSMUSG00000104165.1	9.45935749294642
ENSMUSG00000104166.1	0
ENSMUSG00000104167.1	0
ENSMUSG00000104168.1	0
ENSMUSG00000104169.1	0
ENSMUSG00000104170.1	0
ENSMUSG00000104171.1	0
ENSMUSG00000104172.1	0
ENSMUSG00000104173.1	0
ENSMUSG00000104174.1	0
ENSMUSG00000104175.1	0
ENSMUSG00000104176.1	0
ENSMUSG00000104177.1	0
ENSMUSG00000104178.1	8.6454842021572
ENSMUSG00000104180.1	0
ENSMUSG00000104181.1	0
ENSMUSG00000104182.1	0
ENSMUSG00000104183.1	0
ENSMUSG00000104184.1	0
ENSMUSG00000104185.1	0
ENSMUSG00000104186.1	0
ENSMUSG00000104187.1	15.0078721722259
ENSMUSG00000104188.1	0
ENSMUSG00000104189.1	0
ENSMUSG00000104190.1	0
ENSMUSG00000104191.1	0
ENSMUSG00000104192.1	0
ENSMUSG00000104194.1	0
ENSMUSG00000104195.1	254.534658130352
ENSMUSG00000104197.1	0
ENSMUSG00000104198.1	0
ENSMUSG00000104199.1	0
ENSMUSG00000104200.1	0
ENSMUSG00000104201.1	0
ENSMUSG00000104202.1	0
ENSMUSG00000104203.1	0
ENSMUSG00000104204.1	35.3238673959639
ENSMUSG00000104205.1	0
ENSMUSG00000104206.1	0
ENSMUSG00000104207.1	0
ENSMUSG00000104208.1	0
ENSMUSG00000104209.1	0
ENSMUSG00000104210.1	0
ENSMUSG00000104211.1	0
ENSMUSG00000104212.1	0
ENSMUSG00000104213.5	0
ENSMUSG00000104214.1	0
ENSMUSG00000104215.1	0
ENSMUSG00000104216.1	0
ENSMUSG00000104217.1	300.038589728789
ENSMUSG00000104218.1	0
ENSMUSG00000104219.1	0
ENSMUSG00000104220.1	0
ENSMUSG00000104221.1	0
ENSMUSG00000104222.1	446.577824075861
ENSMUSG00000104223.1	0
ENSMUSG00000104224.1	0
ENSMUSG00000104225.1	0
ENSMUSG00000104226.1	0
ENSMUSG00000104227.1	0
ENSMUSG00000104228.1	0
ENSMUSG00000104229.1	0
ENSMUSG00000104230.1	0
ENSMUSG00000104231.1	0
ENSMUSG00000104232.1	0
ENSMUSG00000104233.1	0
ENSMUSG00000104234.1	0
ENSMUSG00000104235.1	0
ENSMUSG00000104236.1	0
ENSMUSG00000104237.1	0
ENSMUSG00000104238.1	0
ENSMUSG00000104239.1	0
ENSMUSG00000104240.1	0
ENSMUSG00000104241.1	265.065322067272
ENSMUSG00000104242.1	0
ENSMUSG00000104243.1	0
ENSMUSG00000104244.1	0
ENSMUSG00000104245.1	0
ENSMUSG00000104247.1	0
ENSMUSG00000104248.1	0
ENSMUSG00000104249.1	0
ENSMUSG00000104251.1	0
ENSMUSG00000104252.5	215.021009985464
ENSMUSG00000104253.1	0
ENSMUSG00000104254.1	0
ENSMUSG00000104255.1	0
ENSMUSG00000104256.2	0
ENSMUSG00000104257.1	0
ENSMUSG00000104258.1	0
ENSMUSG00000104259.1	0
ENSMUSG00000104260.1	0
ENSMUSG00000104261.1	0
ENSMUSG00000104262.1	0
ENSMUSG00000104263.1	0
ENSMUSG00000104264.1	0
ENSMUSG00000104265.1	0
ENSMUSG00000104266.1	0
ENSMUSG00000104267.1	0
ENSMUSG00000104268.1	0
ENSMUSG00000104269.1	0
ENSMUSG00000104270.1	0
ENSMUSG00000104271.1	0
ENSMUSG00000104272.1	0
ENSMUSG00000104273.1	0
ENSMUSG00000104274.1	0
ENSMUSG00000104275.1	0
ENSMUSG00000104276.1	0
ENSMUSG00000104277.1	0
ENSMUSG00000104278.1	0
ENSMUSG00000104279.1	72.2389326074565
ENSMUSG00000104280.1	0
ENSMUSG00000104281.1	0
ENSMUSG00000104282.1	0
ENSMUSG00000104283.1	0
ENSMUSG00000104284.1	0
ENSMUSG00000104285.1	0
ENSMUSG00000104286.1	0
ENSMUSG00000104287.1	0
ENSMUSG00000104288.1	0
ENSMUSG00000104289.5	0
ENSMUSG00000104290.1	0
ENSMUSG00000104291.1	0
ENSMUSG00000104292.1	0
ENSMUSG00000104293.1	0
ENSMUSG00000104294.1	0
ENSMUSG00000104295.1	0
ENSMUSG00000104296.1	0
ENSMUSG00000104297.1	0
ENSMUSG00000104298.1	0
ENSMUSG00000104299.1	0
ENSMUSG00000104301.3	0
ENSMUSG00000104302.1	0
ENSMUSG00000104303.1	127.304283581831
ENSMUSG00000104304.1	0
ENSMUSG00000104306.1	0
ENSMUSG00000104307.1	0
ENSMUSG00000104308.1	0
ENSMUSG00000104309.1	23.3524766948614
ENSMUSG00000104310.1	0
ENSMUSG00000104311.1	0
ENSMUSG00000104312.1	0
ENSMUSG00000104313.1	0
ENSMUSG00000104314.1	0
ENSMUSG00000104315.1	0
ENSMUSG00000104316.1	0
ENSMUSG00000104317.1	0
ENSMUSG00000104318.1	49.0719463623252
ENSMUSG00000104319.1	0
ENSMUSG00000104320.1	0
ENSMUSG00000104321.1	0
ENSMUSG00000104323.1	0
ENSMUSG00000104324.1	0
ENSMUSG00000104325.1	0
ENSMUSG00000104326.1	0
ENSMUSG00000104327.1	0
ENSMUSG00000104328.1	0
ENSMUSG00000104329.1	0
ENSMUSG00000104330.1	0
ENSMUSG00000104331.1	0
ENSMUSG00000104332.1	0
ENSMUSG00000104333.1	0
ENSMUSG00000104334.1	0
ENSMUSG00000104335.1	0
ENSMUSG00000104336.1	0
ENSMUSG00000104337.1	0
ENSMUSG00000104338.1	0
ENSMUSG00000104339.1	0
ENSMUSG00000104340.1	0
ENSMUSG00000104341.1	0
ENSMUSG00000104342.1	0
ENSMUSG00000104343.1	0
ENSMUSG00000104344.1	0
ENSMUSG00000104345.5	0
ENSMUSG00000104346.1	106.174664759984
ENSMUSG00000104347.1	0
ENSMUSG00000104348.1	12.4089771229796
ENSMUSG00000104349.1	0
ENSMUSG00000104350.1	0
ENSMUSG00000104351.1	0
ENSMUSG00000104352.1	0
ENSMUSG00000104354.1	0
ENSMUSG00000104355.1	0
ENSMUSG00000104356.1	0
ENSMUSG00000104358.1	0
ENSMUSG00000104360.1	7.87206112554434
ENSMUSG00000104361.1	0
ENSMUSG00000104362.1	13.9951498733212
ENSMUSG00000104363.1	0
ENSMUSG00000104364.1	0
ENSMUSG00000104365.1	0
ENSMUSG00000104366.1	0
ENSMUSG00000104367.1	0
ENSMUSG00000104368.1	0
ENSMUSG00000104369.1	0
ENSMUSG00000104370.1	0
ENSMUSG00000104371.1	0
ENSMUSG00000104373.1	0
ENSMUSG00000104374.1	0
ENSMUSG00000104375.1	0
ENSMUSG00000104376.1	0
ENSMUSG00000104377.1	0
ENSMUSG00000104378.1	0
ENSMUSG00000104379.1	0
ENSMUSG00000104380.1	0
ENSMUSG00000104381.1	0
ENSMUSG00000104382.1	0
ENSMUSG00000104383.1	0
ENSMUSG00000104384.1	0
ENSMUSG00000104385.1	0
ENSMUSG00000104386.1	0
ENSMUSG00000104388.1	0
ENSMUSG00000104390.1	0
ENSMUSG00000104391.1	0
ENSMUSG00000104392.1	0
ENSMUSG00000104393.1	0
ENSMUSG00000104394.2	7.21037552327668
ENSMUSG00000104395.1	0
ENSMUSG00000104396.1	0
ENSMUSG00000104397.1	0
ENSMUSG00000104398.1	0
ENSMUSG00000104399.1	0
ENSMUSG00000104400.1	0
ENSMUSG00000104401.1	0
ENSMUSG00000104402.1	0
ENSMUSG00000104403.1	0
ENSMUSG00000104404.1	0
ENSMUSG00000104405.1	0
ENSMUSG00000104406.1	0
ENSMUSG00000104407.5	0
ENSMUSG00000104408.1	0
ENSMUSG00000104409.5	0
ENSMUSG00000104410.1	0
ENSMUSG00000104411.1	0
ENSMUSG00000104412.1	0
ENSMUSG00000104413.1	0
ENSMUSG00000104414.1	0
ENSMUSG00000104415.1	0
ENSMUSG00000104416.1	0
ENSMUSG00000104417.1	0
ENSMUSG00000104418.1	0
ENSMUSG00000104419.1	0
ENSMUSG00000104420.1	0
ENSMUSG00000104422.1	0
ENSMUSG00000104423.1	0
ENSMUSG00000104424.1	0
ENSMUSG00000104425.5	0
ENSMUSG00000104426.1	0
ENSMUSG00000104427.1	0
ENSMUSG00000104428.1	0
ENSMUSG00000104429.1	0
ENSMUSG00000104430.1	0
ENSMUSG00000104431.1	0
ENSMUSG00000104432.1	0
ENSMUSG00000104433.1	0
ENSMUSG00000104434.1	0
ENSMUSG00000104435.1	0
ENSMUSG00000104436.1	0
ENSMUSG00000104437.1	0
ENSMUSG00000104438.1	0
ENSMUSG00000104439.1	0
ENSMUSG00000104440.1	0
ENSMUSG00000104441.1	0
ENSMUSG00000104442.1	0
ENSMUSG00000104443.1	0
ENSMUSG00000104444.1	0
ENSMUSG00000104445.1	0
ENSMUSG00000104446.1	0
ENSMUSG00000104448.1	0
ENSMUSG00000104449.1	0
ENSMUSG00000104450.1	0
ENSMUSG00000104451.1	0
ENSMUSG00000104452.1	0
ENSMUSG00000104453.1	0
ENSMUSG00000104454.1	0
ENSMUSG00000104455.1	0
ENSMUSG00000104456.1	0
ENSMUSG00000104457.1	0
ENSMUSG00000104459.1	0
ENSMUSG00000104460.1	0
ENSMUSG00000104461.1	0
ENSMUSG00000104462.1	0
ENSMUSG00000104464.1	0
ENSMUSG00000104465.1	0
ENSMUSG00000104466.1	0
ENSMUSG00000104467.1	0
ENSMUSG00000104468.1	0
ENSMUSG00000104469.1	0
ENSMUSG00000104470.1	0
ENSMUSG00000104471.1	0
ENSMUSG00000104472.1	0
ENSMUSG00000104473.1	0
ENSMUSG00000104474.1	0
ENSMUSG00000104476.1	0
ENSMUSG00000104477.1	0
ENSMUSG00000104478.1	0
ENSMUSG00000104479.1	0
ENSMUSG00000104480.1	0
ENSMUSG00000104481.1	0
ENSMUSG00000104482.1	0
ENSMUSG00000104484.1	0
ENSMUSG00000104485.1	0
ENSMUSG00000104486.1	0
ENSMUSG00000104487.1	38.6197171385421
ENSMUSG00000104488.1	0
ENSMUSG00000104489.1	0
ENSMUSG00000104490.1	0
ENSMUSG00000104491.1	0
ENSMUSG00000104493.1	0
ENSMUSG00000104494.1	0
ENSMUSG00000104496.1	1.38501408493525
ENSMUSG00000104497.1	0
ENSMUSG00000104498.1	8.48383940337681
ENSMUSG00000104499.5	0
ENSMUSG00000104500.5	0
ENSMUSG00000104501.1	0
ENSMUSG00000104502.1	0
ENSMUSG00000104503.1	0
ENSMUSG00000104504.1	0
ENSMUSG00000104505.5	0
ENSMUSG00000104506.5	0
ENSMUSG00000104507.1	289.899163010003
ENSMUSG00000104508.1	0
ENSMUSG00000104509.1	0
ENSMUSG00000104510.1	0
ENSMUSG00000104511.1	0
ENSMUSG00000104512.1	0
ENSMUSG00000104513.1	0
ENSMUSG00000104514.1	0
ENSMUSG00000104515.1	0
ENSMUSG00000104516.1	0
ENSMUSG00000104517.1	0
ENSMUSG00000104518.1	0
ENSMUSG00000104519.1	0
ENSMUSG00000104520.1	0
ENSMUSG00000104521.1	0
ENSMUSG00000104522.5	0
ENSMUSG00000104523.1	0
ENSMUSG00000104524.1	0
ENSMUSG00000104525.1	0
ENSMUSG00000104526.1	0
ENSMUSG00000104527.1	0
ENSMUSG00000104528.1	0
ENSMUSG00000104529.4	0
ENSMUSG00000104530.1	0
ENSMUSG00000104531.1	0
ENSMUSG00000104532.1	0
ENSMUSG00000104533.1	0
ENSMUSG00000104534.1	0
ENSMUSG00000104535.1	0
ENSMUSG00000104536.1	0
ENSMUSG00000104537.1	0
ENSMUSG00000104538.1	0
ENSMUSG00000104539.1	0
ENSMUSG00000104540.1	0
ENSMUSG00000104541.1	0
ENSMUSG00000104542.1	0
ENSMUSG00000104543.1	0
ENSMUSG00000104544.4	0
ENSMUSG00000104545.1	0
ENSMUSG00000104546.1	0
ENSMUSG00000104547.1	0
ENSMUSG00000104548.1	0
ENSMUSG00000104549.1	0
ENSMUSG00000104550.1	0
ENSMUSG00000104551.1	0
ENSMUSG00000104552.1	0
ENSMUSG00000104553.1	0
ENSMUSG00000104554.1	0
ENSMUSG00000104555.1	0
ENSMUSG00000104556.1	0
ENSMUSG00000104557.1	0
ENSMUSG00000104558.1	0
ENSMUSG00000104559.1	24.268661561322
ENSMUSG00000104560.1	0
ENSMUSG00000104561.1	0
ENSMUSG00000104562.1	0
ENSMUSG00000104563.1	0
ENSMUSG00000104564.1	0
ENSMUSG00000104566.1	0
ENSMUSG00000104567.1	0
ENSMUSG00000104568.1	0
ENSMUSG00000104569.1	0
ENSMUSG00000104570.1	0
ENSMUSG00000104571.1	0
ENSMUSG00000104572.5	0
ENSMUSG00000104573.1	0
ENSMUSG00000104574.1	0
ENSMUSG00000104575.1	0
ENSMUSG00000104576.1	0
ENSMUSG00000104577.1	0
ENSMUSG00000104578.1	0
ENSMUSG00000104579.1	0
ENSMUSG00000104580.1	0
ENSMUSG00000104581.1	0
ENSMUSG00000104582.1	0
ENSMUSG00000104583.1	0
ENSMUSG00000104584.1	0
ENSMUSG00000104585.1	28.5621896188288
ENSMUSG00000104586.1	0
ENSMUSG00000104587.1	0
ENSMUSG00000104588.1	0
ENSMUSG00000104589.1	0
ENSMUSG00000104590.2	0
ENSMUSG00000104591.1	0
ENSMUSG00000104592.1	0
ENSMUSG00000104593.1	0
ENSMUSG00000104594.1	0
ENSMUSG00000104595.1	0
ENSMUSG00000104596.1	0
ENSMUSG00000104597.1	100.802932498216
ENSMUSG00000104598.1	0
ENSMUSG00000104599.1	0
ENSMUSG00000104600.4	0
ENSMUSG00000104601.1	0
ENSMUSG00000104602.1	0
ENSMUSG00000104603.1	0
ENSMUSG00000104604.1	0
ENSMUSG00000104605.1	12.2643738496161
ENSMUSG00000104606.1	0
ENSMUSG00000104607.1	71.8807172462666
ENSMUSG00000104608.1	0
ENSMUSG00000104609.1	0
ENSMUSG00000104610.1	0
ENSMUSG00000104612.1	0
ENSMUSG00000104613.1	0
ENSMUSG00000104614.5	0
ENSMUSG00000104615.1	0
ENSMUSG00000104616.1	0
ENSMUSG00000104617.1	0
ENSMUSG00000104618.1	0
ENSMUSG00000104619.1	0
ENSMUSG00000104620.1	0
ENSMUSG00000104621.1	0
ENSMUSG00000104622.1	0
ENSMUSG00000104623.1	17.9979420164354
ENSMUSG00000104624.1	0
ENSMUSG00000104625.1	0
ENSMUSG00000104626.1	0
ENSMUSG00000104627.1	0
ENSMUSG00000104628.1	0
ENSMUSG00000104629.1	0
ENSMUSG00000104630.1	0
ENSMUSG00000104631.1	0
ENSMUSG00000104632.1	0
ENSMUSG00000104633.1	0
ENSMUSG00000104634.1	0
ENSMUSG00000104635.1	0
ENSMUSG00000104636.1	0
ENSMUSG00000104637.1	0
ENSMUSG00000104638.1	0
ENSMUSG00000104639.1	0
ENSMUSG00000104640.1	0
ENSMUSG00000104641.1	0
ENSMUSG00000104642.1	11.0297059696866
ENSMUSG00000104643.1	0
ENSMUSG00000104644.1	0
ENSMUSG00000104645.1	0
ENSMUSG00000104646.1	0
ENSMUSG00000104647.1	0
ENSMUSG00000104648.1	0
ENSMUSG00000104649.1	39.618082108341
ENSMUSG00000104650.1	0
ENSMUSG00000104651.1	0
ENSMUSG00000104652.1	0
ENSMUSG00000104653.1	0
ENSMUSG00000104654.1	0
ENSMUSG00000104655.1	0
ENSMUSG00000104656.1	0
ENSMUSG00000104657.1	0
ENSMUSG00000104658.4	0
ENSMUSG00000104659.1	0
ENSMUSG00000104660.1	0
ENSMUSG00000104661.1	0
ENSMUSG00000104662.1	0
ENSMUSG00000104663.1	0
ENSMUSG00000104664.1	0
ENSMUSG00000104665.1	0
ENSMUSG00000104666.1	0
ENSMUSG00000104667.1	0
ENSMUSG00000104668.1	0
ENSMUSG00000104669.1	0
ENSMUSG00000104670.1	0
ENSMUSG00000104671.1	35.9691044929299
ENSMUSG00000104672.1	0
ENSMUSG00000104673.1	0
ENSMUSG00000104674.1	0
ENSMUSG00000104675.1	0
ENSMUSG00000104676.1	0
ENSMUSG00000104677.1	0
ENSMUSG00000104678.1	0
ENSMUSG00000104679.1	0
ENSMUSG00000104680.1	0
ENSMUSG00000104681.1	0
ENSMUSG00000104682.1	4.53423180112415
ENSMUSG00000104683.1	0
ENSMUSG00000104684.1	0
ENSMUSG00000104685.1	0
ENSMUSG00000104686.1	0
ENSMUSG00000104687.1	0
ENSMUSG00000104688.1	0
ENSMUSG00000104689.1	0
ENSMUSG00000104690.1	0
ENSMUSG00000104691.1	0
ENSMUSG00000104692.1	0
ENSMUSG00000104693.1	0
ENSMUSG00000104694.1	0
ENSMUSG00000104695.1	0
ENSMUSG00000104696.1	0
ENSMUSG00000104697.1	0
ENSMUSG00000104698.1	0
ENSMUSG00000104699.1	2.58450650855546
ENSMUSG00000104700.1	0
ENSMUSG00000104701.1	0
ENSMUSG00000104702.1	0
ENSMUSG00000104703.1	0
ENSMUSG00000104704.1	0
ENSMUSG00000104705.1	0
ENSMUSG00000104706.1	0
ENSMUSG00000104707.1	0
ENSMUSG00000104708.1	0
ENSMUSG00000104709.1	0
ENSMUSG00000104710.1	0
ENSMUSG00000104711.1	0
ENSMUSG00000104712.1	0
ENSMUSG00000104713.4	29.2836454063956
ENSMUSG00000104714.1	0
ENSMUSG00000104715.1	0
ENSMUSG00000104716.1	0
ENSMUSG00000104717.1	0
ENSMUSG00000104718.1	0
ENSMUSG00000104719.1	0
ENSMUSG00000104720.1	0
ENSMUSG00000104721.1	0
ENSMUSG00000104722.1	0
ENSMUSG00000104723.1	0
ENSMUSG00000104724.1	0
ENSMUSG00000104725.1	0
ENSMUSG00000104726.1	0
ENSMUSG00000104727.1	0
ENSMUSG00000104728.1	0
ENSMUSG00000104729.1	0
ENSMUSG00000104730.1	0
ENSMUSG00000104731.1	0
ENSMUSG00000104732.1	0
ENSMUSG00000104733.1	0
ENSMUSG00000104734.1	0
ENSMUSG00000104735.1	0
ENSMUSG00000104736.1	0
ENSMUSG00000104737.1	0
ENSMUSG00000104738.1	0
ENSMUSG00000104739.1	0
ENSMUSG00000104740.1	0
ENSMUSG00000104741.1	0
ENSMUSG00000104742.1	0
ENSMUSG00000104743.1	0
ENSMUSG00000104744.1	0
ENSMUSG00000104745.1	0
ENSMUSG00000104746.1	0
ENSMUSG00000104747.1	0
ENSMUSG00000104748.1	0
ENSMUSG00000104749.1	0
ENSMUSG00000104750.1	0
ENSMUSG00000104751.1	0
ENSMUSG00000104752.1	0
ENSMUSG00000104753.1	0
ENSMUSG00000104754.1	0
ENSMUSG00000104755.1	0
ENSMUSG00000104756.1	0
ENSMUSG00000104757.1	0
ENSMUSG00000104758.1	0
ENSMUSG00000104759.2	0
ENSMUSG00000104760.1	0
ENSMUSG00000104761.1	0
ENSMUSG00000104762.1	0
ENSMUSG00000104763.1	0
ENSMUSG00000104764.1	0
ENSMUSG00000104765.1	0
ENSMUSG00000104766.1	0
ENSMUSG00000104767.1	0
ENSMUSG00000104768.1	0
ENSMUSG00000104769.1	0
ENSMUSG00000104770.1	0
ENSMUSG00000104771.1	0
ENSMUSG00000104772.1	0
ENSMUSG00000104773.1	0
ENSMUSG00000104774.1	0
ENSMUSG00000104775.1	0
ENSMUSG00000104776.1	30.2607552868008
ENSMUSG00000104777.1	1.35452036637792
ENSMUSG00000104778.1	0
ENSMUSG00000104779.1	0
ENSMUSG00000104780.1	0
ENSMUSG00000104781.1	0
ENSMUSG00000104782.1	0
ENSMUSG00000104783.1	0
ENSMUSG00000104784.1	0
ENSMUSG00000104785.1	0
ENSMUSG00000104786.1	0
ENSMUSG00000104787.1	0
ENSMUSG00000104788.1	0
ENSMUSG00000104789.1	0
ENSMUSG00000104790.1	0
ENSMUSG00000104791.1	0
ENSMUSG00000104792.1	0
ENSMUSG00000104793.1	0
ENSMUSG00000104794.1	0
ENSMUSG00000104795.1	44.7582868324853
ENSMUSG00000104796.1	0
ENSMUSG00000104797.1	0
ENSMUSG00000104798.1	0
ENSMUSG00000104799.1	0
ENSMUSG00000104800.1	0
ENSMUSG00000104801.1	0
ENSMUSG00000104802.1	14.1741795249536
ENSMUSG00000104803.1	0
ENSMUSG00000104804.1	0
ENSMUSG00000104805.1	0
ENSMUSG00000104806.1	0
ENSMUSG00000104807.1	16.0654767303787
ENSMUSG00000104808.1	0
ENSMUSG00000104809.1	0
ENSMUSG00000104810.1	0
ENSMUSG00000104811.1	0
ENSMUSG00000104812.1	0
ENSMUSG00000104813.1	0
ENSMUSG00000104814.1	0
ENSMUSG00000104815.1	0
ENSMUSG00000104816.1	0
ENSMUSG00000104817.1	0
ENSMUSG00000104818.1	0
ENSMUSG00000104819.1	0
ENSMUSG00000104820.1	0
ENSMUSG00000104821.1	0
ENSMUSG00000104822.1	0
ENSMUSG00000104823.1	0
ENSMUSG00000104824.1	0
ENSMUSG00000104825.1	0
ENSMUSG00000104826.1	0
ENSMUSG00000104827.1	0
ENSMUSG00000104828.1	0
ENSMUSG00000104829.1	0
ENSMUSG00000104830.1	0
ENSMUSG00000104831.1	0
ENSMUSG00000104832.1	0
ENSMUSG00000104833.1	0
ENSMUSG00000104834.1	0
ENSMUSG00000104835.4	0
ENSMUSG00000104836.1	0
ENSMUSG00000104837.1	0
ENSMUSG00000104838.1	0
ENSMUSG00000104839.1	0
ENSMUSG00000104840.1	0
ENSMUSG00000104841.1	0
ENSMUSG00000104842.1	0
ENSMUSG00000104843.1	0
ENSMUSG00000104844.1	0
ENSMUSG00000104845.1	0
ENSMUSG00000104846.1	0
ENSMUSG00000104847.1	0
ENSMUSG00000104848.1	0
ENSMUSG00000104849.1	0
ENSMUSG00000104850.1	0
ENSMUSG00000104851.1	0
ENSMUSG00000104852.1	0
ENSMUSG00000104853.2	0
ENSMUSG00000104854.1	0
ENSMUSG00000104855.1	0
ENSMUSG00000104856.1	0
ENSMUSG00000104857.1	0
ENSMUSG00000104858.1	0
ENSMUSG00000104859.1	0
ENSMUSG00000104860.1	0
ENSMUSG00000104861.1	472.403506767123
ENSMUSG00000104862.1	5.40881162476293
ENSMUSG00000104863.1	0
ENSMUSG00000104864.1	29.2570531359648
ENSMUSG00000104865.1	0
ENSMUSG00000104866.1	0
ENSMUSG00000104867.1	0
ENSMUSG00000104868.1	19.5082706151963
ENSMUSG00000104869.1	0
ENSMUSG00000104870.1	0
ENSMUSG00000104871.1	0
ENSMUSG00000104872.1	0
ENSMUSG00000104873.1	0
ENSMUSG00000104874.1	0
ENSMUSG00000104875.1	0
ENSMUSG00000104876.1	0
ENSMUSG00000104877.1	0
ENSMUSG00000104878.1	0
ENSMUSG00000104879.1	0
ENSMUSG00000104880.1	0
ENSMUSG00000104881.1	0
ENSMUSG00000104882.1	5.2156743367048
ENSMUSG00000104883.1	0
ENSMUSG00000104884.1	0
ENSMUSG00000104885.1	0
ENSMUSG00000104886.1	0
ENSMUSG00000104887.1	0
ENSMUSG00000104888.1	2.81743856750469
ENSMUSG00000104889.1	0
ENSMUSG00000104890.1	0
ENSMUSG00000104891.1	0
ENSMUSG00000104892.1	0
ENSMUSG00000104893.1	0
ENSMUSG00000104894.4	0
ENSMUSG00000104895.1	0
ENSMUSG00000104896.1	0
ENSMUSG00000104897.1	0
ENSMUSG00000104898.1	0
ENSMUSG00000104899.1	0
ENSMUSG00000104900.1	0
ENSMUSG00000104901.1	0
ENSMUSG00000104902.1	0
ENSMUSG00000104903.1	0
ENSMUSG00000104904.1	0
ENSMUSG00000104905.1	0
ENSMUSG00000104906.1	0
ENSMUSG00000104908.1	0
ENSMUSG00000104909.1	0
ENSMUSG00000104910.1	0
ENSMUSG00000104911.1	0
ENSMUSG00000104912.1	0
ENSMUSG00000104913.1	131.152203840113
ENSMUSG00000104914.1	0
ENSMUSG00000104915.1	0
ENSMUSG00000104916.1	0
ENSMUSG00000104917.1	0
ENSMUSG00000104918.1	0
ENSMUSG00000104919.1	0
ENSMUSG00000104920.1	0
ENSMUSG00000104921.1	0
ENSMUSG00000104922.1	0
ENSMUSG00000104923.1	0
ENSMUSG00000104924.1	0
ENSMUSG00000104925.1	0
ENSMUSG00000104926.1	0
ENSMUSG00000104927.1	0
ENSMUSG00000104928.1	0
ENSMUSG00000104929.1	0
ENSMUSG00000104930.1	0
ENSMUSG00000104931.1	0
ENSMUSG00000104932.1	0
ENSMUSG00000104933.1	0
ENSMUSG00000104934.1	0
ENSMUSG00000104935.1	0
ENSMUSG00000104936.1	0
ENSMUSG00000104937.1	0
ENSMUSG00000104938.1	9.01758871867772
ENSMUSG00000104939.1	0
ENSMUSG00000104940.1	0
ENSMUSG00000104941.1	0
ENSMUSG00000104942.1	0
ENSMUSG00000104943.1	0
ENSMUSG00000104944.1	0
ENSMUSG00000104945.1	0
ENSMUSG00000104946.1	0
ENSMUSG00000104947.1	0
ENSMUSG00000104948.1	0
ENSMUSG00000104949.1	0
ENSMUSG00000104950.1	55.219723473847
ENSMUSG00000104951.1	0
ENSMUSG00000104952.1	0
ENSMUSG00000104953.1	0
ENSMUSG00000104954.1	0
ENSMUSG00000104955.1	0
ENSMUSG00000104956.1	0
ENSMUSG00000104957.1	0
ENSMUSG00000104958.1	0
ENSMUSG00000104959.1	0
ENSMUSG00000104960.1	674.338903678118
ENSMUSG00000104961.1	0
ENSMUSG00000104962.1	0
ENSMUSG00000104963.1	0
ENSMUSG00000104964.1	0
ENSMUSG00000104965.1	36.7997384048709
ENSMUSG00000104966.1	0
ENSMUSG00000104967.1	0
ENSMUSG00000104968.1	0
ENSMUSG00000104969.1	21.1185387091677
ENSMUSG00000104970.1	0
ENSMUSG00000104971.1	0
ENSMUSG00000104972.1	0
ENSMUSG00000104973.1	0
ENSMUSG00000104974.1	0
ENSMUSG00000104975.1	0
ENSMUSG00000104976.1	0
ENSMUSG00000104978.1	0
ENSMUSG00000104979.1	0
ENSMUSG00000104980.1	0
ENSMUSG00000104981.1	0
ENSMUSG00000104982.1	0
ENSMUSG00000104983.1	0
ENSMUSG00000104984.1	0
ENSMUSG00000104985.1	0
ENSMUSG00000104986.1	66.4926925371221
ENSMUSG00000104987.1	0
ENSMUSG00000104988.1	0
ENSMUSG00000104989.1	0
ENSMUSG00000104990.1	0
ENSMUSG00000104991.1	0
ENSMUSG00000104992.1	0
ENSMUSG00000104993.1	0
ENSMUSG00000104994.1	0
ENSMUSG00000104995.1	0
ENSMUSG00000104996.1	0
ENSMUSG00000104997.1	0
ENSMUSG00000104998.1	0
ENSMUSG00000104999.1	0
ENSMUSG00000105000.1	0
ENSMUSG00000105001.1	0
ENSMUSG00000105002.1	0
ENSMUSG00000105003.1	16.5002853211896
ENSMUSG00000105004.1	0
ENSMUSG00000105005.1	0
ENSMUSG00000105006.1	0
ENSMUSG00000105007.1	0
ENSMUSG00000105008.1	0
ENSMUSG00000105009.1	0
ENSMUSG00000105010.1	0
ENSMUSG00000105011.1	0
ENSMUSG00000105012.1	0
ENSMUSG00000105013.1	0
ENSMUSG00000105014.1	0
ENSMUSG00000105015.1	0
ENSMUSG00000105016.1	0
ENSMUSG00000105017.1	0
ENSMUSG00000105018.1	0
ENSMUSG00000105019.1	0
ENSMUSG00000105020.1	0
ENSMUSG00000105021.1	0
ENSMUSG00000105023.1	0
ENSMUSG00000105024.1	0
ENSMUSG00000105025.1	0
ENSMUSG00000105026.1	0
ENSMUSG00000105027.1	0
ENSMUSG00000105028.1	0
ENSMUSG00000105029.1	0
ENSMUSG00000105030.1	0
ENSMUSG00000105031.1	373.774336318696
ENSMUSG00000105032.1	0
ENSMUSG00000105033.1	0
ENSMUSG00000105034.1	0
ENSMUSG00000105035.1	0
ENSMUSG00000105036.1	0
ENSMUSG00000105037.1	0
ENSMUSG00000105038.1	0
ENSMUSG00000105039.1	0
ENSMUSG00000105040.1	0
ENSMUSG00000105041.1	0
ENSMUSG00000105042.1	0
ENSMUSG00000105043.1	0
ENSMUSG00000105044.1	0
ENSMUSG00000105045.1	0
ENSMUSG00000105046.1	0
ENSMUSG00000105047.1	0
ENSMUSG00000105048.1	0
ENSMUSG00000105049.1	0
ENSMUSG00000105050.1	0
ENSMUSG00000105051.1	0
ENSMUSG00000105052.4	0
ENSMUSG00000105053.1	0
ENSMUSG00000105054.1	0
ENSMUSG00000105055.1	406.481955024147
ENSMUSG00000105056.1	0
ENSMUSG00000105057.1	0
ENSMUSG00000105058.1	0
ENSMUSG00000105059.1	0
ENSMUSG00000105060.1	0
ENSMUSG00000105061.1	0
ENSMUSG00000105062.1	0
ENSMUSG00000105063.1	0
ENSMUSG00000105064.1	0
ENSMUSG00000105065.1	0
ENSMUSG00000105066.1	0
ENSMUSG00000105067.1	0
ENSMUSG00000105068.1	0
ENSMUSG00000105070.1	0
ENSMUSG00000105071.1	0
ENSMUSG00000105072.1	0
ENSMUSG00000105073.1	0
ENSMUSG00000105074.1	0
ENSMUSG00000105075.1	0
ENSMUSG00000105076.1	17.705239772187
ENSMUSG00000105077.1	4.77481069840147
ENSMUSG00000105078.2	42.7278483810739
ENSMUSG00000105079.1	0
ENSMUSG00000105080.1	0
ENSMUSG00000105081.1	339.028507477166
ENSMUSG00000105082.2	0
ENSMUSG00000105083.1	0
ENSMUSG00000105084.1	0
ENSMUSG00000105085.1	0
ENSMUSG00000105086.1	0
ENSMUSG00000105087.1	0
ENSMUSG00000105088.1	0
ENSMUSG00000105089.2	0
ENSMUSG00000105090.1	0
ENSMUSG00000105091.1	0
ENSMUSG00000105092.1	0
ENSMUSG00000105093.1	0
ENSMUSG00000105094.1	0
ENSMUSG00000105095.1	0
ENSMUSG00000105096.1	0
ENSMUSG00000105097.1	0
ENSMUSG00000105098.1	0
ENSMUSG00000105099.1	0
ENSMUSG00000105100.1	0
ENSMUSG00000105101.1	0
ENSMUSG00000105102.1	7.28085128223519
ENSMUSG00000105103.1	0
ENSMUSG00000105104.1	0
ENSMUSG00000105105.1	0
ENSMUSG00000105106.1	0
ENSMUSG00000105107.1	0
ENSMUSG00000105108.1	0
ENSMUSG00000105109.1	0
ENSMUSG00000105110.1	0
ENSMUSG00000105111.1	0
ENSMUSG00000105112.1	0
ENSMUSG00000105113.1	0
ENSMUSG00000105114.1	0
ENSMUSG00000105115.1	0
ENSMUSG00000105116.1	0
ENSMUSG00000105117.1	0
ENSMUSG00000105118.1	0
ENSMUSG00000105119.1	0
ENSMUSG00000105120.1	0
ENSMUSG00000105121.1	0
ENSMUSG00000105122.1	0
ENSMUSG00000105123.1	0
ENSMUSG00000105124.2	1.51853724561927
ENSMUSG00000105125.1	0
ENSMUSG00000105126.1	0
ENSMUSG00000105127.1	0
ENSMUSG00000105128.1	0
ENSMUSG00000105129.1	0
ENSMUSG00000105130.1	0
ENSMUSG00000105131.1	0
ENSMUSG00000105132.1	0
ENSMUSG00000105133.1	0
ENSMUSG00000105134.1	0
ENSMUSG00000105135.1	121.068489800574
ENSMUSG00000105136.1	0
ENSMUSG00000105137.1	0
ENSMUSG00000105138.1	0
ENSMUSG00000105139.1	0
ENSMUSG00000105140.1	0
ENSMUSG00000105141.1	0
ENSMUSG00000105142.1	0
ENSMUSG00000105143.1	0
ENSMUSG00000105144.1	0
ENSMUSG00000105145.1	0
ENSMUSG00000105146.1	0
ENSMUSG00000105147.1	0
ENSMUSG00000105148.1	0
ENSMUSG00000105149.1	0
ENSMUSG00000105150.1	0
ENSMUSG00000105151.1	0
ENSMUSG00000105152.1	14.5725329844698
ENSMUSG00000105153.4	0
ENSMUSG00000105154.1	0
ENSMUSG00000105155.1	0
ENSMUSG00000105156.1	136.748659513971
ENSMUSG00000105157.1	0
ENSMUSG00000105158.1	0
ENSMUSG00000105159.1	0
ENSMUSG00000105160.1	0
ENSMUSG00000105161.1	16.1307713662251
ENSMUSG00000105162.1	0
ENSMUSG00000105163.1	0
ENSMUSG00000105164.1	0
ENSMUSG00000105165.1	0
ENSMUSG00000105166.1	0
ENSMUSG00000105167.1	0
ENSMUSG00000105168.1	0
ENSMUSG00000105169.1	0
ENSMUSG00000105170.1	0
ENSMUSG00000105171.1	0
ENSMUSG00000105172.1	0
ENSMUSG00000105173.1	0
ENSMUSG00000105174.1	0
ENSMUSG00000105175.1	0
ENSMUSG00000105176.1	12.9047731509051
ENSMUSG00000105177.1	0
ENSMUSG00000105178.1	0
ENSMUSG00000105179.1	0
ENSMUSG00000105180.1	0
ENSMUSG00000105181.1	0
ENSMUSG00000105182.1	0
ENSMUSG00000105183.1	0
ENSMUSG00000105184.1	0
ENSMUSG00000105185.4	0
ENSMUSG00000105186.1	0
ENSMUSG00000105187.1	0
ENSMUSG00000105188.1	0
ENSMUSG00000105189.1	7.91416555372637
ENSMUSG00000105190.1	0
ENSMUSG00000105191.1	0
ENSMUSG00000105192.1	0
ENSMUSG00000105193.1	0
ENSMUSG00000105194.1	0
ENSMUSG00000105195.1	6.53068083645674
ENSMUSG00000105196.1	0
ENSMUSG00000105197.1	0
ENSMUSG00000105198.1	0
ENSMUSG00000105199.1	0
ENSMUSG00000105200.1	0
ENSMUSG00000105201.1	0
ENSMUSG00000105202.1	0
ENSMUSG00000105203.1	0
ENSMUSG00000105204.1	0
ENSMUSG00000105205.1	0
ENSMUSG00000105206.1	0
ENSMUSG00000105207.1	0
ENSMUSG00000105208.1	0
ENSMUSG00000105209.1	0
ENSMUSG00000105210.1	0
ENSMUSG00000105211.1	0
ENSMUSG00000105212.1	0
ENSMUSG00000105213.1	0
ENSMUSG00000105214.1	0
ENSMUSG00000105215.1	0
ENSMUSG00000105216.1	0
ENSMUSG00000105217.1	0
ENSMUSG00000105218.4	0
ENSMUSG00000105219.1	0
ENSMUSG00000105220.1	0
ENSMUSG00000105221.1	0
ENSMUSG00000105222.1	0
ENSMUSG00000105223.1	0
ENSMUSG00000105224.1	0
ENSMUSG00000105225.1	0
ENSMUSG00000105226.1	4.84406920554448
ENSMUSG00000105227.1	0
ENSMUSG00000105228.1	0
ENSMUSG00000105229.1	0
ENSMUSG00000105230.1	747.934635097659
ENSMUSG00000105231.1	0
ENSMUSG00000105232.1	0
ENSMUSG00000105233.1	0
ENSMUSG00000105234.1	0
ENSMUSG00000105235.1	0
ENSMUSG00000105236.1	0
ENSMUSG00000105237.1	0
ENSMUSG00000105238.1	0
ENSMUSG00000105239.1	0
ENSMUSG00000105240.1	0
ENSMUSG00000105241.1	0
ENSMUSG00000105242.1	0
ENSMUSG00000105243.1	225.075634827771
ENSMUSG00000105244.1	0
ENSMUSG00000105245.1	0
ENSMUSG00000105246.1	0
ENSMUSG00000105247.1	0
ENSMUSG00000105248.1	0
ENSMUSG00000105249.1	0
ENSMUSG00000105250.1	0
ENSMUSG00000105251.1	0
ENSMUSG00000105252.1	0
ENSMUSG00000105253.1	0
ENSMUSG00000105254.1	0
ENSMUSG00000105255.1	0
ENSMUSG00000105256.1	0
ENSMUSG00000105257.1	0
ENSMUSG00000105258.1	0
ENSMUSG00000105259.1	0
ENSMUSG00000105260.1	0
ENSMUSG00000105261.1	0
ENSMUSG00000105262.1	0
ENSMUSG00000105263.1	87.1799183530003
ENSMUSG00000105264.1	0
ENSMUSG00000105265.4	422.218773764343
ENSMUSG00000105266.1	0
ENSMUSG00000105267.1	0
ENSMUSG00000105269.1	0
ENSMUSG00000105270.1	0
ENSMUSG00000105271.1	0
ENSMUSG00000105272.1	0
ENSMUSG00000105273.1	0
ENSMUSG00000105274.1	0
ENSMUSG00000105275.1	0
ENSMUSG00000105277.1	0
ENSMUSG00000105278.1	0
ENSMUSG00000105279.1	0
ENSMUSG00000105280.1	0
ENSMUSG00000105281.1	0
ENSMUSG00000105282.1	0
ENSMUSG00000105283.1	0
ENSMUSG00000105284.1	0
ENSMUSG00000105285.1	0
ENSMUSG00000105286.1	0
ENSMUSG00000105287.1	0
ENSMUSG00000105288.1	0
ENSMUSG00000105289.1	0
ENSMUSG00000105290.1	0
ENSMUSG00000105291.1	0
ENSMUSG00000105292.1	0
ENSMUSG00000105293.1	0
ENSMUSG00000105294.1	0
ENSMUSG00000105295.1	0
ENSMUSG00000105296.1	0
ENSMUSG00000105297.1	0
ENSMUSG00000105298.1	0
ENSMUSG00000105299.1	0
ENSMUSG00000105300.1	0
ENSMUSG00000105301.1	0
ENSMUSG00000105302.1	0
ENSMUSG00000105303.1	0
ENSMUSG00000105304.1	0
ENSMUSG00000105305.1	0
ENSMUSG00000105306.1	0
ENSMUSG00000105307.1	0
ENSMUSG00000105308.4	0
ENSMUSG00000105309.1	0
ENSMUSG00000105310.1	0
ENSMUSG00000105311.1	0
ENSMUSG00000105312.1	0
ENSMUSG00000105313.1	0
ENSMUSG00000105314.1	0
ENSMUSG00000105315.1	0
ENSMUSG00000105316.1	0
ENSMUSG00000105317.2	0
ENSMUSG00000105318.1	0
ENSMUSG00000105319.1	0
ENSMUSG00000105320.1	0
ENSMUSG00000105321.1	0
ENSMUSG00000105322.1	0
ENSMUSG00000105323.1	0
ENSMUSG00000105324.1	0
ENSMUSG00000105325.1	0
ENSMUSG00000105326.1	0
ENSMUSG00000105327.1	0
ENSMUSG00000105328.1	0
ENSMUSG00000105329.1	0
ENSMUSG00000105330.1	0
ENSMUSG00000105331.1	0
ENSMUSG00000105332.1	0
ENSMUSG00000105333.1	0
ENSMUSG00000105334.1	0
ENSMUSG00000105335.1	0
ENSMUSG00000105336.1	0
ENSMUSG00000105337.4	0
ENSMUSG00000105338.1	42.923232903253
ENSMUSG00000105339.1	0
ENSMUSG00000105340.5	0
ENSMUSG00000105341.1	0
ENSMUSG00000105342.1	0
ENSMUSG00000105343.1	0
ENSMUSG00000105344.1	0
ENSMUSG00000105345.1	45.5881404548009
ENSMUSG00000105346.1	0
ENSMUSG00000105347.1	0
ENSMUSG00000105348.1	0
ENSMUSG00000105349.1	65.1314616799665
ENSMUSG00000105350.1	0
ENSMUSG00000105351.1	0
ENSMUSG00000105352.4	0
ENSMUSG00000105353.1	0
ENSMUSG00000105355.1	0
ENSMUSG00000105356.1	0
ENSMUSG00000105357.1	0
ENSMUSG00000105358.1	0
ENSMUSG00000105359.1	8.94427270548307
ENSMUSG00000105360.1	0
ENSMUSG00000105362.1	0
ENSMUSG00000105363.1	0
ENSMUSG00000105364.1	0
ENSMUSG00000105365.1	0
ENSMUSG00000105366.1	1.5403853551281
ENSMUSG00000105367.1	0
ENSMUSG00000105368.1	0
ENSMUSG00000105369.1	0
ENSMUSG00000105370.1	0
ENSMUSG00000105371.1	0
ENSMUSG00000105372.1	0
ENSMUSG00000105373.1	0
ENSMUSG00000105374.1	0
ENSMUSG00000105375.1	0
ENSMUSG00000105376.4	0
ENSMUSG00000105377.1	0
ENSMUSG00000105378.1	0
ENSMUSG00000105379.1	0
ENSMUSG00000105380.1	0
ENSMUSG00000105381.1	0
ENSMUSG00000105382.1	0
ENSMUSG00000105384.1	0
ENSMUSG00000105385.1	0
ENSMUSG00000105386.1	0
ENSMUSG00000105387.1	0
ENSMUSG00000105388.1	148.658781873694
ENSMUSG00000105389.1	10.5797909717297
ENSMUSG00000105390.1	0
ENSMUSG00000105391.1	0
ENSMUSG00000105392.1	0
ENSMUSG00000105393.1	0
ENSMUSG00000105394.1	0
ENSMUSG00000105395.1	0
ENSMUSG00000105396.1	0
ENSMUSG00000105397.1	0
ENSMUSG00000105398.1	0
ENSMUSG00000105399.1	0
ENSMUSG00000105400.1	0
ENSMUSG00000105401.1	0
ENSMUSG00000105402.4	2.90426919700981
ENSMUSG00000105403.1	0
ENSMUSG00000105404.1	0
ENSMUSG00000105405.1	0
ENSMUSG00000105406.1	0
ENSMUSG00000105407.1	0
ENSMUSG00000105408.1	0
ENSMUSG00000105409.1	0
ENSMUSG00000105410.1	0
ENSMUSG00000105411.1	0
ENSMUSG00000105412.1	0
ENSMUSG00000105413.1	0
ENSMUSG00000105415.1	0
ENSMUSG00000105416.1	16.9564738477341
ENSMUSG00000105418.1	0
ENSMUSG00000105419.1	35.5104502511694
ENSMUSG00000105420.1	0
ENSMUSG00000105421.1	0
ENSMUSG00000105422.1	0
ENSMUSG00000105423.4	0
ENSMUSG00000105424.1	0
ENSMUSG00000105425.1	0
ENSMUSG00000105426.1	0
ENSMUSG00000105427.1	0
ENSMUSG00000105428.1	0
ENSMUSG00000105429.1	0
ENSMUSG00000105430.1	0
ENSMUSG00000105431.1	0
ENSMUSG00000105432.1	0
ENSMUSG00000105433.1	0
ENSMUSG00000105434.1	0
ENSMUSG00000105435.1	0
ENSMUSG00000105436.1	0
ENSMUSG00000105437.1	0
ENSMUSG00000105438.1	0
ENSMUSG00000105439.1	0
ENSMUSG00000105440.1	0
ENSMUSG00000105441.1	0
ENSMUSG00000105442.1	0
ENSMUSG00000105443.1	0
ENSMUSG00000105444.1	0
ENSMUSG00000105445.1	0
ENSMUSG00000105446.1	0
ENSMUSG00000105447.1	0
ENSMUSG00000105448.1	0
ENSMUSG00000105449.1	0
ENSMUSG00000105450.1	0
ENSMUSG00000105451.1	0
ENSMUSG00000105452.1	49.9204957240634
ENSMUSG00000105453.1	0
ENSMUSG00000105454.1	0
ENSMUSG00000105455.1	0
ENSMUSG00000105456.1	0
ENSMUSG00000105457.1	0
ENSMUSG00000105458.1	0
ENSMUSG00000105459.1	0
ENSMUSG00000105460.1	0
ENSMUSG00000105461.1	164.109203109814
ENSMUSG00000105462.1	0
ENSMUSG00000105463.1	0
ENSMUSG00000105464.1	0
ENSMUSG00000105465.1	0
ENSMUSG00000105466.1	0
ENSMUSG00000105467.1	0
ENSMUSG00000105468.1	0
ENSMUSG00000105469.1	0
ENSMUSG00000105470.1	0
ENSMUSG00000105471.1	0
ENSMUSG00000105472.1	0
ENSMUSG00000105473.1	0
ENSMUSG00000105474.1	0
ENSMUSG00000105475.1	0
ENSMUSG00000105476.1	0
ENSMUSG00000105477.1	0
ENSMUSG00000105478.1	0
ENSMUSG00000105479.1	0
ENSMUSG00000105480.1	0
ENSMUSG00000105481.1	0
ENSMUSG00000105482.1	0
ENSMUSG00000105483.1	0
ENSMUSG00000105484.1	0
ENSMUSG00000105485.1	0
ENSMUSG00000105486.1	0
ENSMUSG00000105487.1	0
ENSMUSG00000105488.1	0
ENSMUSG00000105489.1	0
ENSMUSG00000105490.1	0
ENSMUSG00000105491.1	0
ENSMUSG00000105492.1	0
ENSMUSG00000105493.1	0
ENSMUSG00000105494.1	0
ENSMUSG00000105495.1	0
ENSMUSG00000105496.1	0
ENSMUSG00000105497.1	0
ENSMUSG00000105498.1	0
ENSMUSG00000105499.1	0
ENSMUSG00000105500.1	0
ENSMUSG00000105501.1	0
ENSMUSG00000105502.1	0
ENSMUSG00000105503.1	0
ENSMUSG00000105504.4	0
ENSMUSG00000105505.1	0
ENSMUSG00000105506.1	0
ENSMUSG00000105507.1	0
ENSMUSG00000105508.1	0
ENSMUSG00000105509.1	23.7921230813492
ENSMUSG00000105510.1	0
ENSMUSG00000105511.1	0
ENSMUSG00000105512.1	55.9591259227961
ENSMUSG00000105513.1	0
ENSMUSG00000105514.1	0
ENSMUSG00000105515.1	0
ENSMUSG00000105516.4	0
ENSMUSG00000105517.1	0
ENSMUSG00000105518.1	0
ENSMUSG00000105519.1	0
ENSMUSG00000105520.1	0
ENSMUSG00000105521.1	0
ENSMUSG00000105522.1	0
ENSMUSG00000105523.1	0
ENSMUSG00000105524.1	0
ENSMUSG00000105525.1	0
ENSMUSG00000105526.1	0
ENSMUSG00000105527.1	0
ENSMUSG00000105528.1	0
ENSMUSG00000105529.1	0
ENSMUSG00000105530.1	0
ENSMUSG00000105531.1	0
ENSMUSG00000105532.1	0
ENSMUSG00000105533.1	0
ENSMUSG00000105534.1	0
ENSMUSG00000105535.1	0
ENSMUSG00000105536.1	0
ENSMUSG00000105537.1	0
ENSMUSG00000105538.1	0
ENSMUSG00000105539.1	0
ENSMUSG00000105540.1	0
ENSMUSG00000105541.1	0
ENSMUSG00000105542.1	0
ENSMUSG00000105543.1	0
ENSMUSG00000105544.1	0
ENSMUSG00000105545.1	0
ENSMUSG00000105546.1	0
ENSMUSG00000105547.1	0
ENSMUSG00000105548.1	0
ENSMUSG00000105549.1	0
ENSMUSG00000105550.1	0
ENSMUSG00000105551.1	0
ENSMUSG00000105552.1	0
ENSMUSG00000105553.1	0
ENSMUSG00000105554.1	1.80518444237522
ENSMUSG00000105555.1	0
ENSMUSG00000105556.1	0
ENSMUSG00000105557.1	0
ENSMUSG00000105558.1	13.5037546788824
ENSMUSG00000105559.1	0
ENSMUSG00000105560.1	0
ENSMUSG00000105561.1	0
ENSMUSG00000105562.1	0
ENSMUSG00000105563.1	0
ENSMUSG00000105564.1	0
ENSMUSG00000105565.1	16.1814589802856
ENSMUSG00000105566.1	0
ENSMUSG00000105567.1	0
ENSMUSG00000105568.1	0
ENSMUSG00000105569.1	0
ENSMUSG00000105570.1	0
ENSMUSG00000105571.1	0
ENSMUSG00000105572.1	0
ENSMUSG00000105573.2	0
ENSMUSG00000105574.1	0
ENSMUSG00000105575.1	0
ENSMUSG00000105576.1	0
ENSMUSG00000105577.1	0
ENSMUSG00000105578.1	0
ENSMUSG00000105579.2	0
ENSMUSG00000105580.1	0
ENSMUSG00000105581.1	0
ENSMUSG00000105582.1	0
ENSMUSG00000105583.1	0
ENSMUSG00000105584.1	0
ENSMUSG00000105585.1	0
ENSMUSG00000105586.1	0
ENSMUSG00000105588.1	0
ENSMUSG00000105589.4	0
ENSMUSG00000105590.1	0
ENSMUSG00000105591.1	0
ENSMUSG00000105592.1	0
ENSMUSG00000105593.4	0
ENSMUSG00000105594.1	152.780365309366
ENSMUSG00000105595.1	0
ENSMUSG00000105596.1	0
ENSMUSG00000105597.1	0
ENSMUSG00000105598.1	0
ENSMUSG00000105599.1	0
ENSMUSG00000105600.1	0
ENSMUSG00000105601.1	0
ENSMUSG00000105602.1	0
ENSMUSG00000105603.1	0
ENSMUSG00000105604.1	0
ENSMUSG00000105605.1	0
ENSMUSG00000105606.1	0
ENSMUSG00000105607.1	0
ENSMUSG00000105608.1	0
ENSMUSG00000105609.1	26.3955438104223
ENSMUSG00000105610.1	0
ENSMUSG00000105611.1	0
ENSMUSG00000105612.1	0
ENSMUSG00000105613.1	0
ENSMUSG00000105614.1	0
ENSMUSG00000105615.1	0
ENSMUSG00000105616.1	0
ENSMUSG00000105617.4	0
ENSMUSG00000105618.1	0
ENSMUSG00000105619.1	0
ENSMUSG00000105620.1	0
ENSMUSG00000105621.1	0
ENSMUSG00000105622.1	0
ENSMUSG00000105624.1	0
ENSMUSG00000105625.1	0
ENSMUSG00000105626.1	0
ENSMUSG00000105627.1	0
ENSMUSG00000105628.1	0
ENSMUSG00000105629.1	0
ENSMUSG00000105630.1	0
ENSMUSG00000105632.1	0
ENSMUSG00000105633.1	0
ENSMUSG00000105634.1	0
ENSMUSG00000105635.1	0
ENSMUSG00000105636.1	0
ENSMUSG00000105637.1	0
ENSMUSG00000105638.1	0
ENSMUSG00000105639.1	0
ENSMUSG00000105640.1	0
ENSMUSG00000105641.1	3.24709724678849
ENSMUSG00000105642.1	0
ENSMUSG00000105643.1	0
ENSMUSG00000105644.1	0
ENSMUSG00000105645.1	0
ENSMUSG00000105646.1	0
ENSMUSG00000105647.1	0
ENSMUSG00000105648.1	0
ENSMUSG00000105649.1	0
ENSMUSG00000105650.1	0
ENSMUSG00000105651.1	0
ENSMUSG00000105652.1	0
ENSMUSG00000105653.1	0
ENSMUSG00000105654.1	0
ENSMUSG00000105655.1	0
ENSMUSG00000105656.1	0
ENSMUSG00000105657.1	0
ENSMUSG00000105658.1	0
ENSMUSG00000105659.1	0
ENSMUSG00000105660.1	0
ENSMUSG00000105661.1	0
ENSMUSG00000105662.4	0
ENSMUSG00000105663.1	0
ENSMUSG00000105664.1	0
ENSMUSG00000105665.1	0
ENSMUSG00000105666.1	0
ENSMUSG00000105667.1	0
ENSMUSG00000105668.1	0
ENSMUSG00000105669.1	0
ENSMUSG00000105670.1	0
ENSMUSG00000105671.1	0
ENSMUSG00000105672.1	0
ENSMUSG00000105673.1	0
ENSMUSG00000105674.1	0
ENSMUSG00000105675.1	0
ENSMUSG00000105676.1	0
ENSMUSG00000105677.1	0
ENSMUSG00000105678.1	0
ENSMUSG00000105679.1	0
ENSMUSG00000105680.1	0
ENSMUSG00000105681.1	0
ENSMUSG00000105682.1	0
ENSMUSG00000105683.1	0
ENSMUSG00000105684.1	0
ENSMUSG00000105685.1	0
ENSMUSG00000105686.1	66.0263290338634
ENSMUSG00000105687.1	0
ENSMUSG00000105688.1	0
ENSMUSG00000105689.1	0
ENSMUSG00000105690.1	0
ENSMUSG00000105691.1	0
ENSMUSG00000105692.1	159.012538546762
ENSMUSG00000105693.1	0
ENSMUSG00000105694.1	0
ENSMUSG00000105695.1	0
ENSMUSG00000105696.1	0
ENSMUSG00000105697.1	0
ENSMUSG00000105698.1	144.146554240004
ENSMUSG00000105699.1	0
ENSMUSG00000105700.1	0
ENSMUSG00000105701.1	0
ENSMUSG00000105702.1	0
ENSMUSG00000105703.2	2.34889025329515
ENSMUSG00000105704.1	0
ENSMUSG00000105705.1	0
ENSMUSG00000105706.1	0
ENSMUSG00000105707.1	0
ENSMUSG00000105708.1	0
ENSMUSG00000105709.1	0
ENSMUSG00000105710.1	0
ENSMUSG00000105711.1	0
ENSMUSG00000105712.1	0
ENSMUSG00000105713.1	0
ENSMUSG00000105714.1	0
ENSMUSG00000105715.1	0
ENSMUSG00000105716.1	0
ENSMUSG00000105717.1	0
ENSMUSG00000105718.1	0
ENSMUSG00000105719.1	0
ENSMUSG00000105720.1	0
ENSMUSG00000105721.1	0
ENSMUSG00000105722.1	0
ENSMUSG00000105723.1	0
ENSMUSG00000105724.1	0
ENSMUSG00000105725.1	0
ENSMUSG00000105726.1	0
ENSMUSG00000105727.1	0
ENSMUSG00000105728.1	0
ENSMUSG00000105729.1	0
ENSMUSG00000105730.1	0
ENSMUSG00000105731.1	0
ENSMUSG00000105732.1	0
ENSMUSG00000105733.1	0
ENSMUSG00000105734.1	0
ENSMUSG00000105735.1	0
ENSMUSG00000105736.1	0
ENSMUSG00000105737.1	0
ENSMUSG00000105738.1	0
ENSMUSG00000105739.1	0
ENSMUSG00000105740.1	0
ENSMUSG00000105741.1	13.0590208040375
ENSMUSG00000105742.1	0
ENSMUSG00000105743.1	0
ENSMUSG00000105744.1	0
ENSMUSG00000105745.1	0
ENSMUSG00000105746.1	0
ENSMUSG00000105747.1	0
ENSMUSG00000105748.1	0
ENSMUSG00000105749.1	0
ENSMUSG00000105750.1	0
ENSMUSG00000105751.1	0
ENSMUSG00000105752.1	0
ENSMUSG00000105753.1	0
ENSMUSG00000105754.1	0
ENSMUSG00000105755.1	0
ENSMUSG00000105756.1	0
ENSMUSG00000105757.1	0
ENSMUSG00000105758.1	0
ENSMUSG00000105759.1	0
ENSMUSG00000105760.1	0
ENSMUSG00000105761.1	0
ENSMUSG00000105762.1	0
ENSMUSG00000105763.1	0
ENSMUSG00000105764.1	0
ENSMUSG00000105765.1	0
ENSMUSG00000105766.1	0
ENSMUSG00000105767.1	0
ENSMUSG00000105768.1	0
ENSMUSG00000105769.1	0
ENSMUSG00000105770.1	0
ENSMUSG00000105771.1	0
ENSMUSG00000105772.1	0
ENSMUSG00000105773.1	0
ENSMUSG00000105774.1	0
ENSMUSG00000105775.1	56.2736138533834
ENSMUSG00000105776.1	0
ENSMUSG00000105777.1	0
ENSMUSG00000105778.1	0
ENSMUSG00000105779.1	0
ENSMUSG00000105780.1	0
ENSMUSG00000105781.1	0
ENSMUSG00000105782.1	0
ENSMUSG00000105783.1	0
ENSMUSG00000105784.1	117.295695827418
ENSMUSG00000105785.1	0
ENSMUSG00000105786.1	0
ENSMUSG00000105787.1	20.533383913351
ENSMUSG00000105788.1	0
ENSMUSG00000105789.1	0
ENSMUSG00000105790.1	0
ENSMUSG00000105791.1	0
ENSMUSG00000105792.1	0
ENSMUSG00000105793.1	0
ENSMUSG00000105794.1	0
ENSMUSG00000105795.1	0
ENSMUSG00000105796.1	0
ENSMUSG00000105797.1	0
ENSMUSG00000105798.1	0
ENSMUSG00000105799.1	0
ENSMUSG00000105800.1	0
ENSMUSG00000105801.1	0
ENSMUSG00000105802.1	0
ENSMUSG00000105803.1	0
ENSMUSG00000105804.1	0
ENSMUSG00000105805.1	0
ENSMUSG00000105806.1	0
ENSMUSG00000105807.1	0
ENSMUSG00000105808.1	0
ENSMUSG00000105809.1	0
ENSMUSG00000105810.1	0
ENSMUSG00000105811.1	0
ENSMUSG00000105813.1	0
ENSMUSG00000105814.1	0
ENSMUSG00000105815.1	0
ENSMUSG00000105816.4	0
ENSMUSG00000105817.1	0
ENSMUSG00000105818.1	0
ENSMUSG00000105819.1	0
ENSMUSG00000105820.1	0
ENSMUSG00000105821.1	0
ENSMUSG00000105822.1	0
ENSMUSG00000105823.1	0
ENSMUSG00000105824.1	0
ENSMUSG00000105825.1	0
ENSMUSG00000105826.1	0
ENSMUSG00000105827.1	0
ENSMUSG00000105828.1	0
ENSMUSG00000105829.1	0
ENSMUSG00000105830.1	0
ENSMUSG00000105831.1	0
ENSMUSG00000105832.1	0
ENSMUSG00000105833.1	0
ENSMUSG00000105834.1	0
ENSMUSG00000105835.1	0
ENSMUSG00000105836.1	0
ENSMUSG00000105837.4	0
ENSMUSG00000105838.1	0
ENSMUSG00000105839.1	0
ENSMUSG00000105840.1	0
ENSMUSG00000105841.1	0
ENSMUSG00000105842.1	0
ENSMUSG00000105843.1	84.7946041799954
ENSMUSG00000105844.1	0
ENSMUSG00000105845.1	0
ENSMUSG00000105846.1	0
ENSMUSG00000105847.1	0
ENSMUSG00000105848.1	4.35204977940546
ENSMUSG00000105849.1	0
ENSMUSG00000105850.1	0
ENSMUSG00000105851.1	28.5872525215939
ENSMUSG00000105852.4	0
ENSMUSG00000105853.1	0
ENSMUSG00000105854.1	0
ENSMUSG00000105855.1	0
ENSMUSG00000105856.1	0
ENSMUSG00000105857.1	0
ENSMUSG00000105858.1	65.0836767433121
ENSMUSG00000105859.1	0
ENSMUSG00000105860.1	0
ENSMUSG00000105861.1	0
ENSMUSG00000105862.1	0
ENSMUSG00000105863.1	0
ENSMUSG00000105864.1	0
ENSMUSG00000105865.2	0
ENSMUSG00000105866.1	0
ENSMUSG00000105867.2	1050.73791581528
ENSMUSG00000105868.1	6.36117071825317
ENSMUSG00000105869.1	0
ENSMUSG00000105870.1	0
ENSMUSG00000105871.1	0
ENSMUSG00000105872.1	0
ENSMUSG00000105873.1	0
ENSMUSG00000105874.1	0
ENSMUSG00000105875.1	0
ENSMUSG00000105876.1	0
ENSMUSG00000105877.1	0
ENSMUSG00000105878.1	0
ENSMUSG00000105879.1	5.01551444201884
ENSMUSG00000105880.1	0
ENSMUSG00000105881.1	10.1766309281216
ENSMUSG00000105882.1	0
ENSMUSG00000105883.1	0
ENSMUSG00000105884.1	0
ENSMUSG00000105885.1	0
ENSMUSG00000105886.1	0
ENSMUSG00000105887.1	0
ENSMUSG00000105888.1	0
ENSMUSG00000105889.1	0
ENSMUSG00000105890.1	0
ENSMUSG00000105891.4	0
ENSMUSG00000105892.1	0
ENSMUSG00000105893.1	0
ENSMUSG00000105894.1	0
ENSMUSG00000105895.1	167.033073182212
ENSMUSG00000105896.1	0
ENSMUSG00000105897.2	0
ENSMUSG00000105898.1	0
ENSMUSG00000105899.1	0
ENSMUSG00000105900.1	0
ENSMUSG00000105901.1	0
ENSMUSG00000105902.1	0
ENSMUSG00000105903.1	0
ENSMUSG00000105904.1	0
ENSMUSG00000105905.1	0
ENSMUSG00000105906.1	0
ENSMUSG00000105907.1	11.5580244691954
ENSMUSG00000105908.1	0
ENSMUSG00000105909.1	0
ENSMUSG00000105910.1	0
ENSMUSG00000105911.1	0
ENSMUSG00000105912.1	0
ENSMUSG00000105913.1	0
ENSMUSG00000105914.1	0
ENSMUSG00000105915.1	0
ENSMUSG00000105916.1	0
ENSMUSG00000105917.1	0
ENSMUSG00000105918.1	0
ENSMUSG00000105919.1	0
ENSMUSG00000105920.1	0
ENSMUSG00000105921.1	0
ENSMUSG00000105922.1	0
ENSMUSG00000105923.4	0
ENSMUSG00000105924.1	0
ENSMUSG00000105925.1	0
ENSMUSG00000105926.1	0
ENSMUSG00000105927.1	0
ENSMUSG00000105928.1	0
ENSMUSG00000105929.1	0
ENSMUSG00000105930.1	0
ENSMUSG00000105931.1	0
ENSMUSG00000105932.1	0
ENSMUSG00000105933.1	0
ENSMUSG00000105934.1	0
ENSMUSG00000105935.1	0
ENSMUSG00000105936.1	0
ENSMUSG00000105937.1	0
ENSMUSG00000105938.1	0
ENSMUSG00000105939.1	0
ENSMUSG00000105940.1	0
ENSMUSG00000105941.1	0
ENSMUSG00000105942.1	0
ENSMUSG00000105943.1	0
ENSMUSG00000105944.1	0
ENSMUSG00000105945.1	0
ENSMUSG00000105946.1	0
ENSMUSG00000105947.1	0
ENSMUSG00000105948.1	0
ENSMUSG00000105949.1	0
ENSMUSG00000105950.1	0
ENSMUSG00000105951.1	0
ENSMUSG00000105952.1	0
ENSMUSG00000105953.1	0
ENSMUSG00000105954.1	0
ENSMUSG00000105955.1	0
ENSMUSG00000105956.1	0
ENSMUSG00000105957.1	32.4299916567633
ENSMUSG00000105958.1	0
ENSMUSG00000105959.1	0
ENSMUSG00000105960.1	0
ENSMUSG00000105961.1	0
ENSMUSG00000105962.1	0
ENSMUSG00000105963.1	0
ENSMUSG00000105964.1	0
ENSMUSG00000105965.1	0
ENSMUSG00000105966.1	0
ENSMUSG00000105967.1	0
ENSMUSG00000105968.1	0
ENSMUSG00000105969.1	0
ENSMUSG00000105970.1	0
ENSMUSG00000105971.1	0
ENSMUSG00000105972.1	0
ENSMUSG00000105973.1	0
ENSMUSG00000105974.1	0
ENSMUSG00000105975.4	7.38678340176804
ENSMUSG00000105976.1	0
ENSMUSG00000105977.1	0
ENSMUSG00000105978.1	0
ENSMUSG00000105979.1	0
ENSMUSG00000105980.1	0
ENSMUSG00000105981.1	14.9281265725186
ENSMUSG00000105982.1	0
ENSMUSG00000105983.1	0
ENSMUSG00000105984.1	0
ENSMUSG00000105985.1	0
ENSMUSG00000105986.1	0
ENSMUSG00000105987.4	107.353776018591
ENSMUSG00000105988.1	0
ENSMUSG00000105989.1	0
ENSMUSG00000105990.1	0
ENSMUSG00000105991.1	0
ENSMUSG00000105992.1	0
ENSMUSG00000105993.1	0
ENSMUSG00000105994.1	0
ENSMUSG00000105995.1	574.802724569225
ENSMUSG00000105996.1	0
ENSMUSG00000105997.1	0
ENSMUSG00000105998.1	0
ENSMUSG00000105999.1	0
ENSMUSG00000106000.1	0
ENSMUSG00000106001.1	0
ENSMUSG00000106002.1	0
ENSMUSG00000106003.1	0
ENSMUSG00000106004.4	0
ENSMUSG00000106005.1	0
ENSMUSG00000106006.1	0
ENSMUSG00000106007.1	0
ENSMUSG00000106008.1	0
ENSMUSG00000106009.1	0
ENSMUSG00000106010.1	0
ENSMUSG00000106011.1	0
ENSMUSG00000106012.1	0
ENSMUSG00000106013.4	0
ENSMUSG00000106014.1	150.414464742239
ENSMUSG00000106015.1	0
ENSMUSG00000106016.1	0
ENSMUSG00000106017.1	0
ENSMUSG00000106018.1	0
ENSMUSG00000106019.1	177.741955269554
ENSMUSG00000106020.1	0
ENSMUSG00000106021.1	0
ENSMUSG00000106022.1	0
ENSMUSG00000106023.1	0
ENSMUSG00000106024.1	0
ENSMUSG00000106025.1	0
ENSMUSG00000106026.1	0
ENSMUSG00000106027.1	0
ENSMUSG00000106028.1	0
ENSMUSG00000106029.1	0
ENSMUSG00000106030.1	0
ENSMUSG00000106031.1	0
ENSMUSG00000106032.1	4.37595785352513
ENSMUSG00000106033.1	0
ENSMUSG00000106034.1	0
ENSMUSG00000106035.1	13.2580882932481
ENSMUSG00000106036.1	0
ENSMUSG00000106037.1	520.339944455104
ENSMUSG00000106038.1	0
ENSMUSG00000106039.1	0
ENSMUSG00000106040.1	0
ENSMUSG00000106041.1	0
ENSMUSG00000106042.1	0
ENSMUSG00000106043.1	0
ENSMUSG00000106044.2	0
ENSMUSG00000106045.1	0
ENSMUSG00000106046.1	0
ENSMUSG00000106047.1	0
ENSMUSG00000106048.1	0
ENSMUSG00000106049.1	0
ENSMUSG00000106050.1	0
ENSMUSG00000106051.1	0
ENSMUSG00000106052.1	0
ENSMUSG00000106053.1	0
ENSMUSG00000106054.1	0
ENSMUSG00000106056.1	0
ENSMUSG00000106057.1	0
ENSMUSG00000106058.1	0
ENSMUSG00000106059.1	0
ENSMUSG00000106060.1	0
ENSMUSG00000106061.1	0
ENSMUSG00000106062.1	0
ENSMUSG00000106063.1	0
ENSMUSG00000106064.1	0
ENSMUSG00000106065.1	0
ENSMUSG00000106066.1	0
ENSMUSG00000106067.1	0
ENSMUSG00000106068.1	0
ENSMUSG00000106069.1	0
ENSMUSG00000106070.1	0
ENSMUSG00000106071.1	0
ENSMUSG00000106072.1	0
ENSMUSG00000106073.1	0
ENSMUSG00000106074.1	0
ENSMUSG00000106075.1	0
ENSMUSG00000106076.1	0
ENSMUSG00000106077.1	0
ENSMUSG00000106078.1	0
ENSMUSG00000106079.1	0
ENSMUSG00000106080.1	0
ENSMUSG00000106081.1	0
ENSMUSG00000106082.4	0
ENSMUSG00000106083.1	0
ENSMUSG00000106084.1	0
ENSMUSG00000106085.1	0
ENSMUSG00000106086.1	0
ENSMUSG00000106087.1	0
ENSMUSG00000106088.1	0
ENSMUSG00000106089.1	0
ENSMUSG00000106090.1	0
ENSMUSG00000106091.1	0
ENSMUSG00000106092.1	0
ENSMUSG00000106093.1	0
ENSMUSG00000106094.1	0
ENSMUSG00000106095.2	0
ENSMUSG00000106096.1	0
ENSMUSG00000106097.1	0
ENSMUSG00000106098.1	0
ENSMUSG00000106099.1	0
ENSMUSG00000106100.1	0
ENSMUSG00000106101.1	0
ENSMUSG00000106102.1	297.66707107636
ENSMUSG00000106103.1	0
ENSMUSG00000106104.1	9.63192634648123
ENSMUSG00000106105.1	0
ENSMUSG00000106106.3	771159.300507951
ENSMUSG00000106107.1	0
ENSMUSG00000106108.1	0
ENSMUSG00000106109.1	0
ENSMUSG00000106110.1	0
ENSMUSG00000106111.1	0
ENSMUSG00000106112.1	0
ENSMUSG00000106113.1	0
ENSMUSG00000106114.1	0
ENSMUSG00000106115.1	0
ENSMUSG00000106116.1	0
ENSMUSG00000106117.1	0
ENSMUSG00000106118.1	0
ENSMUSG00000106119.1	0
ENSMUSG00000106120.1	0
ENSMUSG00000106121.1	0
ENSMUSG00000106122.1	0
ENSMUSG00000106123.1	0
ENSMUSG00000106124.1	0
ENSMUSG00000106125.1	0
ENSMUSG00000106126.1	0
ENSMUSG00000106127.1	0
ENSMUSG00000106128.1	0
ENSMUSG00000106129.1	0
ENSMUSG00000106130.1	0
ENSMUSG00000106131.2	0
ENSMUSG00000106132.1	0
ENSMUSG00000106133.1	99.4033113914948
ENSMUSG00000106134.1	0
ENSMUSG00000106135.1	0
ENSMUSG00000106136.2	0
ENSMUSG00000106137.1	0
ENSMUSG00000106138.1	0
ENSMUSG00000106139.1	185.985434256748
ENSMUSG00000106140.1	0
ENSMUSG00000106141.1	0
ENSMUSG00000106142.1	0
ENSMUSG00000106143.1	0
ENSMUSG00000106144.1	0
ENSMUSG00000106145.1	0
ENSMUSG00000106146.1	0
ENSMUSG00000106147.1	0
ENSMUSG00000106148.1	0
ENSMUSG00000106149.1	0
ENSMUSG00000106150.2	0
ENSMUSG00000106151.1	0
ENSMUSG00000106152.1	0
ENSMUSG00000106153.1	0
ENSMUSG00000106154.1	0
ENSMUSG00000106155.1	0
ENSMUSG00000106156.1	0
ENSMUSG00000106157.1	0
ENSMUSG00000106158.1	0
ENSMUSG00000106159.1	0
ENSMUSG00000106160.1	0
ENSMUSG00000106161.1	0
ENSMUSG00000106162.1	0
ENSMUSG00000106163.1	0
ENSMUSG00000106164.1	0
ENSMUSG00000106165.1	0
ENSMUSG00000106166.1	0
ENSMUSG00000106168.1	0
ENSMUSG00000106169.1	0
ENSMUSG00000106170.1	0
ENSMUSG00000106172.1	0
ENSMUSG00000106173.1	0
ENSMUSG00000106174.1	0
ENSMUSG00000106175.1	0
ENSMUSG00000106176.1	0
ENSMUSG00000106177.1	0
ENSMUSG00000106178.1	0
ENSMUSG00000106179.1	0
ENSMUSG00000106180.1	0
ENSMUSG00000106181.1	0
ENSMUSG00000106182.1	0
ENSMUSG00000106183.1	0
ENSMUSG00000106184.1	0
ENSMUSG00000106185.1	0
ENSMUSG00000106186.1	0
ENSMUSG00000106187.1	0
ENSMUSG00000106188.1	0
ENSMUSG00000106189.1	0
ENSMUSG00000106190.1	4.33934666430532
ENSMUSG00000106191.1	0
ENSMUSG00000106192.1	0
ENSMUSG00000106193.1	0
ENSMUSG00000106194.1	0
ENSMUSG00000106195.1	0
ENSMUSG00000106196.1	0
ENSMUSG00000106197.1	0
ENSMUSG00000106198.1	0
ENSMUSG00000106199.1	0
ENSMUSG00000106200.1	0
ENSMUSG00000106201.1	0
ENSMUSG00000106202.1	0
ENSMUSG00000106203.1	0
ENSMUSG00000106204.1	0
ENSMUSG00000106205.1	33.9498710005381
ENSMUSG00000106206.1	0
ENSMUSG00000106207.1	0
ENSMUSG00000106208.1	0
ENSMUSG00000106209.1	102.946700214808
ENSMUSG00000106210.1	0
ENSMUSG00000106211.1	0
ENSMUSG00000106212.1	0
ENSMUSG00000106213.1	0
ENSMUSG00000106214.1	0
ENSMUSG00000106215.1	0
ENSMUSG00000106216.1	0
ENSMUSG00000106217.1	0
ENSMUSG00000106218.1	0
ENSMUSG00000106219.1	0
ENSMUSG00000106220.1	0
ENSMUSG00000106221.1	0
ENSMUSG00000106222.1	0
ENSMUSG00000106223.1	0
ENSMUSG00000106224.1	0
ENSMUSG00000106225.1	0
ENSMUSG00000106226.1	0
ENSMUSG00000106227.1	0
ENSMUSG00000106228.1	0
ENSMUSG00000106229.1	0
ENSMUSG00000106230.1	0
ENSMUSG00000106231.1	0
ENSMUSG00000106232.1	0
ENSMUSG00000106233.1	0
ENSMUSG00000106234.1	0
ENSMUSG00000106235.1	0
ENSMUSG00000106236.1	0
ENSMUSG00000106237.1	0
ENSMUSG00000106238.1	0
ENSMUSG00000106239.1	0
ENSMUSG00000106240.1	0
ENSMUSG00000106241.1	0
ENSMUSG00000106242.1	0
ENSMUSG00000106243.1	0
ENSMUSG00000106244.1	0
ENSMUSG00000106245.1	0
ENSMUSG00000106246.1	0
ENSMUSG00000106247.1	0
ENSMUSG00000106248.1	0
ENSMUSG00000106249.1	0
ENSMUSG00000106250.1	0
ENSMUSG00000106251.1	0
ENSMUSG00000106252.1	0
ENSMUSG00000106253.1	0
ENSMUSG00000106254.1	0
ENSMUSG00000106255.1	0
ENSMUSG00000106256.1	0
ENSMUSG00000106257.1	0
ENSMUSG00000106258.1	0
ENSMUSG00000106259.1	0
ENSMUSG00000106260.1	0
ENSMUSG00000106261.1	0
ENSMUSG00000106262.1	0
ENSMUSG00000106263.1	0
ENSMUSG00000106264.1	0
ENSMUSG00000106265.1	0
ENSMUSG00000106266.1	0
ENSMUSG00000106267.1	0
ENSMUSG00000106268.1	0
ENSMUSG00000106269.1	0
ENSMUSG00000106270.1	6.57559430728991
ENSMUSG00000106271.1	0
ENSMUSG00000106272.1	0
ENSMUSG00000106273.1	0
ENSMUSG00000106274.1	0
ENSMUSG00000106275.1	0
ENSMUSG00000106276.1	0
ENSMUSG00000106278.1	0
ENSMUSG00000106279.1	0
ENSMUSG00000106280.1	0
ENSMUSG00000106281.1	0
ENSMUSG00000106282.1	1.81127070145268
ENSMUSG00000106283.1	0
ENSMUSG00000106284.1	0
ENSMUSG00000106285.1	0
ENSMUSG00000106286.1	0
ENSMUSG00000106287.1	0
ENSMUSG00000106288.1	46.9086089819301
ENSMUSG00000106289.1	0
ENSMUSG00000106290.1	0
ENSMUSG00000106291.1	0
ENSMUSG00000106292.1	0
ENSMUSG00000106293.1	0
ENSMUSG00000106294.1	4.27027542667238
ENSMUSG00000106295.1	0
ENSMUSG00000106296.1	0
ENSMUSG00000106297.1	0
ENSMUSG00000106298.1	0
ENSMUSG00000106299.1	0
ENSMUSG00000106300.1	0
ENSMUSG00000106301.1	0
ENSMUSG00000106302.1	0
ENSMUSG00000106303.1	0
ENSMUSG00000106304.1	35.0531381075644
ENSMUSG00000106305.1	0
ENSMUSG00000106306.4	0
ENSMUSG00000106307.1	0
ENSMUSG00000106308.1	0
ENSMUSG00000106309.1	0
ENSMUSG00000106310.1	0
ENSMUSG00000106311.1	0
ENSMUSG00000106312.1	0
ENSMUSG00000106313.1	0
ENSMUSG00000106314.1	0
ENSMUSG00000106315.1	0
ENSMUSG00000106316.1	0
ENSMUSG00000106317.1	134.593156241415
ENSMUSG00000106318.1	0
ENSMUSG00000106319.1	0
ENSMUSG00000106320.1	0
ENSMUSG00000106321.1	18.9567619080232
ENSMUSG00000106322.1	0
ENSMUSG00000106323.1	0
ENSMUSG00000106324.1	0
ENSMUSG00000106325.1	0
ENSMUSG00000106326.1	0
ENSMUSG00000106327.1	18.1041550402333
ENSMUSG00000106328.1	0
ENSMUSG00000106329.1	0
ENSMUSG00000106330.1	0
ENSMUSG00000106331.1	0
ENSMUSG00000106332.1	0
ENSMUSG00000106333.1	0
ENSMUSG00000106334.1	6.30548925059065
ENSMUSG00000106335.1	0
ENSMUSG00000106336.1	0
ENSMUSG00000106337.1	0
ENSMUSG00000106338.1	0
ENSMUSG00000106339.1	0
ENSMUSG00000106340.1	0
ENSMUSG00000106341.1	0
ENSMUSG00000106342.1	0
ENSMUSG00000106343.1	0
ENSMUSG00000106344.1	0
ENSMUSG00000106345.1	0
ENSMUSG00000106346.2	0
ENSMUSG00000106347.1	0
ENSMUSG00000106348.1	0
ENSMUSG00000106349.1	0
ENSMUSG00000106350.2	0
ENSMUSG00000106351.1	0
ENSMUSG00000106352.4	0
ENSMUSG00000106353.1	0
ENSMUSG00000106354.1	0
ENSMUSG00000106355.1	0
ENSMUSG00000106356.1	0
ENSMUSG00000106357.1	0
ENSMUSG00000106358.1	0
ENSMUSG00000106359.1	0
ENSMUSG00000106360.1	0
ENSMUSG00000106361.1	0
ENSMUSG00000106362.1	0
ENSMUSG00000106363.1	0
ENSMUSG00000106364.1	0
ENSMUSG00000106365.1	0
ENSMUSG00000106366.1	0
ENSMUSG00000106367.1	0
ENSMUSG00000106368.1	0
ENSMUSG00000106369.1	0
ENSMUSG00000106370.2	0
ENSMUSG00000106371.1	0
ENSMUSG00000106372.1	0
ENSMUSG00000106373.1	0
ENSMUSG00000106374.1	0
ENSMUSG00000106375.1	0
ENSMUSG00000106376.1	0
ENSMUSG00000106377.1	0
ENSMUSG00000106378.1	0
ENSMUSG00000106379.1	402.949427832418
ENSMUSG00000106380.1	0
ENSMUSG00000106381.1	0
ENSMUSG00000106382.1	0
ENSMUSG00000106383.1	133.145999890719
ENSMUSG00000106384.1	0
ENSMUSG00000106385.1	0
ENSMUSG00000106386.1	0
ENSMUSG00000106387.1	0
ENSMUSG00000106388.1	0
ENSMUSG00000106389.1	0
ENSMUSG00000106390.1	0
ENSMUSG00000106391.1	0
ENSMUSG00000106392.1	0
ENSMUSG00000106393.1	0
ENSMUSG00000106394.1	0
ENSMUSG00000106395.1	0
ENSMUSG00000106396.1	125.832938252751
ENSMUSG00000106397.1	0
ENSMUSG00000106398.1	0
ENSMUSG00000106399.1	0
ENSMUSG00000106400.1	0
ENSMUSG00000106401.1	0
ENSMUSG00000106402.1	0
ENSMUSG00000106403.1	0
ENSMUSG00000106404.1	0
ENSMUSG00000106405.1	0
ENSMUSG00000106406.1	0
ENSMUSG00000106407.1	0
ENSMUSG00000106408.1	0
ENSMUSG00000106409.1	0
ENSMUSG00000106410.1	0
ENSMUSG00000106411.1	0
ENSMUSG00000106412.1	0
ENSMUSG00000106413.1	0
ENSMUSG00000106414.1	0
ENSMUSG00000106415.1	0
ENSMUSG00000106416.1	0
ENSMUSG00000106417.1	0
ENSMUSG00000106418.1	0
ENSMUSG00000106419.1	0
ENSMUSG00000106420.1	0
ENSMUSG00000106421.1	0
ENSMUSG00000106422.1	0
ENSMUSG00000106423.1	0
ENSMUSG00000106424.1	0
ENSMUSG00000106425.1	0
ENSMUSG00000106426.1	0
ENSMUSG00000106427.1	0
ENSMUSG00000106428.1	0
ENSMUSG00000106429.1	0
ENSMUSG00000106430.1	6.54700449541834
ENSMUSG00000106431.1	0
ENSMUSG00000106432.1	0
ENSMUSG00000106433.1	0
ENSMUSG00000106434.1	0
ENSMUSG00000106435.1	0
ENSMUSG00000106436.1	0
ENSMUSG00000106437.1	0
ENSMUSG00000106438.1	0
ENSMUSG00000106439.1	0
ENSMUSG00000106440.1	0
ENSMUSG00000106441.1	0
ENSMUSG00000106442.1	0
ENSMUSG00000106443.1	0
ENSMUSG00000106444.1	0
ENSMUSG00000106445.1	0
ENSMUSG00000106446.1	0
ENSMUSG00000106447.1	0
ENSMUSG00000106448.1	0
ENSMUSG00000106450.1	0
ENSMUSG00000106451.1	0
ENSMUSG00000106452.1	0
ENSMUSG00000106453.1	0
ENSMUSG00000106454.1	0
ENSMUSG00000106455.1	0
ENSMUSG00000106456.1	0
ENSMUSG00000106457.1	0
ENSMUSG00000106458.1	0
ENSMUSG00000106459.1	0
ENSMUSG00000106460.1	0
ENSMUSG00000106461.1	0
ENSMUSG00000106462.1	0
ENSMUSG00000106463.1	0
ENSMUSG00000106464.1	0
ENSMUSG00000106465.1	0
ENSMUSG00000106466.1	0
ENSMUSG00000106467.1	0
ENSMUSG00000106468.1	0
ENSMUSG00000106469.1	0
ENSMUSG00000106470.1	0
ENSMUSG00000106471.1	0
ENSMUSG00000106472.1	0
ENSMUSG00000106473.1	0
ENSMUSG00000106474.1	0
ENSMUSG00000106475.1	0
ENSMUSG00000106476.1	0
ENSMUSG00000106477.1	0
ENSMUSG00000106478.1	0
ENSMUSG00000106479.1	0
ENSMUSG00000106480.1	0
ENSMUSG00000106481.1	0
ENSMUSG00000106482.1	0
ENSMUSG00000106483.1	0
ENSMUSG00000106484.1	0
ENSMUSG00000106485.1	0
ENSMUSG00000106486.1	0
ENSMUSG00000106487.1	0
ENSMUSG00000106488.1	0
ENSMUSG00000106489.1	0
ENSMUSG00000106490.1	0
ENSMUSG00000106491.1	1.52000419011486
ENSMUSG00000106492.1	0
ENSMUSG00000106493.1	0
ENSMUSG00000106494.1	0
ENSMUSG00000106495.1	0
ENSMUSG00000106496.1	0
ENSMUSG00000106497.1	0
ENSMUSG00000106498.1	2.13505968437366
ENSMUSG00000106499.1	0
ENSMUSG00000106500.1	0
ENSMUSG00000106501.1	0
ENSMUSG00000106502.1	0
ENSMUSG00000106503.1	0
ENSMUSG00000106504.1	0
ENSMUSG00000106505.1	0
ENSMUSG00000106506.1	0
ENSMUSG00000106507.1	0
ENSMUSG00000106508.1	0
ENSMUSG00000106509.1	0
ENSMUSG00000106510.1	0
ENSMUSG00000106511.1	0
ENSMUSG00000106512.1	0
ENSMUSG00000106513.1	0
ENSMUSG00000106514.1	0
ENSMUSG00000106515.4	0
ENSMUSG00000106516.1	0
ENSMUSG00000106517.1	0
ENSMUSG00000106518.1	0
ENSMUSG00000106519.1	0
ENSMUSG00000106520.1	0
ENSMUSG00000106521.1	0
ENSMUSG00000106522.1	0
ENSMUSG00000106523.1	0
ENSMUSG00000106524.1	0
ENSMUSG00000106525.1	0
ENSMUSG00000106526.1	0
ENSMUSG00000106527.1	0
ENSMUSG00000106528.1	0
ENSMUSG00000106529.1	0
ENSMUSG00000106530.2	0
ENSMUSG00000106531.1	0
ENSMUSG00000106532.1	0
ENSMUSG00000106533.1	0
ENSMUSG00000106534.1	0
ENSMUSG00000106535.1	0
ENSMUSG00000106536.1	0
ENSMUSG00000106537.1	0
ENSMUSG00000106538.1	0
ENSMUSG00000106539.1	0
ENSMUSG00000106540.1	0
ENSMUSG00000106541.1	0
ENSMUSG00000106542.1	0
ENSMUSG00000106543.1	0
ENSMUSG00000106544.1	0
ENSMUSG00000106545.1	0
ENSMUSG00000106546.1	0
ENSMUSG00000106547.1	0
ENSMUSG00000106548.1	0
ENSMUSG00000106549.1	0
ENSMUSG00000106550.1	0
ENSMUSG00000106551.1	1.45133870308708
ENSMUSG00000106552.1	0
ENSMUSG00000106553.1	0
ENSMUSG00000106554.1	0
ENSMUSG00000106555.4	0
ENSMUSG00000106556.1	0
ENSMUSG00000106557.1	0
ENSMUSG00000106558.1	0
ENSMUSG00000106559.1	0
ENSMUSG00000106560.1	0
ENSMUSG00000106561.1	0
ENSMUSG00000106562.1	0
ENSMUSG00000106563.1	0
ENSMUSG00000106564.1	0
ENSMUSG00000106565.1	0
ENSMUSG00000106566.1	0
ENSMUSG00000106567.1	0
ENSMUSG00000106568.1	0
ENSMUSG00000106569.1	0
ENSMUSG00000106570.1	0
ENSMUSG00000106571.1	0
ENSMUSG00000106572.1	0
ENSMUSG00000106573.1	0
ENSMUSG00000106574.1	23.9566705575358
ENSMUSG00000106575.1	0
ENSMUSG00000106576.1	0
ENSMUSG00000106577.1	0
ENSMUSG00000106578.1	0
ENSMUSG00000106579.1	0
ENSMUSG00000106580.1	0
ENSMUSG00000106581.1	0
ENSMUSG00000106582.1	0
ENSMUSG00000106583.1	0
ENSMUSG00000106584.1	0
ENSMUSG00000106585.1	0
ENSMUSG00000106586.1	0
ENSMUSG00000106587.1	0
ENSMUSG00000106588.1	0
ENSMUSG00000106589.1	0
ENSMUSG00000106590.1	9.17639326322196
ENSMUSG00000106591.1	0
ENSMUSG00000106592.1	0
ENSMUSG00000106593.1	0
ENSMUSG00000106594.1	0
ENSMUSG00000106595.1	0
ENSMUSG00000106596.1	0
ENSMUSG00000106597.1	0
ENSMUSG00000106598.1	0
ENSMUSG00000106599.1	0
ENSMUSG00000106600.1	0
ENSMUSG00000106601.1	0
ENSMUSG00000106602.1	0
ENSMUSG00000106603.1	0
ENSMUSG00000106604.1	0
ENSMUSG00000106605.1	0
ENSMUSG00000106606.1	0
ENSMUSG00000106607.1	0
ENSMUSG00000106608.1	0
ENSMUSG00000106609.1	0
ENSMUSG00000106610.1	0
ENSMUSG00000106611.1	0
ENSMUSG00000106612.1	0
ENSMUSG00000106613.1	0
ENSMUSG00000106614.1	0
ENSMUSG00000106615.1	0
ENSMUSG00000106616.1	0
ENSMUSG00000106617.1	0
ENSMUSG00000106618.1	0
ENSMUSG00000106619.1	0
ENSMUSG00000106620.1	0
ENSMUSG00000106621.1	0
ENSMUSG00000106622.2	0
ENSMUSG00000106623.1	0
ENSMUSG00000106624.1	0
ENSMUSG00000106625.1	0
ENSMUSG00000106626.1	0
ENSMUSG00000106627.1	0
ENSMUSG00000106628.1	0
ENSMUSG00000106629.1	0
ENSMUSG00000106630.1	0
ENSMUSG00000106631.2	6.14783953469188
ENSMUSG00000106632.1	0
ENSMUSG00000106633.1	0
ENSMUSG00000106634.1	0
ENSMUSG00000106635.1	0
ENSMUSG00000106636.1	0
ENSMUSG00000106637.1	0
ENSMUSG00000106639.1	0
ENSMUSG00000106640.1	0
ENSMUSG00000106641.1	0
ENSMUSG00000106642.1	0
ENSMUSG00000106643.1	0
ENSMUSG00000106644.1	0
ENSMUSG00000106645.1	0
ENSMUSG00000106646.1	0
ENSMUSG00000106647.1	0
ENSMUSG00000106648.1	0
ENSMUSG00000106649.1	0
ENSMUSG00000106650.1	0
ENSMUSG00000106651.1	13.4940166643585
ENSMUSG00000106652.1	0
ENSMUSG00000106653.1	0
ENSMUSG00000106654.1	0
ENSMUSG00000106655.1	0
ENSMUSG00000106656.1	0
ENSMUSG00000106657.1	0
ENSMUSG00000106658.1	0
ENSMUSG00000106659.1	0
ENSMUSG00000106660.1	0
ENSMUSG00000106661.1	0
ENSMUSG00000106662.1	43.6651634905881
ENSMUSG00000106663.1	0
ENSMUSG00000106664.1	1.83611512312273
ENSMUSG00000106665.1	0
ENSMUSG00000106666.1	866.276043869339
ENSMUSG00000106667.1	0
ENSMUSG00000106668.1	0
ENSMUSG00000106669.1	0
ENSMUSG00000106670.1	0
ENSMUSG00000106671.1	0
ENSMUSG00000106673.1	0
ENSMUSG00000106674.1	0
ENSMUSG00000106675.1	0
ENSMUSG00000106676.1	0
ENSMUSG00000106677.1	0
ENSMUSG00000106678.1	0
ENSMUSG00000106679.1	0
ENSMUSG00000106680.1	0
ENSMUSG00000106681.1	0
ENSMUSG00000106682.1	0
ENSMUSG00000106683.1	0
ENSMUSG00000106688.1	0
ENSMUSG00000106689.1	0
ENSMUSG00000106690.1	0
ENSMUSG00000106691.1	0
ENSMUSG00000106692.1	6.89170524029778
ENSMUSG00000106694.1	0
ENSMUSG00000106696.1	0
ENSMUSG00000106698.1	0
ENSMUSG00000106699.1	0
ENSMUSG00000106701.1	0
ENSMUSG00000106702.1	0
ENSMUSG00000106703.1	0
ENSMUSG00000106704.1	0
ENSMUSG00000106705.1	0
ENSMUSG00000106706.1	0
ENSMUSG00000106707.1	0
ENSMUSG00000106708.1	0
ENSMUSG00000106709.1	0
ENSMUSG00000106710.1	0
ENSMUSG00000106712.1	0
ENSMUSG00000106713.1	0
ENSMUSG00000106714.1	0
ENSMUSG00000106715.3	142.030845738338
ENSMUSG00000106717.1	0
ENSMUSG00000106718.1	0
ENSMUSG00000106719.1	0
ENSMUSG00000106720.1	0
ENSMUSG00000106721.1	0
ENSMUSG00000106725.1	0
ENSMUSG00000106726.1	0
ENSMUSG00000106729.1	0
ENSMUSG00000106730.1	0
ENSMUSG00000106732.1	0
ENSMUSG00000106733.1	0
ENSMUSG00000106734.3	0
ENSMUSG00000106735.1	0
ENSMUSG00000106736.1	0
ENSMUSG00000106737.1	0
ENSMUSG00000106738.1	20.9306761789767
ENSMUSG00000106739.1	0
ENSMUSG00000106740.1	0
ENSMUSG00000106741.3	0
ENSMUSG00000106742.1	0
ENSMUSG00000106743.1	144.202266919252
ENSMUSG00000106745.1	0
ENSMUSG00000106746.1	25.1312873479009
ENSMUSG00000106747.1	0
ENSMUSG00000106749.1	0
ENSMUSG00000106750.1	0
ENSMUSG00000106751.1	0
ENSMUSG00000106752.1	0
ENSMUSG00000106753.1	0
ENSMUSG00000106754.1	0
ENSMUSG00000106755.1	116.898278715452
ENSMUSG00000106756.1	0
ENSMUSG00000106757.1	0
ENSMUSG00000106758.1	0
ENSMUSG00000106759.1	0
ENSMUSG00000106760.1	0
ENSMUSG00000106762.3	0
ENSMUSG00000106763.1	0
ENSMUSG00000106764.1	0
ENSMUSG00000106766.1	0
ENSMUSG00000106767.1	0
ENSMUSG00000106768.1	0
ENSMUSG00000106771.1	0
ENSMUSG00000106772.1	0
ENSMUSG00000106773.1	0
ENSMUSG00000106775.1	16.7278489875166
ENSMUSG00000106776.1	0
ENSMUSG00000106777.1	0
ENSMUSG00000106779.1	0
ENSMUSG00000106780.1	0
ENSMUSG00000106783.1	0
ENSMUSG00000106784.1	0
ENSMUSG00000106785.1	0
ENSMUSG00000106786.1	0
ENSMUSG00000106788.1	0
ENSMUSG00000106791.1	111.196046979985
ENSMUSG00000106794.1	0
ENSMUSG00000106795.3	0
ENSMUSG00000106797.1	0
ENSMUSG00000106798.1	0
ENSMUSG00000106799.1	0
ENSMUSG00000106800.1	0
ENSMUSG00000106801.1	0
ENSMUSG00000106802.1	0
ENSMUSG00000106803.1	0
ENSMUSG00000106805.1	0
ENSMUSG00000106806.1	0
ENSMUSG00000106807.1	0
ENSMUSG00000106808.1	0
ENSMUSG00000106810.1	0
ENSMUSG00000106812.1	0
ENSMUSG00000106813.1	0
ENSMUSG00000106814.1	0
ENSMUSG00000106815.1	0
ENSMUSG00000106817.1	0
ENSMUSG00000106818.1	1.69119973390911
ENSMUSG00000106819.1	0
ENSMUSG00000106820.1	1.65970724463137
ENSMUSG00000106821.1	0
ENSMUSG00000106822.1	0
ENSMUSG00000106824.1	0
ENSMUSG00000106825.1	44.2184824696919
ENSMUSG00000106826.1	0
ENSMUSG00000106827.1	3.31104978447936
ENSMUSG00000106828.1	0
ENSMUSG00000106829.1	0
ENSMUSG00000106831.1	47.4162029889904
ENSMUSG00000106832.1	0
ENSMUSG00000106833.1	0
ENSMUSG00000106834.1	0
ENSMUSG00000106835.3	0
ENSMUSG00000106836.1	0
ENSMUSG00000106837.1	0
ENSMUSG00000106838.1	0
ENSMUSG00000106839.1	0
ENSMUSG00000106840.1	0
ENSMUSG00000106841.1	0
ENSMUSG00000106843.1	0
ENSMUSG00000106845.1	0
ENSMUSG00000106846.1	0
ENSMUSG00000106847.1	5510.38838608836
ENSMUSG00000106849.1	0
ENSMUSG00000106851.1	0
ENSMUSG00000106853.1	0
ENSMUSG00000106854.1	0
ENSMUSG00000106855.1	0
ENSMUSG00000106856.1	0
ENSMUSG00000106858.1	0
ENSMUSG00000106859.1	0
ENSMUSG00000106860.1	0
ENSMUSG00000106862.1	0
ENSMUSG00000106863.3	0
ENSMUSG00000106864.3	1119.27218933966
ENSMUSG00000106865.1	0
ENSMUSG00000106866.1	0
ENSMUSG00000106867.1	0
ENSMUSG00000106868.1	0
ENSMUSG00000106869.1	0
ENSMUSG00000106870.1	23.3365275749199
ENSMUSG00000106871.1	0
ENSMUSG00000106872.1	0
ENSMUSG00000106873.1	0
ENSMUSG00000106874.1	0
ENSMUSG00000106875.1	0
ENSMUSG00000106876.1	0
ENSMUSG00000106878.1	0
ENSMUSG00000106879.1	0
ENSMUSG00000106880.1	0
ENSMUSG00000106883.1	0
ENSMUSG00000106884.1	0
ENSMUSG00000106885.1	0
ENSMUSG00000106887.1	0
ENSMUSG00000106888.1	0
ENSMUSG00000106889.1	0
ENSMUSG00000106891.1	0
ENSMUSG00000106892.1	0
ENSMUSG00000106893.1	0
ENSMUSG00000106894.1	0
ENSMUSG00000106895.1	2.30831519277874
ENSMUSG00000106896.1	6.40096548914427
ENSMUSG00000106897.1	0
ENSMUSG00000106898.1	0
ENSMUSG00000106899.1	0
ENSMUSG00000106900.1	0
ENSMUSG00000106902.1	0
ENSMUSG00000106904.1	0
ENSMUSG00000106905.1	0
ENSMUSG00000106906.1	0
ENSMUSG00000106909.1	0
ENSMUSG00000106910.1	0
ENSMUSG00000106912.1	0
ENSMUSG00000106913.1	0
ENSMUSG00000106914.1	0
ENSMUSG00000106915.1	0
ENSMUSG00000106916.1	0
ENSMUSG00000106917.1	84.4454089668742
ENSMUSG00000106918.3	8528.75437236606
ENSMUSG00000106924.1	0
ENSMUSG00000106925.1	0
ENSMUSG00000106926.1	46.9391339120724
ENSMUSG00000106927.1	0
ENSMUSG00000106928.1	6.19843351399734
ENSMUSG00000106930.1	0
ENSMUSG00000106932.1	0
ENSMUSG00000106933.1	0
ENSMUSG00000106934.1	0
ENSMUSG00000106935.1	0
ENSMUSG00000106936.1	0
ENSMUSG00000106938.1	0
ENSMUSG00000106939.1	0
ENSMUSG00000106940.1	0
ENSMUSG00000106943.2	156.480935674803
ENSMUSG00000106944.1	0
ENSMUSG00000106945.1	0
ENSMUSG00000106946.1	0
ENSMUSG00000106947.1	0
ENSMUSG00000106948.1	0
ENSMUSG00000106950.1	0
ENSMUSG00000106951.1	27.3224654621273
ENSMUSG00000106954.1	0
ENSMUSG00000106955.1	0
ENSMUSG00000106956.1	0
ENSMUSG00000106957.1	0
ENSMUSG00000106958.1	0
ENSMUSG00000106959.1	0
ENSMUSG00000106960.1	0
ENSMUSG00000106961.1	0
ENSMUSG00000106962.1	0
ENSMUSG00000106963.1	0
ENSMUSG00000106965.1	0
ENSMUSG00000106967.1	0
ENSMUSG00000106968.1	0
ENSMUSG00000106969.1	0
ENSMUSG00000106970.1	0
ENSMUSG00000106971.1	0
ENSMUSG00000106973.1	0
ENSMUSG00000106974.1	0
ENSMUSG00000106975.1	0
ENSMUSG00000106976.1	0
ENSMUSG00000106978.1	5.08695776011274
ENSMUSG00000106980.1	146.779189012649
ENSMUSG00000106981.1	285.487748795903
ENSMUSG00000106982.1	0
ENSMUSG00000106985.1	0
ENSMUSG00000106986.1	0
ENSMUSG00000106987.1	0
ENSMUSG00000106988.1	1.59862617276166
ENSMUSG00000106989.1	0
ENSMUSG00000106990.1	37.4956006927274
ENSMUSG00000106991.1	0
ENSMUSG00000106992.1	0
ENSMUSG00000106993.1	0
ENSMUSG00000106994.1	0
ENSMUSG00000106995.1	0
ENSMUSG00000106996.1	0
ENSMUSG00000106999.1	0
ENSMUSG00000107000.1	0
ENSMUSG00000107002.1	2313.44035351891
ENSMUSG00000107004.1	0
ENSMUSG00000107005.1	0
ENSMUSG00000107006.1	0
ENSMUSG00000107008.3	0
ENSMUSG00000107009.1	0
ENSMUSG00000107010.1	0
ENSMUSG00000107011.1	0
ENSMUSG00000107012.1	0
ENSMUSG00000107013.1	0
ENSMUSG00000107014.1	0
ENSMUSG00000107015.1	0
ENSMUSG00000107017.1	0
ENSMUSG00000107018.1	1.59703438192602
ENSMUSG00000107019.1	85.3295083239418
ENSMUSG00000107020.1	0
ENSMUSG00000107021.1	0
ENSMUSG00000107022.1	0
ENSMUSG00000107023.2	303.995313572425
ENSMUSG00000107026.1	0
ENSMUSG00000107027.1	0
ENSMUSG00000107028.1	0
ENSMUSG00000107029.1	0
ENSMUSG00000107030.1	0
ENSMUSG00000107031.1	0
ENSMUSG00000107032.2	0
ENSMUSG00000107033.1	0
ENSMUSG00000107034.1	0
ENSMUSG00000107035.1	67.8418132992928
ENSMUSG00000107036.1	0
ENSMUSG00000107037.1	0
ENSMUSG00000107040.1	0
ENSMUSG00000107041.1	0
ENSMUSG00000107042.1	0
ENSMUSG00000107043.1	0
ENSMUSG00000107044.1	0
ENSMUSG00000107045.1	26.4996344464394
ENSMUSG00000107046.1	0
ENSMUSG00000107047.1	0
ENSMUSG00000107048.1	0
ENSMUSG00000107049.1	0
ENSMUSG00000107050.1	0
ENSMUSG00000107053.1	0
ENSMUSG00000107054.1	0
ENSMUSG00000107056.1	0
ENSMUSG00000107058.1	0
ENSMUSG00000107059.1	0
ENSMUSG00000107060.1	0
ENSMUSG00000107061.1	0
ENSMUSG00000107062.1	429.970607864418
ENSMUSG00000107063.1	0
ENSMUSG00000107064.1	0
ENSMUSG00000107065.1	0
ENSMUSG00000107066.2	0
ENSMUSG00000107067.1	0
ENSMUSG00000107068.1	2159.51327457618
ENSMUSG00000107069.1	0
ENSMUSG00000107070.1	0
ENSMUSG00000107071.1	262.359683397283
ENSMUSG00000107072.1	0
ENSMUSG00000107073.1	0
ENSMUSG00000107074.1	0
ENSMUSG00000107075.1	0
ENSMUSG00000107076.1	0
ENSMUSG00000107078.1	0
ENSMUSG00000107079.1	0
ENSMUSG00000107081.1	0
ENSMUSG00000107082.1	0
ENSMUSG00000107083.1	0
ENSMUSG00000107084.1	0
ENSMUSG00000107085.1	0
ENSMUSG00000107086.1	22.2228982216694
ENSMUSG00000107087.1	0
ENSMUSG00000107089.1	0
ENSMUSG00000107090.1	15.5461471673536
ENSMUSG00000107091.1	0
ENSMUSG00000107092.1	212.016489177393
ENSMUSG00000107093.1	0
ENSMUSG00000107094.1	0
ENSMUSG00000107096.3	83.2800308056728
ENSMUSG00000107097.1	0
ENSMUSG00000107098.1	0
ENSMUSG00000107100.1	0
ENSMUSG00000107102.1	0
ENSMUSG00000107103.1	0
ENSMUSG00000107105.1	0
ENSMUSG00000107106.1	0
ENSMUSG00000107108.2	0
ENSMUSG00000107109.1	0
ENSMUSG00000107110.1	0
ENSMUSG00000107111.1	0
ENSMUSG00000107112.1	0
ENSMUSG00000107113.1	0
ENSMUSG00000107114.1	0
ENSMUSG00000107115.1	0
ENSMUSG00000107116.1	0
ENSMUSG00000107117.1	0
ENSMUSG00000107118.1	0
ENSMUSG00000107120.1	0
ENSMUSG00000107121.1	0
ENSMUSG00000107122.1	0
ENSMUSG00000107123.1	0
ENSMUSG00000107125.1	0
ENSMUSG00000107126.1	0
ENSMUSG00000107127.1	0
ENSMUSG00000107128.1	0
ENSMUSG00000107129.1	0
ENSMUSG00000107130.1	0
ENSMUSG00000107131.1	0
ENSMUSG00000107132.1	0
ENSMUSG00000107133.1	0
ENSMUSG00000107134.1	74.3770510271614
ENSMUSG00000107135.1	0
ENSMUSG00000107136.1	0
ENSMUSG00000107139.1	0
ENSMUSG00000107140.1	0
ENSMUSG00000107141.1	0
ENSMUSG00000107142.1	4.51934387507313
ENSMUSG00000107143.1	12.8428181546551
ENSMUSG00000107144.1	0
ENSMUSG00000107145.1	0
ENSMUSG00000107148.1	0
ENSMUSG00000107149.1	0
ENSMUSG00000107151.1	0
ENSMUSG00000107152.1	0
ENSMUSG00000107153.1	0
ENSMUSG00000107154.1	0
ENSMUSG00000107155.1	0
ENSMUSG00000107157.1	0
ENSMUSG00000107158.1	0
ENSMUSG00000107159.1	0
ENSMUSG00000107160.1	0
ENSMUSG00000107161.1	0
ENSMUSG00000107162.1	0
ENSMUSG00000107163.1	0
ENSMUSG00000107164.1	0
ENSMUSG00000107165.1	0
ENSMUSG00000107167.3	0
ENSMUSG00000107168.1	0
ENSMUSG00000107171.1	0
ENSMUSG00000107172.1	0
ENSMUSG00000107173.1	0
ENSMUSG00000107176.1	525.145248872063
ENSMUSG00000107177.1	0
ENSMUSG00000107178.1	0
ENSMUSG00000107179.1	0
ENSMUSG00000107180.1	0
ENSMUSG00000107181.1	0
ENSMUSG00000107182.1	61.9507514744998
ENSMUSG00000107183.1	0
ENSMUSG00000107184.1	0
ENSMUSG00000107185.1	0
ENSMUSG00000107187.1	0
ENSMUSG00000107189.1	0
ENSMUSG00000107191.1	0
ENSMUSG00000107192.1	0
ENSMUSG00000107193.1	0
ENSMUSG00000107194.1	0
ENSMUSG00000107195.1	0
ENSMUSG00000107197.1	0
ENSMUSG00000107198.1	0
ENSMUSG00000107199.1	0
ENSMUSG00000107200.1	0
ENSMUSG00000107201.1	13.3392072026959
ENSMUSG00000107203.1	0
ENSMUSG00000107204.1	0
ENSMUSG00000107205.1	0
ENSMUSG00000107206.1	0
ENSMUSG00000107207.1	0
ENSMUSG00000107208.1	0
ENSMUSG00000107209.1	0
ENSMUSG00000107211.1	0
ENSMUSG00000107212.1	0
ENSMUSG00000107213.1	0
ENSMUSG00000107214.3	0
ENSMUSG00000107215.1	0
ENSMUSG00000107216.1	0
ENSMUSG00000107217.1	0
ENSMUSG00000107218.1	0
ENSMUSG00000107219.1	108.410631498703
ENSMUSG00000107220.1	0
ENSMUSG00000107222.1	0
ENSMUSG00000107223.1	0
ENSMUSG00000107225.1	0
ENSMUSG00000107226.1	0
ENSMUSG00000107227.1	0
ENSMUSG00000107230.1	49.370547596141
ENSMUSG00000107232.1	0
ENSMUSG00000107233.1	0
ENSMUSG00000107234.1	0
ENSMUSG00000107237.1	0
ENSMUSG00000107238.1	0
ENSMUSG00000107240.1	0
ENSMUSG00000107241.1	0
ENSMUSG00000107243.1	0
ENSMUSG00000107244.1	0
ENSMUSG00000107245.1	0
ENSMUSG00000107246.1	0
ENSMUSG00000107247.1	0
ENSMUSG00000107248.1	0
ENSMUSG00000107251.1	0
ENSMUSG00000107252.1	0
ENSMUSG00000107253.1	0
ENSMUSG00000107254.1	11.0671598717018
ENSMUSG00000107255.1	0
ENSMUSG00000107256.1	0
ENSMUSG00000107257.1	0
ENSMUSG00000107258.2	0
ENSMUSG00000107259.1	0
ENSMUSG00000107261.1	0
ENSMUSG00000107262.1	0
ENSMUSG00000107263.1	0
ENSMUSG00000107265.1	0
ENSMUSG00000107266.1	0
ENSMUSG00000107270.1	0
ENSMUSG00000107271.3	0
ENSMUSG00000107272.1	85.5509545196064
ENSMUSG00000107276.1	51.5009567543478
ENSMUSG00000107277.1	0.687622429413152
ENSMUSG00000107278.1	0
ENSMUSG00000107279.1	0
ENSMUSG00000107280.1	0
ENSMUSG00000107282.1	0
ENSMUSG00000107283.3	1680.40564419468
ENSMUSG00000107284.1	0
ENSMUSG00000107285.1	0
ENSMUSG00000107286.1	0
ENSMUSG00000107287.1	0
ENSMUSG00000107288.1	0
ENSMUSG00000107289.1	0
ENSMUSG00000107290.1	0
ENSMUSG00000107291.1	0
ENSMUSG00000107292.1	0
ENSMUSG00000107295.1	0
ENSMUSG00000107296.1	0
ENSMUSG00000107299.1	0
ENSMUSG00000107300.1	0
ENSMUSG00000107301.1	0
ENSMUSG00000107303.1	0
ENSMUSG00000107304.1	0
ENSMUSG00000107305.1	0
ENSMUSG00000107306.1	0
ENSMUSG00000107307.1	0
ENSMUSG00000107308.1	0
ENSMUSG00000107309.1	0
ENSMUSG00000107310.1	0
ENSMUSG00000107312.1	0
ENSMUSG00000107313.1	0
ENSMUSG00000107314.1	0
ENSMUSG00000107315.1	0
ENSMUSG00000107316.1	0
ENSMUSG00000107317.1	5.46346311012004
ENSMUSG00000107318.1	24.3427578641419
ENSMUSG00000107319.1	25.8912270197883
ENSMUSG00000107320.1	0
ENSMUSG00000107322.1	0
ENSMUSG00000107325.1	0
ENSMUSG00000107326.1	0
ENSMUSG00000107327.1	0
ENSMUSG00000107331.1	736.612538999574
ENSMUSG00000107333.1	0
ENSMUSG00000107334.1	0
ENSMUSG00000107335.1	0
ENSMUSG00000107336.1	0
ENSMUSG00000107337.1	0
ENSMUSG00000107340.1	0
ENSMUSG00000107341.1	0
ENSMUSG00000107344.1	0
ENSMUSG00000107346.1	0
ENSMUSG00000107348.1	0
ENSMUSG00000107349.1	0
ENSMUSG00000107350.1	0
ENSMUSG00000107351.1	0
ENSMUSG00000107352.1	0
ENSMUSG00000107353.1	0
ENSMUSG00000107354.1	0
ENSMUSG00000107355.1	0
ENSMUSG00000107356.1	0
ENSMUSG00000107357.1	0
ENSMUSG00000107358.1	0
ENSMUSG00000107359.1	0
ENSMUSG00000107360.1	0
ENSMUSG00000107362.1	0
ENSMUSG00000107363.1	0
ENSMUSG00000107364.1	0
ENSMUSG00000107365.1	0
ENSMUSG00000107368.1	0
ENSMUSG00000107369.1	57.4819703671472
ENSMUSG00000107370.1	0
ENSMUSG00000107371.1	0
ENSMUSG00000107373.1	0
ENSMUSG00000107374.1	0
ENSMUSG00000107375.1	0
ENSMUSG00000107376.1	0
ENSMUSG00000107377.1	0
ENSMUSG00000107378.1	0
ENSMUSG00000107379.1	0
ENSMUSG00000107380.1	0
ENSMUSG00000107383.1	82.9012782215446
ENSMUSG00000107384.1	0
ENSMUSG00000107385.3	42.8209525391666
ENSMUSG00000107386.1	0
ENSMUSG00000107387.1	0
ENSMUSG00000107388.1	0
ENSMUSG00000107389.1	0
ENSMUSG00000107390.1	0
ENSMUSG00000107392.1	0
ENSMUSG00000107394.1	0
ENSMUSG00000107395.1	0
ENSMUSG00000107396.2	0
ENSMUSG00000107397.1	0
ENSMUSG00000107398.1	0
ENSMUSG00000107399.2	0
ENSMUSG00000107400.1	0
ENSMUSG00000107401.1	0
ENSMUSG00000107402.1	0
ENSMUSG00000107403.1	0
ENSMUSG00000107404.1	0
ENSMUSG00000107405.1	0
ENSMUSG00000107406.1	0
ENSMUSG00000107407.1	0
ENSMUSG00000107408.1	0
ENSMUSG00000107409.1	0
ENSMUSG00000107410.1	0
ENSMUSG00000107411.1	0
ENSMUSG00000107412.1	0
ENSMUSG00000107413.1	0
ENSMUSG00000107414.1	0
ENSMUSG00000107415.1	0
ENSMUSG00000107416.1	0
ENSMUSG00000107417.2	0
ENSMUSG00000107418.1	0
ENSMUSG00000107419.1	0
ENSMUSG00000107420.1	0
ENSMUSG00000107421.1	0
ENSMUSG00000107422.1	0
ENSMUSG00000107423.1	0
ENSMUSG00000107424.1	0
ENSMUSG00000107425.1	0
ENSMUSG00000107427.1	0
ENSMUSG00000107428.1	0
ENSMUSG00000107429.2	63.7250364477125
ENSMUSG00000107430.1	0
ENSMUSG00000107431.1	0
ENSMUSG00000107432.1	0
ENSMUSG00000107433.1	0
ENSMUSG00000107434.1	0
ENSMUSG00000107435.1	0
ENSMUSG00000107436.1	0
ENSMUSG00000107438.1	0
ENSMUSG00000107439.1	0
ENSMUSG00000107440.1	0
ENSMUSG00000107441.1	0
ENSMUSG00000107442.1	0
ENSMUSG00000107443.1	0
ENSMUSG00000107445.1	0
ENSMUSG00000107446.1	0
ENSMUSG00000107447.1	0
ENSMUSG00000107448.1	0
ENSMUSG00000107449.1	0
ENSMUSG00000107450.1	0
ENSMUSG00000107451.1	120.351247576984
ENSMUSG00000107452.1	0
ENSMUSG00000107453.1	0
ENSMUSG00000107454.1	0
ENSMUSG00000107455.1	0
ENSMUSG00000107456.1	0
ENSMUSG00000107457.1	0
ENSMUSG00000107458.1	0
ENSMUSG00000107459.1	0
ENSMUSG00000107460.1	0
ENSMUSG00000107461.1	0
ENSMUSG00000107462.1	0
ENSMUSG00000107463.1	0
ENSMUSG00000107464.1	0
ENSMUSG00000107465.1	0
ENSMUSG00000107466.1	0
ENSMUSG00000107467.1	0
ENSMUSG00000107468.1	0
ENSMUSG00000107469.1	0
ENSMUSG00000107470.1	4472.60380865027
ENSMUSG00000107471.1	0
ENSMUSG00000107472.1	0
ENSMUSG00000107473.1	0
ENSMUSG00000107474.1	0
ENSMUSG00000107475.1	0
ENSMUSG00000107476.3	36.1711682943017
ENSMUSG00000107477.1	0
ENSMUSG00000107478.1	0
ENSMUSG00000107479.1	0
ENSMUSG00000107480.1	0
ENSMUSG00000107481.1	0
ENSMUSG00000107482.2	0
ENSMUSG00000107483.1	0
ENSMUSG00000107484.1	0
ENSMUSG00000107486.1	0
ENSMUSG00000107487.1	0
ENSMUSG00000107488.1	0
ENSMUSG00000107489.1	0
ENSMUSG00000107490.1	0
ENSMUSG00000107491.1	0
ENSMUSG00000107492.1	0
ENSMUSG00000107493.1	0
ENSMUSG00000107495.1	0
ENSMUSG00000107496.1	0
ENSMUSG00000107497.1	0
ENSMUSG00000107498.1	0
ENSMUSG00000107499.1	15.6051994861975
ENSMUSG00000107500.1	0
ENSMUSG00000107501.1	0
ENSMUSG00000107502.1	1.4118248364611
ENSMUSG00000107503.1	0
ENSMUSG00000107504.3	0
ENSMUSG00000107505.1	0
ENSMUSG00000107506.1	0
ENSMUSG00000107508.1	0
ENSMUSG00000107509.1	0
ENSMUSG00000107510.1	0
ENSMUSG00000107511.1	0
ENSMUSG00000107512.1	0
ENSMUSG00000107513.1	0
ENSMUSG00000107514.1	0
ENSMUSG00000107515.1	0
ENSMUSG00000107516.1	0
ENSMUSG00000107517.1	0
ENSMUSG00000107518.1	0
ENSMUSG00000107519.1	0
ENSMUSG00000107520.1	0
ENSMUSG00000107521.1	0
ENSMUSG00000107522.1	0
ENSMUSG00000107523.1	0
ENSMUSG00000107524.1	0
ENSMUSG00000107525.1	0
ENSMUSG00000107526.1	0
ENSMUSG00000107527.1	0
ENSMUSG00000107528.1	0
ENSMUSG00000107529.1	0
ENSMUSG00000107530.1	0
ENSMUSG00000107531.1	0
ENSMUSG00000107532.1	0
ENSMUSG00000107533.1	0
ENSMUSG00000107534.1	0
ENSMUSG00000107535.1	0
ENSMUSG00000107536.1	0
ENSMUSG00000107538.1	0
ENSMUSG00000107539.1	0
ENSMUSG00000107540.1	0
ENSMUSG00000107541.1	0
ENSMUSG00000107542.1	0
ENSMUSG00000107543.1	0
ENSMUSG00000107544.1	0
ENSMUSG00000107545.1	0
ENSMUSG00000107546.1	0
ENSMUSG00000107548.1	0
ENSMUSG00000107549.1	0
ENSMUSG00000107550.1	0
ENSMUSG00000107551.1	0
ENSMUSG00000107552.1	0
ENSMUSG00000107553.1	0
ENSMUSG00000107555.1	0
ENSMUSG00000107556.1	0
ENSMUSG00000107557.1	0
ENSMUSG00000107558.1	0
ENSMUSG00000107559.1	0
ENSMUSG00000107560.1	0
ENSMUSG00000107561.1	0
ENSMUSG00000107562.1	0
ENSMUSG00000107563.2	0
ENSMUSG00000107564.1	0
ENSMUSG00000107565.1	0
ENSMUSG00000107566.1	0
ENSMUSG00000107567.1	0
ENSMUSG00000107568.1	0
ENSMUSG00000107569.1	0
ENSMUSG00000107570.1	0
ENSMUSG00000107571.1	0
ENSMUSG00000107572.1	0
ENSMUSG00000107573.2	0
ENSMUSG00000107574.1	0
ENSMUSG00000107575.1	0
ENSMUSG00000107576.1	0
ENSMUSG00000107577.1	0
ENSMUSG00000107578.1	0
ENSMUSG00000107579.1	0
ENSMUSG00000107580.1	0
ENSMUSG00000107581.1	0
ENSMUSG00000107582.2	0
ENSMUSG00000107583.1	0
ENSMUSG00000107584.1	0
ENSMUSG00000107585.1	37.7447003527132
ENSMUSG00000107586.1	0
ENSMUSG00000107587.1	0
ENSMUSG00000107588.1	0
ENSMUSG00000107590.1	0
ENSMUSG00000107591.1	0
ENSMUSG00000107592.1	0
ENSMUSG00000107593.1	0
ENSMUSG00000107594.1	0
ENSMUSG00000107595.1	0
ENSMUSG00000107596.1	0
ENSMUSG00000107597.1	0
ENSMUSG00000107598.1	0
ENSMUSG00000107599.1	0
ENSMUSG00000107600.1	0
ENSMUSG00000107601.1	0
ENSMUSG00000107602.1	0
ENSMUSG00000107603.1	0
ENSMUSG00000107604.1	0
ENSMUSG00000107605.1	0
ENSMUSG00000107606.1	0
ENSMUSG00000107608.1	0
ENSMUSG00000107609.1	0
ENSMUSG00000107610.1	0
ENSMUSG00000107611.1	0
ENSMUSG00000107612.1	0
ENSMUSG00000107613.1	0
ENSMUSG00000107614.1	0
ENSMUSG00000107615.1	0
ENSMUSG00000107616.1	0
ENSMUSG00000107618.1	9.93249391015281
ENSMUSG00000107619.1	0
ENSMUSG00000107620.1	0
ENSMUSG00000107622.1	0
ENSMUSG00000107623.1	0
ENSMUSG00000107624.1	0
ENSMUSG00000107625.1	0
ENSMUSG00000107626.1	0
ENSMUSG00000107627.1	0
ENSMUSG00000107628.1	0
ENSMUSG00000107629.1	0
ENSMUSG00000107630.1	0
ENSMUSG00000107631.1	0
ENSMUSG00000107632.1	0
ENSMUSG00000107633.1	0
ENSMUSG00000107634.1	0
ENSMUSG00000107635.1	0
ENSMUSG00000107637.1	0
ENSMUSG00000107638.2	0
ENSMUSG00000107639.1	5.16539247324946
ENSMUSG00000107640.1	0
ENSMUSG00000107641.1	0
ENSMUSG00000107642.1	0
ENSMUSG00000107643.1	0
ENSMUSG00000107644.2	0
ENSMUSG00000107645.2	0
ENSMUSG00000107646.1	0
ENSMUSG00000107647.1	0
ENSMUSG00000107648.4	0
ENSMUSG00000107649.1	0
ENSMUSG00000107650.1	0
ENSMUSG00000107651.1	0
ENSMUSG00000107652.1	0
ENSMUSG00000107653.1	0
ENSMUSG00000107655.1	1.35352159565752
ENSMUSG00000107656.1	0
ENSMUSG00000107657.1	0
ENSMUSG00000107658.1	0
ENSMUSG00000107659.1	0
ENSMUSG00000107660.1	32.5187261929542
ENSMUSG00000107661.1	0
ENSMUSG00000107662.2	0
ENSMUSG00000107663.1	0
ENSMUSG00000107664.1	0
ENSMUSG00000107666.1	0
ENSMUSG00000107667.2	0
ENSMUSG00000107668.1	0
ENSMUSG00000107669.1	0
ENSMUSG00000107671.1	0
ENSMUSG00000107672.1	0
ENSMUSG00000107673.1	0
ENSMUSG00000107674.1	0
ENSMUSG00000107675.1	0
ENSMUSG00000107676.1	0
ENSMUSG00000107677.2	0
ENSMUSG00000107678.1	0
ENSMUSG00000107679.1	0
ENSMUSG00000107680.1	0
ENSMUSG00000107681.1	0
ENSMUSG00000107682.1	0
ENSMUSG00000107683.1	0
ENSMUSG00000107684.1	0
ENSMUSG00000107685.1	1.38501408493525
ENSMUSG00000107686.1	0
ENSMUSG00000107687.1	0
ENSMUSG00000107688.1	0
ENSMUSG00000107689.1	35.5857325942199
ENSMUSG00000107690.1	0
ENSMUSG00000107691.1	0
ENSMUSG00000107692.1	0
ENSMUSG00000107693.1	0
ENSMUSG00000107694.1	0
ENSMUSG00000107695.1	0
ENSMUSG00000107696.1	0
ENSMUSG00000107697.1	0
ENSMUSG00000107698.1	0
ENSMUSG00000107699.1	0
ENSMUSG00000107700.1	0
ENSMUSG00000107701.1	0
ENSMUSG00000107702.1	0
ENSMUSG00000107703.1	0
ENSMUSG00000107704.1	0
ENSMUSG00000107705.1	235.156758305754
ENSMUSG00000107706.1	0
ENSMUSG00000107707.1	0
ENSMUSG00000107708.1	0
ENSMUSG00000107709.1	0
ENSMUSG00000107710.1	0
ENSMUSG00000107711.2	0
ENSMUSG00000107712.1	0
ENSMUSG00000107713.1	0
ENSMUSG00000107714.1	0
ENSMUSG00000107715.1	0
ENSMUSG00000107716.1	0
ENSMUSG00000107718.2	0
ENSMUSG00000107719.1	0
ENSMUSG00000107720.1	0
ENSMUSG00000107721.1	0
ENSMUSG00000107722.1	0
ENSMUSG00000107723.1	0
ENSMUSG00000107724.1	0
ENSMUSG00000107725.1	0
ENSMUSG00000107726.1	4.51809541167262
ENSMUSG00000107727.1	0
ENSMUSG00000107728.1	154.126989144736
ENSMUSG00000107729.1	0
ENSMUSG00000107730.1	0
ENSMUSG00000107731.1	0
ENSMUSG00000107732.1	0
ENSMUSG00000107733.1	0
ENSMUSG00000107734.1	0
ENSMUSG00000107735.1	0
ENSMUSG00000107736.1	0
ENSMUSG00000107737.1	0
ENSMUSG00000107738.1	0
ENSMUSG00000107739.1	0
ENSMUSG00000107740.1	0
ENSMUSG00000107741.2	240.421247561418
ENSMUSG00000107742.1	19.260325783856
ENSMUSG00000107743.1	0
ENSMUSG00000107744.1	0
ENSMUSG00000107745.1	0
ENSMUSG00000107746.1	0
ENSMUSG00000107747.1	259.245172963628
ENSMUSG00000107748.4	0
ENSMUSG00000107749.1	0
ENSMUSG00000107750.1	0
ENSMUSG00000107751.1	6.37986645767573
ENSMUSG00000107752.1	0
ENSMUSG00000107753.1	0
ENSMUSG00000107754.1	0
ENSMUSG00000107755.1	0
ENSMUSG00000107756.1	0
ENSMUSG00000107757.1	0
ENSMUSG00000107758.1	0
ENSMUSG00000107759.1	0
ENSMUSG00000107760.1	0
ENSMUSG00000107761.1	0
ENSMUSG00000107762.1	0
ENSMUSG00000107763.1	0
ENSMUSG00000107764.1	0
ENSMUSG00000107765.1	0
ENSMUSG00000107766.1	0
ENSMUSG00000107767.1	0
ENSMUSG00000107768.1	0
ENSMUSG00000107769.1	0
ENSMUSG00000107770.1	20.3986747124365
ENSMUSG00000107771.1	0
ENSMUSG00000107772.1	0
ENSMUSG00000107773.1	0
ENSMUSG00000107774.1	0
ENSMUSG00000107775.1	0
ENSMUSG00000107776.1	0
ENSMUSG00000107777.1	0
ENSMUSG00000107778.1	0
ENSMUSG00000107779.1	0
ENSMUSG00000107780.1	0
ENSMUSG00000107781.1	0
ENSMUSG00000107782.1	0
ENSMUSG00000107783.1	0
ENSMUSG00000107784.1	0
ENSMUSG00000107785.1	0
ENSMUSG00000107786.1	0
ENSMUSG00000107787.1	0
ENSMUSG00000107788.1	2.34789148257475
ENSMUSG00000107789.1	0
ENSMUSG00000107790.1	0
ENSMUSG00000107791.1	0
ENSMUSG00000107792.1	0
ENSMUSG00000107793.1	0
ENSMUSG00000107794.1	0
ENSMUSG00000107795.1	0
ENSMUSG00000107796.1	0
ENSMUSG00000107797.1	0
ENSMUSG00000107798.1	0
ENSMUSG00000107799.1	0
ENSMUSG00000107800.1	0
ENSMUSG00000107801.1	0
ENSMUSG00000107802.1	0
ENSMUSG00000107803.1	0
ENSMUSG00000107804.1	0
ENSMUSG00000107805.1	0
ENSMUSG00000107806.1	0
ENSMUSG00000107808.1	0
ENSMUSG00000107809.1	0
ENSMUSG00000107810.1	0
ENSMUSG00000107811.1	0
ENSMUSG00000107812.1	13.7170546508587
ENSMUSG00000107813.1	0
ENSMUSG00000107814.1	0
ENSMUSG00000107815.1	0
ENSMUSG00000107816.1	0
ENSMUSG00000107817.1	0
ENSMUSG00000107818.1	0
ENSMUSG00000107819.1	0
ENSMUSG00000107821.1	14.1443412496816
ENSMUSG00000107822.4	0
ENSMUSG00000107823.1	0
ENSMUSG00000107824.1	0
ENSMUSG00000107825.1	0
ENSMUSG00000107826.1	0
ENSMUSG00000107828.1	0
ENSMUSG00000107829.1	0
ENSMUSG00000107830.1	0
ENSMUSG00000107831.1	0
ENSMUSG00000107832.1	0
ENSMUSG00000107833.1	0
ENSMUSG00000107834.1	0
ENSMUSG00000107835.1	0
ENSMUSG00000107836.1	0.900579073954295
ENSMUSG00000107837.1	0
ENSMUSG00000107838.1	43.0932736184017
ENSMUSG00000107839.1	0
ENSMUSG00000107840.1	0
ENSMUSG00000107841.1	0
ENSMUSG00000107842.1	0
ENSMUSG00000107844.1	0
ENSMUSG00000107845.1	0
ENSMUSG00000107846.1	0
ENSMUSG00000107847.1	0
ENSMUSG00000107848.1	0
ENSMUSG00000107849.1	0
ENSMUSG00000107850.1	0
ENSMUSG00000107851.1	0
ENSMUSG00000107852.1	0
ENSMUSG00000107853.1	2.01143059613865
ENSMUSG00000107854.1	0
ENSMUSG00000107855.1	0
ENSMUSG00000107856.1	0
ENSMUSG00000107857.1	0
ENSMUSG00000107858.1	0
ENSMUSG00000107859.1	18.0515635194871
ENSMUSG00000107861.1	0
ENSMUSG00000107862.1	0
ENSMUSG00000107863.1	0
ENSMUSG00000107864.1	0
ENSMUSG00000107865.1	0
ENSMUSG00000107866.1	0
ENSMUSG00000107867.1	0
ENSMUSG00000107868.1	4.98733038075243
ENSMUSG00000107869.1	0
ENSMUSG00000107870.1	0
ENSMUSG00000107872.2	0
ENSMUSG00000107873.1	0
ENSMUSG00000107874.1	0
ENSMUSG00000107875.1	80.6187750095713
ENSMUSG00000107876.1	0
ENSMUSG00000107877.2	185.818140161081
ENSMUSG00000107878.1	0
ENSMUSG00000107879.2	330.8047542117
ENSMUSG00000107880.1	0
ENSMUSG00000107881.1	20.6880685286736
ENSMUSG00000107882.1	0
ENSMUSG00000107883.1	6.77338212151492
ENSMUSG00000107884.1	0
ENSMUSG00000107885.1	0
ENSMUSG00000107886.1	0
ENSMUSG00000107887.1	0
ENSMUSG00000107888.1	0
ENSMUSG00000107889.1	0
ENSMUSG00000107890.1	0
ENSMUSG00000107891.1	77.7328270129639
ENSMUSG00000107892.1	0
ENSMUSG00000107893.1	0
ENSMUSG00000107894.1	0
ENSMUSG00000107895.1	0
ENSMUSG00000107896.1	8.62591453835429
ENSMUSG00000107898.1	0
ENSMUSG00000107899.1	0
ENSMUSG00000107900.1	0
ENSMUSG00000107901.1	0
ENSMUSG00000107902.1	2.13437302950338
ENSMUSG00000107903.1	0
ENSMUSG00000107904.1	0
ENSMUSG00000107905.1	0
ENSMUSG00000107906.1	1.89875677424307
ENSMUSG00000107907.1	0
ENSMUSG00000107908.1	0
ENSMUSG00000107909.1	0
ENSMUSG00000107911.1	0
ENSMUSG00000107913.1	0
ENSMUSG00000107914.1	0
ENSMUSG00000107915.1	0
ENSMUSG00000107916.1	0
ENSMUSG00000107917.1	0
ENSMUSG00000107918.1	0
ENSMUSG00000107919.1	0
ENSMUSG00000107920.1	2.40507110631788
ENSMUSG00000107921.1	0
ENSMUSG00000107922.1	0
ENSMUSG00000107923.1	0
ENSMUSG00000107924.1	0
ENSMUSG00000107925.1	0
ENSMUSG00000107926.1	0
ENSMUSG00000107927.1	0
ENSMUSG00000107928.1	140.464211440214
ENSMUSG00000107929.1	0
ENSMUSG00000107930.1	0
ENSMUSG00000107931.1	0
ENSMUSG00000107932.1	0
ENSMUSG00000107933.1	0
ENSMUSG00000107934.1	0
ENSMUSG00000107935.1	0
ENSMUSG00000107936.1	0
ENSMUSG00000107937.1	0
ENSMUSG00000107938.1	0
ENSMUSG00000107940.1	0
ENSMUSG00000107941.1	0
ENSMUSG00000107942.1	0
ENSMUSG00000107943.1	0
ENSMUSG00000107944.1	0
ENSMUSG00000107945.1	0
ENSMUSG00000107946.1	0
ENSMUSG00000107947.1	0
ENSMUSG00000107948.2	0
ENSMUSG00000107949.1	0
ENSMUSG00000107950.1	23.452821940677
ENSMUSG00000107951.1	109.95897580801
ENSMUSG00000107952.1	0
ENSMUSG00000107953.1	0
ENSMUSG00000107954.1	0
ENSMUSG00000107955.1	0
ENSMUSG00000107956.1	0
ENSMUSG00000107957.1	0
ENSMUSG00000107959.1	0
ENSMUSG00000107960.1	0
ENSMUSG00000107961.1	0
ENSMUSG00000107962.1	0
ENSMUSG00000107964.1	0
ENSMUSG00000107965.1	0
ENSMUSG00000107966.1	0
ENSMUSG00000107967.1	0
ENSMUSG00000107968.1	0
ENSMUSG00000107969.1	0
ENSMUSG00000107970.1	0
ENSMUSG00000107971.1	0
ENSMUSG00000107972.1	0
ENSMUSG00000107973.1	0
ENSMUSG00000107975.1	0
ENSMUSG00000107976.1	0
ENSMUSG00000107977.1	0
ENSMUSG00000107978.1	0
ENSMUSG00000107979.1	0
ENSMUSG00000107980.1	0
ENSMUSG00000107981.1	4.71101421863566
ENSMUSG00000107982.1	0
ENSMUSG00000107983.1	0
ENSMUSG00000107984.1	0
ENSMUSG00000107985.1	0
ENSMUSG00000107986.1	0
ENSMUSG00000107987.1	0
ENSMUSG00000107988.1	0
ENSMUSG00000107989.1	0
ENSMUSG00000107990.1	0
ENSMUSG00000107991.1	0
ENSMUSG00000107992.1	0
ENSMUSG00000107993.3	0
ENSMUSG00000107994.1	76.5280286198915
ENSMUSG00000107995.1	0
ENSMUSG00000107996.1	0
ENSMUSG00000107997.1	2.77474111920742
ENSMUSG00000107998.1	0
ENSMUSG00000107999.1	0
ENSMUSG00000108000.1	0
ENSMUSG00000108002.1	0
ENSMUSG00000108003.1	0
ENSMUSG00000108004.1	0
ENSMUSG00000108005.1	0
ENSMUSG00000108006.1	0
ENSMUSG00000108007.1	0
ENSMUSG00000108008.1	0
ENSMUSG00000108009.1	0
ENSMUSG00000108010.1	0
ENSMUSG00000108011.1	0
ENSMUSG00000108012.1	0
ENSMUSG00000108013.1	0
ENSMUSG00000108014.1	0
ENSMUSG00000108015.3	0
ENSMUSG00000108016.1	0
ENSMUSG00000108017.1	0
ENSMUSG00000108018.1	0
ENSMUSG00000108019.1	0
ENSMUSG00000108020.1	0
ENSMUSG00000108021.1	0
ENSMUSG00000108022.1	0
ENSMUSG00000108023.1	0
ENSMUSG00000108024.1	0
ENSMUSG00000108025.1	0
ENSMUSG00000108026.1	0
ENSMUSG00000108027.1	0
ENSMUSG00000108028.1	0
ENSMUSG00000108029.1	0
ENSMUSG00000108030.1	0
ENSMUSG00000108032.1	0
ENSMUSG00000108033.1	0
ENSMUSG00000108034.1	0
ENSMUSG00000108035.1	0
ENSMUSG00000108036.1	0
ENSMUSG00000108037.2	0
ENSMUSG00000108038.1	0
ENSMUSG00000108039.1	0
ENSMUSG00000108040.1	0
ENSMUSG00000108041.1	0
ENSMUSG00000108042.1	0
ENSMUSG00000108043.2	45.1281441148849
ENSMUSG00000108044.1	0
ENSMUSG00000108045.1	0
ENSMUSG00000108046.1	0
ENSMUSG00000108047.1	0
ENSMUSG00000108048.1	0
ENSMUSG00000108049.1	2.81372438888819
ENSMUSG00000108050.1	0
ENSMUSG00000108052.1	0
ENSMUSG00000108053.1	0
ENSMUSG00000108054.1	0
ENSMUSG00000108055.1	0
ENSMUSG00000108056.1	0
ENSMUSG00000108057.1	0
ENSMUSG00000108058.1	0
ENSMUSG00000108059.1	0
ENSMUSG00000108060.2	0
ENSMUSG00000108062.1	0
ENSMUSG00000108063.1	0
ENSMUSG00000108064.1	0
ENSMUSG00000108065.1	0
ENSMUSG00000108066.2	0
ENSMUSG00000108067.1	0
ENSMUSG00000108068.1	0
ENSMUSG00000108069.1	0
ENSMUSG00000108070.1	0
ENSMUSG00000108071.1	0
ENSMUSG00000108072.1	0
ENSMUSG00000108073.1	0
ENSMUSG00000108074.1	0
ENSMUSG00000108075.1	0
ENSMUSG00000108076.1	0
ENSMUSG00000108077.1	0
ENSMUSG00000108078.1	0
ENSMUSG00000108079.1	348.091758744717
ENSMUSG00000108080.1	0
ENSMUSG00000108081.1	0
ENSMUSG00000108082.1	0
ENSMUSG00000108083.1	0
ENSMUSG00000108084.1	19.3012129602226
ENSMUSG00000108085.1	0
ENSMUSG00000108086.1	0
ENSMUSG00000108087.1	0
ENSMUSG00000108088.1	0
ENSMUSG00000108089.1	0
ENSMUSG00000108090.1	0
ENSMUSG00000108091.1	0
ENSMUSG00000108092.1	0
ENSMUSG00000108093.1	0
ENSMUSG00000108094.1	0
ENSMUSG00000108095.1	0
ENSMUSG00000108096.1	0
ENSMUSG00000108097.1	0
ENSMUSG00000108098.1	0
ENSMUSG00000108099.1	0
ENSMUSG00000108100.1	0
ENSMUSG00000108101.1	0
ENSMUSG00000108102.1	0
ENSMUSG00000108103.1	0
ENSMUSG00000108104.1	0
ENSMUSG00000108105.1	0
ENSMUSG00000108106.2	0
ENSMUSG00000108107.2	0
ENSMUSG00000108108.1	0
ENSMUSG00000108109.1	0
ENSMUSG00000108110.1	0
ENSMUSG00000108111.1	0
ENSMUSG00000108112.1	0
ENSMUSG00000108113.2	0
ENSMUSG00000108114.2	0
ENSMUSG00000108115.1	0
ENSMUSG00000108117.1	0
ENSMUSG00000108118.1	0
ENSMUSG00000108119.1	0
ENSMUSG00000108120.1	0
ENSMUSG00000108121.1	0
ENSMUSG00000108122.1	0
ENSMUSG00000108123.1	0
ENSMUSG00000108124.1	0
ENSMUSG00000108125.1	0
ENSMUSG00000108126.1	50.1217792358099
ENSMUSG00000108127.1	0
ENSMUSG00000108128.1	0
ENSMUSG00000108129.2	0
ENSMUSG00000108130.1	0
ENSMUSG00000108131.1	0
ENSMUSG00000108132.1	0
ENSMUSG00000108134.1	0
ENSMUSG00000108135.1	0
ENSMUSG00000108137.1	51.1907448109073
ENSMUSG00000108138.1	0
ENSMUSG00000108139.1	0
ENSMUSG00000108140.1	0
ENSMUSG00000108141.1	0
ENSMUSG00000108142.1	0
ENSMUSG00000108143.1	0
ENSMUSG00000108144.1	0
ENSMUSG00000108145.1	0
ENSMUSG00000108146.1	0
ENSMUSG00000108147.1	0
ENSMUSG00000108148.1	0
ENSMUSG00000108149.1	0
ENSMUSG00000108150.1	0
ENSMUSG00000108151.1	0
ENSMUSG00000108152.1	0
ENSMUSG00000108153.1	0
ENSMUSG00000108154.1	0
ENSMUSG00000108155.1	0
ENSMUSG00000108156.1	0
ENSMUSG00000108157.1	0
ENSMUSG00000108158.1	0
ENSMUSG00000108160.1	0
ENSMUSG00000108161.1	0
ENSMUSG00000108162.1	0
ENSMUSG00000108163.1	0
ENSMUSG00000108164.1	0
ENSMUSG00000108166.1	0
ENSMUSG00000108167.2	0
ENSMUSG00000108168.1	0
ENSMUSG00000108169.1	0
ENSMUSG00000108170.1	0
ENSMUSG00000108171.1	0
ENSMUSG00000108172.1	0
ENSMUSG00000108173.1	0
ENSMUSG00000108174.1	0
ENSMUSG00000108175.1	0
ENSMUSG00000108176.1	0
ENSMUSG00000108177.1	0
ENSMUSG00000108178.1	0
ENSMUSG00000108179.1	0
ENSMUSG00000108180.1	0
ENSMUSG00000108181.1	9.22595726022201
ENSMUSG00000108183.1	0
ENSMUSG00000108184.1	0
ENSMUSG00000108185.1	0
ENSMUSG00000108186.1	0
ENSMUSG00000108187.1	0
ENSMUSG00000108188.1	0
ENSMUSG00000108189.1	0
ENSMUSG00000108190.1	0
ENSMUSG00000108191.1	0
ENSMUSG00000108192.1	0
ENSMUSG00000108193.1	0
ENSMUSG00000108194.1	13.683096446365
ENSMUSG00000108195.1	0
ENSMUSG00000108196.1	0
ENSMUSG00000108197.1	0
ENSMUSG00000108198.1	0
ENSMUSG00000108199.1	0
ENSMUSG00000108200.1	0
ENSMUSG00000108201.1	0
ENSMUSG00000108202.1	0
ENSMUSG00000108203.1	0
ENSMUSG00000108204.1	0
ENSMUSG00000108205.1	0
ENSMUSG00000108206.1	0
ENSMUSG00000108207.2	0
ENSMUSG00000108208.1	0
ENSMUSG00000108209.1	0
ENSMUSG00000108210.1	0
ENSMUSG00000108211.1	0
ENSMUSG00000108212.1	0
ENSMUSG00000108213.1	0
ENSMUSG00000108214.1	0
ENSMUSG00000108215.1	0
ENSMUSG00000108216.1	0
ENSMUSG00000108217.1	0
ENSMUSG00000108218.2	0
ENSMUSG00000108219.1	0
ENSMUSG00000108220.1	44.0170429000204
ENSMUSG00000108221.1	0
ENSMUSG00000108222.1	0
ENSMUSG00000108223.1	0
ENSMUSG00000108224.1	0
ENSMUSG00000108225.1	0
ENSMUSG00000108226.1	0
ENSMUSG00000108227.1	0
ENSMUSG00000108228.2	38.0770725215126
ENSMUSG00000108229.1	0
ENSMUSG00000108230.1	0
ENSMUSG00000108231.1	0
ENSMUSG00000108232.1	0
ENSMUSG00000108233.1	0
ENSMUSG00000108234.1	0
ENSMUSG00000108235.1	0
ENSMUSG00000108236.1	0
ENSMUSG00000108237.1	0
ENSMUSG00000108238.1	0
ENSMUSG00000108239.1	0
ENSMUSG00000108240.1	0
ENSMUSG00000108241.1	0
ENSMUSG00000108242.1	26.8018874357017
ENSMUSG00000108244.1	0
ENSMUSG00000108245.1	0
ENSMUSG00000108246.1	0
ENSMUSG00000108247.1	0
ENSMUSG00000108248.1	0
ENSMUSG00000108249.1	0
ENSMUSG00000108250.1	0
ENSMUSG00000108251.1	0
ENSMUSG00000108252.1	0
ENSMUSG00000108253.1	0
ENSMUSG00000108254.1	0
ENSMUSG00000108255.1	10.8977121766683
ENSMUSG00000108256.1	0
ENSMUSG00000108257.1	0
ENSMUSG00000108258.1	0
ENSMUSG00000108259.1	0
ENSMUSG00000108260.1	0
ENSMUSG00000108261.1	0
ENSMUSG00000108262.1	0
ENSMUSG00000108263.1	0
ENSMUSG00000108264.1	0
ENSMUSG00000108265.2	0
ENSMUSG00000108266.1	0
ENSMUSG00000108267.1	0
ENSMUSG00000108268.1	0
ENSMUSG00000108269.1	0
ENSMUSG00000108270.1	0
ENSMUSG00000108271.1	0
ENSMUSG00000108272.1	0
ENSMUSG00000108274.1	0
ENSMUSG00000108275.1	0
ENSMUSG00000108276.1	0
ENSMUSG00000108278.1	0
ENSMUSG00000108279.1	0
ENSMUSG00000108280.1	0
ENSMUSG00000108282.1	0
ENSMUSG00000108283.1	0
ENSMUSG00000108284.1	0
ENSMUSG00000108285.1	0
ENSMUSG00000108286.1	0
ENSMUSG00000108287.1	0
ENSMUSG00000108288.1	0
ENSMUSG00000108289.1	0
ENSMUSG00000108290.1	0
ENSMUSG00000108291.1	0
ENSMUSG00000108292.1	0
ENSMUSG00000108293.1	0
ENSMUSG00000108294.1	0
ENSMUSG00000108295.2	0
ENSMUSG00000108296.1	0
ENSMUSG00000108297.1	0
ENSMUSG00000108298.1	0
ENSMUSG00000108299.1	0
ENSMUSG00000108300.1	0
ENSMUSG00000108301.1	0
ENSMUSG00000108302.1	0
ENSMUSG00000108303.1	0
ENSMUSG00000108304.1	0
ENSMUSG00000108305.1	0
ENSMUSG00000108306.1	0
ENSMUSG00000108307.1	0
ENSMUSG00000108308.1	0
ENSMUSG00000108309.1	0
ENSMUSG00000108310.1	0
ENSMUSG00000108311.1	0
ENSMUSG00000108312.1	0
ENSMUSG00000108313.1	0
ENSMUSG00000108314.1	40.8864897116691
ENSMUSG00000108315.1	0
ENSMUSG00000108316.1	0
ENSMUSG00000108317.1	0
ENSMUSG00000108318.1	0
ENSMUSG00000108319.1	0
ENSMUSG00000108320.1	0
ENSMUSG00000108321.1	0
ENSMUSG00000108322.2	0
ENSMUSG00000108323.1	0
ENSMUSG00000108324.1	0
ENSMUSG00000108325.1	55.5849926532498
ENSMUSG00000108326.1	0
ENSMUSG00000108327.1	0
ENSMUSG00000108328.1	0
ENSMUSG00000108329.1	0
ENSMUSG00000108330.1	0
ENSMUSG00000108331.1	0
ENSMUSG00000108332.1	0
ENSMUSG00000108333.1	0
ENSMUSG00000108334.1	0
ENSMUSG00000108335.1	0
ENSMUSG00000108336.1	0
ENSMUSG00000108337.1	0
ENSMUSG00000108338.1	0
ENSMUSG00000108339.1	0
ENSMUSG00000108340.1	0
ENSMUSG00000108341.1	0
ENSMUSG00000108342.1	0
ENSMUSG00000108343.1	0
ENSMUSG00000108344.1	0
ENSMUSG00000108345.1	0
ENSMUSG00000108346.1	0
ENSMUSG00000108347.1	0
ENSMUSG00000108348.2	1452.9213801399
ENSMUSG00000108349.1	0
ENSMUSG00000108350.1	397.426881191869
ENSMUSG00000108351.1	0
ENSMUSG00000108352.1	0
ENSMUSG00000108353.1	0
ENSMUSG00000108354.1	0
ENSMUSG00000108355.1	0
ENSMUSG00000108356.1	0
ENSMUSG00000108357.1	0
ENSMUSG00000108358.1	1167.48581711414
ENSMUSG00000108359.1	0
ENSMUSG00000108360.1	0
ENSMUSG00000108361.1	0
ENSMUSG00000108362.1	0
ENSMUSG00000108363.1	0
ENSMUSG00000108364.1	0
ENSMUSG00000108365.1	0
ENSMUSG00000108366.1	13.2655790736511
ENSMUSG00000108367.2	18.555693040611
ENSMUSG00000108368.1	31.647922971102
ENSMUSG00000108370.1	0
ENSMUSG00000108371.1	0
ENSMUSG00000108372.1	0
ENSMUSG00000108373.1	0
ENSMUSG00000108374.1	0
ENSMUSG00000108375.1	0
ENSMUSG00000108376.1	0
ENSMUSG00000108377.1	0
ENSMUSG00000108378.1	0
ENSMUSG00000108379.1	0
ENSMUSG00000108380.1	0
ENSMUSG00000108381.1	0
ENSMUSG00000108382.1	0
ENSMUSG00000108383.1	0
ENSMUSG00000108384.1	0
ENSMUSG00000108385.1	0
ENSMUSG00000108387.1	0
ENSMUSG00000108388.1	0
ENSMUSG00000108389.1	0
ENSMUSG00000108390.1	0
ENSMUSG00000108391.1	42.6800010212496
ENSMUSG00000108392.1	0
ENSMUSG00000108393.1	0
ENSMUSG00000108394.1	0
ENSMUSG00000108395.1	0
ENSMUSG00000108396.1	0
ENSMUSG00000108397.1	0
ENSMUSG00000108398.1	0
ENSMUSG00000108400.1	0
ENSMUSG00000108401.1	0
ENSMUSG00000108402.1	29.5430136778505
ENSMUSG00000108403.1	0
ENSMUSG00000108404.1	0
ENSMUSG00000108405.1	0
ENSMUSG00000108406.1	0
ENSMUSG00000108407.1	0
ENSMUSG00000108409.1	0
ENSMUSG00000108410.1	0
ENSMUSG00000108411.1	0
ENSMUSG00000108412.1	0
ENSMUSG00000108413.1	0
ENSMUSG00000108414.1	494.775814846248
ENSMUSG00000108415.1	0
ENSMUSG00000108416.1	0
ENSMUSG00000108417.1	0
ENSMUSG00000108418.1	0
ENSMUSG00000108419.1	0
ENSMUSG00000108420.1	0
ENSMUSG00000108421.1	84.8863662399326
ENSMUSG00000108422.1	0
ENSMUSG00000108423.1	0
ENSMUSG00000108424.1	0
ENSMUSG00000108425.1	0
ENSMUSG00000108426.2	0
ENSMUSG00000108427.1	0
ENSMUSG00000108428.1	0
ENSMUSG00000108429.1	0
ENSMUSG00000108430.1	0
ENSMUSG00000108431.1	0
ENSMUSG00000108432.1	0
ENSMUSG00000108433.1	0
ENSMUSG00000108435.1	75.6048835699731
ENSMUSG00000108436.1	0
ENSMUSG00000108437.1	0
ENSMUSG00000108438.1	0
ENSMUSG00000108440.1	0
ENSMUSG00000108441.1	0
ENSMUSG00000108442.1	0
ENSMUSG00000108443.1	0
ENSMUSG00000108444.1	0
ENSMUSG00000108445.1	0
ENSMUSG00000108446.1	9.3900677742184
ENSMUSG00000108447.1	0
ENSMUSG00000108448.2	0
ENSMUSG00000108449.1	0
ENSMUSG00000108450.1	0
ENSMUSG00000108451.1	0
ENSMUSG00000108452.1	0
ENSMUSG00000108454.1	0
ENSMUSG00000108455.1	0
ENSMUSG00000108456.1	16.8269457699317
ENSMUSG00000108457.1	0
ENSMUSG00000108459.1	0
ENSMUSG00000108460.1	0
ENSMUSG00000108461.1	577.562359281286
ENSMUSG00000108462.1	0
ENSMUSG00000108464.5	0
ENSMUSG00000108465.1	0
ENSMUSG00000108466.1	3.1316768054118
ENSMUSG00000108467.1	0
ENSMUSG00000108468.1	0
ENSMUSG00000108469.1	0
ENSMUSG00000108470.1	0
ENSMUSG00000108471.1	0
ENSMUSG00000108472.1	0
ENSMUSG00000108473.1	0
ENSMUSG00000108474.1	0
ENSMUSG00000108476.1	0
ENSMUSG00000108477.1	13.5923643687333
ENSMUSG00000108478.1	0
ENSMUSG00000108479.1	0
ENSMUSG00000108480.1	0
ENSMUSG00000108481.1	0
ENSMUSG00000108482.1	0
ENSMUSG00000108483.1	0
ENSMUSG00000108484.1	65.2692296162122
ENSMUSG00000108485.1	0
ENSMUSG00000108486.1	0
ENSMUSG00000108487.1	0
ENSMUSG00000108488.1	0
ENSMUSG00000108489.1	0
ENSMUSG00000108490.1	0
ENSMUSG00000108491.1	0
ENSMUSG00000108492.1	0
ENSMUSG00000108493.1	0
ENSMUSG00000108494.1	0
ENSMUSG00000108495.1	0
ENSMUSG00000108496.1	0
ENSMUSG00000108497.1	0
ENSMUSG00000108498.1	0
ENSMUSG00000108500.1	0
ENSMUSG00000108502.1	0
ENSMUSG00000108503.1	0
ENSMUSG00000108504.1	0
ENSMUSG00000108505.1	0
ENSMUSG00000108506.1	0
ENSMUSG00000108507.1	0
ENSMUSG00000108508.1	0
ENSMUSG00000108509.1	65.2227555661284
ENSMUSG00000108510.1	0
ENSMUSG00000108511.1	0
ENSMUSG00000108512.1	0
ENSMUSG00000108513.1	0
ENSMUSG00000108514.1	0
ENSMUSG00000108515.1	0
ENSMUSG00000108516.1	0
ENSMUSG00000108517.1	0
ENSMUSG00000108518.1	0
ENSMUSG00000108519.1	0
ENSMUSG00000108520.1	0
ENSMUSG00000108521.1	0
ENSMUSG00000108522.1	0
ENSMUSG00000108523.1	0
ENSMUSG00000108524.1	0
ENSMUSG00000108525.1	0
ENSMUSG00000108526.1	0
ENSMUSG00000108527.1	0
ENSMUSG00000108528.1	0
ENSMUSG00000108529.1	0
ENSMUSG00000108530.1	0
ENSMUSG00000108531.1	0
ENSMUSG00000108532.1	0
ENSMUSG00000108533.1	0
ENSMUSG00000108534.2	0
ENSMUSG00000108535.1	0
ENSMUSG00000108536.1	0
ENSMUSG00000108537.1	0
ENSMUSG00000108538.1	0
ENSMUSG00000108539.1	0
ENSMUSG00000108540.1	0
ENSMUSG00000108541.1	0
ENSMUSG00000108542.1	0
ENSMUSG00000108543.1	0
ENSMUSG00000108544.1	0
ENSMUSG00000108545.1	0
ENSMUSG00000108546.1	0
ENSMUSG00000108547.1	0
ENSMUSG00000108548.1	0
ENSMUSG00000108550.1	0
ENSMUSG00000108551.1	0
ENSMUSG00000108552.1	0
ENSMUSG00000108553.1	0
ENSMUSG00000108554.1	0
ENSMUSG00000108556.1	0
ENSMUSG00000108557.1	0
ENSMUSG00000108558.1	0
ENSMUSG00000108559.1	0
ENSMUSG00000108560.1	0
ENSMUSG00000108561.1	0
ENSMUSG00000108562.1	0
ENSMUSG00000108563.1	0
ENSMUSG00000108565.1	0
ENSMUSG00000108566.1	0
ENSMUSG00000108567.1	0
ENSMUSG00000108568.1	0
ENSMUSG00000108570.1	0
ENSMUSG00000108571.1	0
ENSMUSG00000108572.1	0
ENSMUSG00000108573.1	0
ENSMUSG00000108574.1	0
ENSMUSG00000108575.1	0
ENSMUSG00000108576.1	0
ENSMUSG00000108577.1	0
ENSMUSG00000108578.1	0
ENSMUSG00000108579.1	0
ENSMUSG00000108580.1	0
ENSMUSG00000108581.1	0
ENSMUSG00000108582.1	0
ENSMUSG00000108583.1	0
ENSMUSG00000108584.1	0
ENSMUSG00000108586.1	0
ENSMUSG00000108587.1	0
ENSMUSG00000108588.1	0
ENSMUSG00000108589.1	0
ENSMUSG00000108590.1	0
ENSMUSG00000108591.1	970.414995420045
ENSMUSG00000108592.2	0
ENSMUSG00000108593.1	0
ENSMUSG00000108594.1	0
ENSMUSG00000108596.1	0
ENSMUSG00000108597.1	0
ENSMUSG00000108598.1	0
ENSMUSG00000108599.1	0
ENSMUSG00000108600.1	0
ENSMUSG00000108601.1	39.6440501470715
ENSMUSG00000108602.1	0
ENSMUSG00000108603.1	0
ENSMUSG00000108604.1	0
ENSMUSG00000108605.2	0
ENSMUSG00000108606.1	0
ENSMUSG00000108607.2	0
ENSMUSG00000108608.1	144.895476222382
ENSMUSG00000108609.1	0
ENSMUSG00000108610.1	0
ENSMUSG00000108611.1	0
ENSMUSG00000108612.2	0
ENSMUSG00000108613.1	0
ENSMUSG00000108614.1	0
ENSMUSG00000108615.1	2.63163600192453
ENSMUSG00000108616.1	119.667838711547
ENSMUSG00000108617.1	39.7495140928292
ENSMUSG00000108618.1	0
ENSMUSG00000108619.1	0
ENSMUSG00000108620.1	0
ENSMUSG00000108621.1	14.8464770661256
ENSMUSG00000108622.2	0
ENSMUSG00000108623.1	0
ENSMUSG00000108624.1	90.3905916800791
ENSMUSG00000108625.1	0
ENSMUSG00000108626.1	0
ENSMUSG00000108627.1	0
ENSMUSG00000108628.1	0
ENSMUSG00000108629.1	0
ENSMUSG00000108630.1	0
ENSMUSG00000108633.1	0
ENSMUSG00000108634.1	56.3573233243872
ENSMUSG00000108635.1	0
ENSMUSG00000108636.1	0
ENSMUSG00000108637.1	0
ENSMUSG00000108638.1	0
ENSMUSG00000108639.1	0
ENSMUSG00000108640.1	0
ENSMUSG00000108641.1	0
ENSMUSG00000108642.1	0
ENSMUSG00000108643.1	0
ENSMUSG00000108644.1	0
ENSMUSG00000108645.1	0
ENSMUSG00000108646.1	0
ENSMUSG00000108647.1	0
ENSMUSG00000108648.1	0
ENSMUSG00000108649.1	0
ENSMUSG00000108650.1	0
ENSMUSG00000108651.1	0
ENSMUSG00000108652.1	0
ENSMUSG00000108654.1	0
ENSMUSG00000108655.1	0
ENSMUSG00000108657.1	0
ENSMUSG00000108659.1	0
ENSMUSG00000108660.1	0
ENSMUSG00000108661.1	0
ENSMUSG00000108662.3	0
ENSMUSG00000108663.1	0
ENSMUSG00000108665.1	0
ENSMUSG00000108666.1	0
ENSMUSG00000108667.1	0
ENSMUSG00000108668.1	0
ENSMUSG00000108669.1	0
ENSMUSG00000108670.1	44.3936418847828
ENSMUSG00000108671.1	0
ENSMUSG00000108672.1	0
ENSMUSG00000108673.1	0
ENSMUSG00000108674.2	0
ENSMUSG00000108675.1	0
ENSMUSG00000108676.1	0
ENSMUSG00000108677.1	0
ENSMUSG00000108678.1	0
ENSMUSG00000108679.1	0
ENSMUSG00000108681.1	0
ENSMUSG00000108682.1	0
ENSMUSG00000108683.1	0
ENSMUSG00000108685.1	0
ENSMUSG00000108686.1	0
ENSMUSG00000108687.1	0
ENSMUSG00000108688.1	0
ENSMUSG00000108689.1	0
ENSMUSG00000108691.1	0
ENSMUSG00000108692.1	0
ENSMUSG00000108693.1	0
ENSMUSG00000108694.1	0
ENSMUSG00000108695.1	0
ENSMUSG00000108696.1	0
ENSMUSG00000108697.1	0
ENSMUSG00000108698.2	0
ENSMUSG00000108699.1	0
ENSMUSG00000108700.1	0
ENSMUSG00000108701.1	35.7249050517912
ENSMUSG00000108702.1	0
ENSMUSG00000108703.1	0
ENSMUSG00000108704.1	0
ENSMUSG00000108705.1	0
ENSMUSG00000108707.1	0
ENSMUSG00000108708.1	0
ENSMUSG00000108709.1	0
ENSMUSG00000108711.1	0
ENSMUSG00000108712.1	0
ENSMUSG00000108713.1	0
ENSMUSG00000108714.1	0
ENSMUSG00000108716.1	0
ENSMUSG00000108717.1	0
ENSMUSG00000108718.1	0
ENSMUSG00000108719.1	0
ENSMUSG00000108720.1	0
ENSMUSG00000108721.1	0
ENSMUSG00000108722.1	0
ENSMUSG00000108723.1	0
ENSMUSG00000108724.1	0
ENSMUSG00000108725.1	0
ENSMUSG00000108726.1	0
ENSMUSG00000108727.1	0
ENSMUSG00000108728.4	0
ENSMUSG00000108729.1	0
ENSMUSG00000108730.1	0
ENSMUSG00000108731.1	0
ENSMUSG00000108732.1	0
ENSMUSG00000108734.1	0
ENSMUSG00000108735.1	0
ENSMUSG00000108736.1	2.68210513488994
ENSMUSG00000108737.1	0
ENSMUSG00000108738.1	0
ENSMUSG00000108739.1	0
ENSMUSG00000108740.1	0
ENSMUSG00000108741.1	0
ENSMUSG00000108742.1	0
ENSMUSG00000108743.1	0
ENSMUSG00000108744.1	0
ENSMUSG00000108745.1	0
ENSMUSG00000108746.1	0
ENSMUSG00000108748.1	0
ENSMUSG00000108749.1	0
ENSMUSG00000108750.1	0
ENSMUSG00000108751.1	0
ENSMUSG00000108752.1	0
ENSMUSG00000108753.1	0
ENSMUSG00000108754.1	0
ENSMUSG00000108756.1	0
ENSMUSG00000108757.1	0
ENSMUSG00000108758.1	0
ENSMUSG00000108759.1	0
ENSMUSG00000108760.1	0
ENSMUSG00000108761.1	78.4668298577058
ENSMUSG00000108763.1	0
ENSMUSG00000108764.1	0
ENSMUSG00000108765.1	0
ENSMUSG00000108766.1	0
ENSMUSG00000108767.1	0
ENSMUSG00000108768.1	0
ENSMUSG00000108770.1	0
ENSMUSG00000108771.1	0
ENSMUSG00000108772.1	26.4363685636188
ENSMUSG00000108773.1	0
ENSMUSG00000108774.1	0
ENSMUSG00000108775.1	0
ENSMUSG00000108776.1	161.877449935071
ENSMUSG00000108777.1	0
ENSMUSG00000108778.1	0
ENSMUSG00000108779.1	0
ENSMUSG00000108780.1	0
ENSMUSG00000108781.1	0
ENSMUSG00000108782.1	0
ENSMUSG00000108783.1	0
ENSMUSG00000108784.1	0
ENSMUSG00000108785.1	0
ENSMUSG00000108786.1	0
ENSMUSG00000108787.1	0
ENSMUSG00000108788.1	0
ENSMUSG00000108790.1	0
ENSMUSG00000108791.1	0
ENSMUSG00000108792.1	0
ENSMUSG00000108793.1	0
ENSMUSG00000108794.1	0
ENSMUSG00000108795.1	0
ENSMUSG00000108796.1	0
ENSMUSG00000108797.1	0
ENSMUSG00000108798.1	0
ENSMUSG00000108799.1	0
ENSMUSG00000108800.1	0
ENSMUSG00000108801.1	0
ENSMUSG00000108802.1	0
ENSMUSG00000108803.1	0
ENSMUSG00000108804.1	0
ENSMUSG00000108805.1	0
ENSMUSG00000108806.1	19.057544116029
ENSMUSG00000108807.1	0
ENSMUSG00000108808.1	0
ENSMUSG00000108809.1	0
ENSMUSG00000108810.1	0
ENSMUSG00000108811.1	0
ENSMUSG00000108812.1	0
ENSMUSG00000108813.1	0
ENSMUSG00000108814.1	0
ENSMUSG00000108815.1	15.1148030624791
ENSMUSG00000108816.1	0
ENSMUSG00000108818.1	0
ENSMUSG00000108819.1	0
ENSMUSG00000108820.1	0
ENSMUSG00000108821.1	0
ENSMUSG00000108822.1	0
ENSMUSG00000108823.1	3.0421931911806
ENSMUSG00000108825.1	0
ENSMUSG00000108826.1	0
ENSMUSG00000108827.3	0
ENSMUSG00000108828.1	0
ENSMUSG00000108829.1	0
ENSMUSG00000108830.1	0
ENSMUSG00000108831.1	0
ENSMUSG00000108832.1	0
ENSMUSG00000108833.1	0
ENSMUSG00000108834.1	0
ENSMUSG00000108835.1	0
ENSMUSG00000108836.1	0
ENSMUSG00000108837.1	0
ENSMUSG00000108838.1	0
ENSMUSG00000108839.1	0
ENSMUSG00000108840.1	0
ENSMUSG00000108841.1	11.7042507449795
ENSMUSG00000108842.1	0
ENSMUSG00000108843.1	0
ENSMUSG00000108844.1	0
ENSMUSG00000108845.1	0
ENSMUSG00000108846.1	0
ENSMUSG00000108847.1	1.06609410927625
ENSMUSG00000108848.1	0
ENSMUSG00000108849.1	0
ENSMUSG00000108850.1	0
ENSMUSG00000108851.1	0
ENSMUSG00000108852.1	17.6121668256793
ENSMUSG00000108853.1	0
ENSMUSG00000108854.1	7.83719778508524
ENSMUSG00000108855.1	0
ENSMUSG00000108856.1	0
ENSMUSG00000108857.1	0
ENSMUSG00000108858.1	0
ENSMUSG00000108859.1	0
ENSMUSG00000108860.1	0
ENSMUSG00000108861.1	0
ENSMUSG00000108862.1	0
ENSMUSG00000108863.2	0
ENSMUSG00000108864.1	0
ENSMUSG00000108865.1	0
ENSMUSG00000108866.1	162.329768225074
ENSMUSG00000108867.1	0
ENSMUSG00000108868.1	0
ENSMUSG00000108869.1	0
ENSMUSG00000108870.1	0
ENSMUSG00000108871.1	32.3910708102526
ENSMUSG00000108873.1	0
ENSMUSG00000108874.1	0
ENSMUSG00000108875.1	0
ENSMUSG00000108876.1	0
ENSMUSG00000108877.1	0
ENSMUSG00000108878.1	0
ENSMUSG00000108879.1	0
ENSMUSG00000108880.1	0
ENSMUSG00000108881.1	0
ENSMUSG00000108882.1	0
ENSMUSG00000108883.1	175.157573607338
ENSMUSG00000108884.1	0
ENSMUSG00000108885.1	0
ENSMUSG00000108886.1	0
ENSMUSG00000108887.1	0
ENSMUSG00000108888.1	0
ENSMUSG00000108889.2	0
ENSMUSG00000108890.1	0
ENSMUSG00000108891.4	0
ENSMUSG00000108892.1	18.7341920952982
ENSMUSG00000108893.1	0
ENSMUSG00000108894.1	0
ENSMUSG00000108895.1	0
ENSMUSG00000108896.1	0
ENSMUSG00000108897.1	0
ENSMUSG00000108899.1	0
ENSMUSG00000108900.1	3.76480380739291
ENSMUSG00000108902.1	0
ENSMUSG00000108903.1	0
ENSMUSG00000108904.1	0
ENSMUSG00000108905.1	15.7000202814658
ENSMUSG00000108906.1	0
ENSMUSG00000108907.1	0
ENSMUSG00000108908.4	0
ENSMUSG00000108909.1	0
ENSMUSG00000108910.1	0
ENSMUSG00000108911.1	170.021083061811
ENSMUSG00000108912.1	0
ENSMUSG00000108913.1	0
ENSMUSG00000108914.1	0
ENSMUSG00000108915.1	0
ENSMUSG00000108916.1	0
ENSMUSG00000108917.1	0
ENSMUSG00000108918.1	0
ENSMUSG00000108919.3	0
ENSMUSG00000108920.1	0
ENSMUSG00000108921.1	0
ENSMUSG00000108922.1	0
ENSMUSG00000108923.1	0
ENSMUSG00000108924.1	0
ENSMUSG00000108925.1	0
ENSMUSG00000108926.1	0
ENSMUSG00000108928.1	0
ENSMUSG00000108929.2	0
ENSMUSG00000108930.1	0
ENSMUSG00000108931.2	0
ENSMUSG00000108932.1	0
ENSMUSG00000108933.1	0
ENSMUSG00000108934.1	0
ENSMUSG00000108935.1	0
ENSMUSG00000108936.1	0
ENSMUSG00000108937.1	0
ENSMUSG00000108938.1	0
ENSMUSG00000108939.2	0
ENSMUSG00000108940.1	0
ENSMUSG00000108941.1	0
ENSMUSG00000108942.1	0
ENSMUSG00000108943.1	0
ENSMUSG00000108944.1	0
ENSMUSG00000108945.1	0
ENSMUSG00000108946.1	0
ENSMUSG00000108947.1	0
ENSMUSG00000108948.3	0
ENSMUSG00000108949.1	0
ENSMUSG00000108950.1	0
ENSMUSG00000108952.1	0
ENSMUSG00000108953.1	0
ENSMUSG00000108954.1	0
ENSMUSG00000108955.1	22.7295870927644
ENSMUSG00000108956.1	0
ENSMUSG00000108957.1	0
ENSMUSG00000108958.1	0
ENSMUSG00000108959.1	0
ENSMUSG00000108960.1	0
ENSMUSG00000108961.1	0
ENSMUSG00000108962.1	0
ENSMUSG00000108963.1	0
ENSMUSG00000108964.1	0
ENSMUSG00000108965.1	0
ENSMUSG00000108966.1	0
ENSMUSG00000108967.1	0
ENSMUSG00000108968.1	0
ENSMUSG00000108969.1	0
ENSMUSG00000108971.1	0
ENSMUSG00000108972.1	0
ENSMUSG00000108973.1	0
ENSMUSG00000108974.1	0
ENSMUSG00000108975.1	26.276221920919
ENSMUSG00000108976.1	0
ENSMUSG00000108977.1	0
ENSMUSG00000108978.1	0
ENSMUSG00000108979.1	0
ENSMUSG00000108980.1	0
ENSMUSG00000108981.1	0
ENSMUSG00000108982.1	0
ENSMUSG00000108983.1	0
ENSMUSG00000108984.1	0
ENSMUSG00000108985.1	0
ENSMUSG00000108986.1	0
ENSMUSG00000108987.1	0
ENSMUSG00000108988.1	0
ENSMUSG00000108989.1	0
ENSMUSG00000108990.1	0
ENSMUSG00000108991.1	0
ENSMUSG00000108992.1	0
ENSMUSG00000108993.1	0
ENSMUSG00000108994.1	0
ENSMUSG00000108995.1	0
ENSMUSG00000108997.1	0
ENSMUSG00000108998.2	0
ENSMUSG00000109000.1	0
ENSMUSG00000109001.1	0
ENSMUSG00000109002.1	0
ENSMUSG00000109003.1	0
ENSMUSG00000109004.1	0
ENSMUSG00000109005.1	0
ENSMUSG00000109006.2	142.907423103418
ENSMUSG00000109007.1	0
ENSMUSG00000109008.2	0
ENSMUSG00000109009.1	0
ENSMUSG00000109010.1	0
ENSMUSG00000109011.1	0
ENSMUSG00000109012.1	0
ENSMUSG00000109013.1	0
ENSMUSG00000109014.1	0
ENSMUSG00000109015.1	0
ENSMUSG00000109016.1	0
ENSMUSG00000109017.1	0
ENSMUSG00000109018.1	0
ENSMUSG00000109019.1	0
ENSMUSG00000109020.4	0
ENSMUSG00000109021.1	0
ENSMUSG00000109022.2	0
ENSMUSG00000109023.1	0
ENSMUSG00000109024.1	0
ENSMUSG00000109025.1	0
ENSMUSG00000109026.1	0
ENSMUSG00000109027.1	0
ENSMUSG00000109028.1	3.69258019967369
ENSMUSG00000109029.1	0
ENSMUSG00000109030.1	0
ENSMUSG00000109031.1	0
ENSMUSG00000109032.1	0
ENSMUSG00000109033.2	0
ENSMUSG00000109034.1	0
ENSMUSG00000109035.1	0
ENSMUSG00000109036.1	0
ENSMUSG00000109037.1	0
ENSMUSG00000109038.1	0
ENSMUSG00000109039.1	0
ENSMUSG00000109040.1	0
ENSMUSG00000109041.1	0
ENSMUSG00000109042.1	0
ENSMUSG00000109043.1	0
ENSMUSG00000109044.1	0
ENSMUSG00000109045.1	0
ENSMUSG00000109046.1	0
ENSMUSG00000109047.1	0
ENSMUSG00000109049.1	0
ENSMUSG00000109050.1	0
ENSMUSG00000109051.1	0
ENSMUSG00000109052.1	0
ENSMUSG00000109053.1	0
ENSMUSG00000109054.1	0
ENSMUSG00000109055.1	0
ENSMUSG00000109056.1	0
ENSMUSG00000109057.1	2.39321070401308
ENSMUSG00000109058.3	0
ENSMUSG00000109059.1	0
ENSMUSG00000109060.1	0
ENSMUSG00000109061.1	0
ENSMUSG00000109062.1	0
ENSMUSG00000109063.1	0
ENSMUSG00000109064.1	0
ENSMUSG00000109065.1	0
ENSMUSG00000109066.1	0
ENSMUSG00000109067.1	0
ENSMUSG00000109068.1	0
ENSMUSG00000109069.1	0
ENSMUSG00000109070.2	0
ENSMUSG00000109071.1	0
ENSMUSG00000109072.1	0
ENSMUSG00000109073.1	0
ENSMUSG00000109074.1	0
ENSMUSG00000109076.1	0
ENSMUSG00000109077.1	0
ENSMUSG00000109078.1	0
ENSMUSG00000109079.1	0
ENSMUSG00000109080.1	52.3417968545879
ENSMUSG00000109081.1	0
ENSMUSG00000109082.1	0
ENSMUSG00000109083.2	0
ENSMUSG00000109084.1	0
ENSMUSG00000109085.1	0
ENSMUSG00000109086.1	0
ENSMUSG00000109087.1	0
ENSMUSG00000109088.1	77.78516884103
ENSMUSG00000109089.1	0
ENSMUSG00000109090.1	0
ENSMUSG00000109091.1	0
ENSMUSG00000109092.1	0
ENSMUSG00000109093.1	0
ENSMUSG00000109094.1	0
ENSMUSG00000109095.1	0
ENSMUSG00000109096.1	0
ENSMUSG00000109097.1	8.11772751117872
ENSMUSG00000109098.1	0
ENSMUSG00000109099.1	0
ENSMUSG00000109100.1	0
ENSMUSG00000109101.1	0
ENSMUSG00000109102.1	0
ENSMUSG00000109103.1	0
ENSMUSG00000109104.1	0
ENSMUSG00000109105.1	0
ENSMUSG00000109106.1	0
ENSMUSG00000109107.1	0
ENSMUSG00000109108.1	40.5710030103615
ENSMUSG00000109109.1	0
ENSMUSG00000109110.1	0
ENSMUSG00000109111.1	0
ENSMUSG00000109112.1	0
ENSMUSG00000109113.1	0
ENSMUSG00000109114.1	0
ENSMUSG00000109115.1	0
ENSMUSG00000109116.1	0
ENSMUSG00000109117.1	0
ENSMUSG00000109118.1	292.592785219762
ENSMUSG00000109119.1	0
ENSMUSG00000109121.1	19.1519903722772
ENSMUSG00000109122.1	0
ENSMUSG00000109123.1	36.1577473127462
ENSMUSG00000109124.1	0
ENSMUSG00000109125.1	0
ENSMUSG00000109126.1	0
ENSMUSG00000109127.1	0
ENSMUSG00000109128.1	22.3125378938257
ENSMUSG00000109129.1	0
ENSMUSG00000109130.1	12.6245243290768
ENSMUSG00000109131.1	0
ENSMUSG00000109132.1	0
ENSMUSG00000109133.1	0
ENSMUSG00000109134.1	0
ENSMUSG00000109135.1	0
ENSMUSG00000109136.1	0
ENSMUSG00000109137.1	0
ENSMUSG00000109138.1	0
ENSMUSG00000109139.1	0
ENSMUSG00000109140.1	0
ENSMUSG00000109141.1	0
ENSMUSG00000109142.1	0
ENSMUSG00000109143.1	0
ENSMUSG00000109145.1	0
ENSMUSG00000109147.1	22.5810199481043
ENSMUSG00000109148.1	0
ENSMUSG00000109149.1	0
ENSMUSG00000109150.1	0
ENSMUSG00000109151.1	0
ENSMUSG00000109152.1	0
ENSMUSG00000109153.1	0
ENSMUSG00000109154.1	0
ENSMUSG00000109155.1	0
ENSMUSG00000109156.1	0
ENSMUSG00000109157.1	0
ENSMUSG00000109158.1	0
ENSMUSG00000109159.1	0
ENSMUSG00000109160.1	0
ENSMUSG00000109161.1	0
ENSMUSG00000109162.1	0
ENSMUSG00000109163.1	0
ENSMUSG00000109164.1	0
ENSMUSG00000109165.1	0
ENSMUSG00000109166.1	0
ENSMUSG00000109167.1	0
ENSMUSG00000109168.1	0
ENSMUSG00000109169.1	0
ENSMUSG00000109170.1	0
ENSMUSG00000109171.1	388.111627586926
ENSMUSG00000109172.1	0
ENSMUSG00000109173.1	0
ENSMUSG00000109174.1	0
ENSMUSG00000109175.1	0
ENSMUSG00000109176.1	66.6617656931355
ENSMUSG00000109177.1	0
ENSMUSG00000109178.1	0
ENSMUSG00000109179.2	0
ENSMUSG00000109180.1	0
ENSMUSG00000109181.1	0
ENSMUSG00000109182.1	0
ENSMUSG00000109183.1	0
ENSMUSG00000109184.1	0
ENSMUSG00000109185.1	0
ENSMUSG00000109186.1	0
ENSMUSG00000109188.1	0
ENSMUSG00000109189.1	0
ENSMUSG00000109190.1	0
ENSMUSG00000109191.1	0
ENSMUSG00000109192.2	0
ENSMUSG00000109193.1	0
ENSMUSG00000109194.1	0
ENSMUSG00000109195.1	0
ENSMUSG00000109196.1	0
ENSMUSG00000109197.1	0
ENSMUSG00000109198.1	0.436337958476504
ENSMUSG00000109199.1	0
ENSMUSG00000109200.1	0
ENSMUSG00000109201.1	0
ENSMUSG00000109202.1	0
ENSMUSG00000109203.1	0
ENSMUSG00000109204.1	0
ENSMUSG00000109205.1	0
ENSMUSG00000109206.1	9.33660232909177
ENSMUSG00000109207.1	0
ENSMUSG00000109209.1	70.9092566627486
ENSMUSG00000109210.1	0
ENSMUSG00000109211.1	0
ENSMUSG00000109212.3	0
ENSMUSG00000109213.2	0
ENSMUSG00000109214.1	0
ENSMUSG00000109215.1	0
ENSMUSG00000109216.1	24.310797201089
ENSMUSG00000109217.1	0
ENSMUSG00000109218.1	0
ENSMUSG00000109219.2	0
ENSMUSG00000109220.1	0
ENSMUSG00000109221.1	0
ENSMUSG00000109222.1	0
ENSMUSG00000109223.1	0
ENSMUSG00000109224.1	1307.80002567679
ENSMUSG00000109225.1	0
ENSMUSG00000109226.1	0
ENSMUSG00000109227.1	0
ENSMUSG00000109228.2	0
ENSMUSG00000109229.1	0
ENSMUSG00000109230.1	0
ENSMUSG00000109231.1	0
ENSMUSG00000109232.1	0
ENSMUSG00000109233.1	0
ENSMUSG00000109234.1	0
ENSMUSG00000109235.1	0
ENSMUSG00000109236.1	0
ENSMUSG00000109237.1	0
ENSMUSG00000109238.2	0
ENSMUSG00000109239.1	0
ENSMUSG00000109240.1	0
ENSMUSG00000109241.1	16.3364244998733
ENSMUSG00000109242.1	0
ENSMUSG00000109243.1	0
ENSMUSG00000109244.1	0
ENSMUSG00000109245.1	0
ENSMUSG00000109246.2	0
ENSMUSG00000109247.1	0
ENSMUSG00000109248.1	0
ENSMUSG00000109249.1	0
ENSMUSG00000109250.1	0
ENSMUSG00000109251.1	0
ENSMUSG00000109252.1	0
ENSMUSG00000109253.1	0
ENSMUSG00000109254.1	0
ENSMUSG00000109255.1	0
ENSMUSG00000109256.1	0
ENSMUSG00000109257.1	0
ENSMUSG00000109258.1	0
ENSMUSG00000109259.1	0
ENSMUSG00000109260.1	0
ENSMUSG00000109261.1	0
ENSMUSG00000109262.1	0
ENSMUSG00000109263.1	0
ENSMUSG00000109264.1	0
ENSMUSG00000109266.1	4.51229005686028
ENSMUSG00000109267.1	0
ENSMUSG00000109268.1	0
ENSMUSG00000109269.1	0
ENSMUSG00000109270.1	0
ENSMUSG00000109271.1	0
ENSMUSG00000109272.1	0
ENSMUSG00000109273.1	0
ENSMUSG00000109274.1	6.04000350847325
ENSMUSG00000109275.1	0
ENSMUSG00000109276.1	0
ENSMUSG00000109277.1	0
ENSMUSG00000109278.1	0
ENSMUSG00000109279.1	14.7520932330474
ENSMUSG00000109280.1	0
ENSMUSG00000109281.1	0
ENSMUSG00000109282.1	0
ENSMUSG00000109283.1	0
ENSMUSG00000109284.1	0
ENSMUSG00000109285.1	0
ENSMUSG00000109286.1	0
ENSMUSG00000109287.1	0
ENSMUSG00000109289.1	0
ENSMUSG00000109290.1	0
ENSMUSG00000109291.1	0
ENSMUSG00000109292.1	0
ENSMUSG00000109293.1	15.5337561681036
ENSMUSG00000109294.1	0
ENSMUSG00000109295.1	0
ENSMUSG00000109297.1	0
ENSMUSG00000109298.1	0
ENSMUSG00000109299.1	0
ENSMUSG00000109300.1	0
ENSMUSG00000109301.1	0
ENSMUSG00000109302.1	0
ENSMUSG00000109303.1	0
ENSMUSG00000109304.1	5.44951153161939
ENSMUSG00000109305.1	0
ENSMUSG00000109306.1	0
ENSMUSG00000109307.1	0
ENSMUSG00000109308.1	0
ENSMUSG00000109309.1	0
ENSMUSG00000109310.1	0
ENSMUSG00000109311.1	0
ENSMUSG00000109312.1	0
ENSMUSG00000109313.1	0
ENSMUSG00000109314.1	0
ENSMUSG00000109315.1	0
ENSMUSG00000109316.1	0
ENSMUSG00000109317.1	0
ENSMUSG00000109318.1	0
ENSMUSG00000109319.1	0
ENSMUSG00000109320.1	0
ENSMUSG00000109321.1	29.2777464168282
ENSMUSG00000109322.2	0
ENSMUSG00000109323.1	0
ENSMUSG00000109324.2	9463.66756314399
ENSMUSG00000109325.1	0
ENSMUSG00000109326.1	0.832007221681557
ENSMUSG00000109327.1	0
ENSMUSG00000109328.2	0
ENSMUSG00000109329.1	0
ENSMUSG00000109330.1	0
ENSMUSG00000109331.1	0
ENSMUSG00000109332.1	0
ENSMUSG00000109333.1	0
ENSMUSG00000109334.1	0
ENSMUSG00000109335.1	0
ENSMUSG00000109336.1	479.638164903539
ENSMUSG00000109337.1	0
ENSMUSG00000109338.2	0
ENSMUSG00000109339.1	0
ENSMUSG00000109340.1	0
ENSMUSG00000109341.1	0
ENSMUSG00000109342.1	0
ENSMUSG00000109343.1	0
ENSMUSG00000109344.1	0
ENSMUSG00000109345.1	0
ENSMUSG00000109346.1	0
ENSMUSG00000109347.1	0
ENSMUSG00000109348.1	0
ENSMUSG00000109350.1	0
ENSMUSG00000109351.1	0
ENSMUSG00000109352.1	0
ENSMUSG00000109353.1	0
ENSMUSG00000109354.2	0
ENSMUSG00000109355.1	0
ENSMUSG00000109356.1	0
ENSMUSG00000109357.1	0
ENSMUSG00000109358.1	0
ENSMUSG00000109359.1	0
ENSMUSG00000109360.1	0
ENSMUSG00000109361.1	0
ENSMUSG00000109362.1	0
ENSMUSG00000109363.1	0
ENSMUSG00000109364.1	0
ENSMUSG00000109365.2	0
ENSMUSG00000109366.1	0
ENSMUSG00000109367.1	0
ENSMUSG00000109368.1	0
ENSMUSG00000109369.2	0
ENSMUSG00000109370.1	0
ENSMUSG00000109371.1	0
ENSMUSG00000109372.1	252.881505318574
ENSMUSG00000109373.1	0
ENSMUSG00000109374.1	0
ENSMUSG00000109375.1	0
ENSMUSG00000109376.1	0
ENSMUSG00000109377.1	0
ENSMUSG00000109378.1	0
ENSMUSG00000109379.1	0
ENSMUSG00000109380.1	0
ENSMUSG00000109381.1	0
ENSMUSG00000109382.1	0
ENSMUSG00000109383.1	0
ENSMUSG00000109384.1	0
ENSMUSG00000109385.1	0
ENSMUSG00000109387.1	0
ENSMUSG00000109388.1	0
ENSMUSG00000109389.1	0
ENSMUSG00000109390.1	2.61880804048434
ENSMUSG00000109391.1	0
ENSMUSG00000109392.1	0
ENSMUSG00000109393.1	0
ENSMUSG00000109394.2	47.5988219728993
ENSMUSG00000109395.1	0
ENSMUSG00000109396.1	0
ENSMUSG00000109397.1	0
ENSMUSG00000109398.2	139.313814839819
ENSMUSG00000109399.1	0
ENSMUSG00000109400.1	0
ENSMUSG00000109401.1	41.7933735257959
ENSMUSG00000109402.1	0
ENSMUSG00000109403.2	0
ENSMUSG00000109404.1	0
ENSMUSG00000109405.1	0
ENSMUSG00000109406.2	0
ENSMUSG00000109407.1	0
ENSMUSG00000109408.1	24.627313884702
ENSMUSG00000109409.1	0
ENSMUSG00000109410.1	0
ENSMUSG00000109411.1	0
ENSMUSG00000109412.1	0
ENSMUSG00000109413.1	0
ENSMUSG00000109414.1	0
ENSMUSG00000109415.1	0
ENSMUSG00000109416.1	0
ENSMUSG00000109417.1	0
ENSMUSG00000109418.1	0
ENSMUSG00000109419.1	1.65889574342104
ENSMUSG00000109420.1	0
ENSMUSG00000109421.1	0
ENSMUSG00000109422.1	0
ENSMUSG00000109423.1	0
ENSMUSG00000109424.1	0
ENSMUSG00000109425.1	0
ENSMUSG00000109426.2	0
ENSMUSG00000109427.1	0
ENSMUSG00000109428.1	0
ENSMUSG00000109429.1	0
ENSMUSG00000109430.1	0
ENSMUSG00000109431.1	0
ENSMUSG00000109432.1	0
ENSMUSG00000109433.1	0
ENSMUSG00000109434.1	0
ENSMUSG00000109435.1	0
ENSMUSG00000109436.1	0
ENSMUSG00000109437.1	0
ENSMUSG00000109438.1	0
ENSMUSG00000109439.1	0
ENSMUSG00000109440.1	0
ENSMUSG00000109441.1	0
ENSMUSG00000109442.1	0
ENSMUSG00000109443.1	0
ENSMUSG00000109444.1	0
ENSMUSG00000109445.1	0
ENSMUSG00000109446.1	0
ENSMUSG00000109447.1	0
ENSMUSG00000109448.1	0
ENSMUSG00000109449.3	0
ENSMUSG00000109450.1	101.230936963494
ENSMUSG00000109451.1	0
ENSMUSG00000109452.1	0
ENSMUSG00000109453.1	0
ENSMUSG00000109454.1	0
ENSMUSG00000109455.1	0
ENSMUSG00000109456.1	0
ENSMUSG00000109457.1	0
ENSMUSG00000109458.1	0
ENSMUSG00000109459.1	0
ENSMUSG00000109460.1	0
ENSMUSG00000109461.1	0
ENSMUSG00000109462.1	0
ENSMUSG00000109463.1	0
ENSMUSG00000109464.1	0
ENSMUSG00000109465.1	0
ENSMUSG00000109466.1	0
ENSMUSG00000109467.1	0
ENSMUSG00000109468.1	0
ENSMUSG00000109469.1	0
ENSMUSG00000109471.1	0
ENSMUSG00000109472.1	1.47743158815764
ENSMUSG00000109473.1	11.3524337587172
ENSMUSG00000109475.1	0
ENSMUSG00000109476.1	0
ENSMUSG00000109477.1	0
ENSMUSG00000109478.1	0
ENSMUSG00000109479.1	0
ENSMUSG00000109480.1	0
ENSMUSG00000109481.1	0
ENSMUSG00000109482.2	0
ENSMUSG00000109484.1	0
ENSMUSG00000109485.1	0
ENSMUSG00000109487.3	0
ENSMUSG00000109488.1	0
ENSMUSG00000109489.1	0
ENSMUSG00000109490.1	0
ENSMUSG00000109491.1	0
ENSMUSG00000109492.1	0
ENSMUSG00000109493.1	0
ENSMUSG00000109494.1	0
ENSMUSG00000109495.1	0
ENSMUSG00000109496.1	0
ENSMUSG00000109497.1	0
ENSMUSG00000109498.1	0
ENSMUSG00000109499.1	0
ENSMUSG00000109500.1	0
ENSMUSG00000109501.1	0
ENSMUSG00000109502.1	0
ENSMUSG00000109503.1	0
ENSMUSG00000109504.1	0
ENSMUSG00000109505.1	0
ENSMUSG00000109506.1	0
ENSMUSG00000109507.1	0
ENSMUSG00000109508.1	2.89587328064142
ENSMUSG00000109509.1	20.4203355524353
ENSMUSG00000109510.1	0
ENSMUSG00000109511.1	889.143305263594
ENSMUSG00000109512.1	0
ENSMUSG00000109513.1	0
ENSMUSG00000109514.1	0
ENSMUSG00000109515.1	0
ENSMUSG00000109516.1	0
ENSMUSG00000109517.1	48.0472388147757
ENSMUSG00000109518.1	0
ENSMUSG00000109519.1	0
ENSMUSG00000109520.2	0
ENSMUSG00000109521.3	0
ENSMUSG00000109522.1	0
ENSMUSG00000109523.1	957.980674490035
ENSMUSG00000109524.1	0
ENSMUSG00000109525.1	0
ENSMUSG00000109526.1	0
ENSMUSG00000109527.1	0
ENSMUSG00000109528.2	0
ENSMUSG00000109529.1	0
ENSMUSG00000109530.1	0
ENSMUSG00000109532.1	0
ENSMUSG00000109533.1	0
ENSMUSG00000109534.1	0
ENSMUSG00000109535.1	0
ENSMUSG00000109536.1	3.54382578550352
ENSMUSG00000109537.1	0
ENSMUSG00000109538.1	0
ENSMUSG00000109539.1	0
ENSMUSG00000109540.1	0
ENSMUSG00000109541.1	0
ENSMUSG00000109542.2	0
ENSMUSG00000109543.1	0
ENSMUSG00000109544.2	0
ENSMUSG00000109545.1	112.210423492895
ENSMUSG00000109546.1	0
ENSMUSG00000109547.2	0
ENSMUSG00000109548.1	0
ENSMUSG00000109549.1	0
ENSMUSG00000109550.1	0
ENSMUSG00000109551.1	0
ENSMUSG00000109552.1	0
ENSMUSG00000109553.1	0
ENSMUSG00000109555.1	28.1731996348164
ENSMUSG00000109556.1	191.195209603886
ENSMUSG00000109557.1	0
ENSMUSG00000109558.1	0
ENSMUSG00000109559.1	0
ENSMUSG00000109560.1	0
ENSMUSG00000109561.1	0
ENSMUSG00000109562.1	0
ENSMUSG00000109564.1	0
ENSMUSG00000109565.1	0
ENSMUSG00000109566.1	0
ENSMUSG00000109567.1	0
ENSMUSG00000109568.1	0
ENSMUSG00000109569.1	0
ENSMUSG00000109570.1	0
ENSMUSG00000109571.1	0
ENSMUSG00000109572.1	11.1904768440867
ENSMUSG00000109573.1	0
ENSMUSG00000109574.1	0
ENSMUSG00000109575.1	0
ENSMUSG00000109576.1	0
ENSMUSG00000109577.1	0
ENSMUSG00000109578.1	0
ENSMUSG00000109579.1	0
ENSMUSG00000109580.1	0
ENSMUSG00000109581.1	0
ENSMUSG00000109582.1	0
ENSMUSG00000109583.1	0
ENSMUSG00000109584.1	0
ENSMUSG00000109585.1	0
ENSMUSG00000109586.1	0
ENSMUSG00000109587.1	0
ENSMUSG00000109588.1	0
ENSMUSG00000109589.1	0
ENSMUSG00000109590.1	0
ENSMUSG00000109591.1	0
ENSMUSG00000109592.1	0
ENSMUSG00000109593.1	0
ENSMUSG00000109594.1	0
ENSMUSG00000109595.1	0
ENSMUSG00000109596.1	0
ENSMUSG00000109597.1	0
ENSMUSG00000109598.1	0
ENSMUSG00000109599.1	28.8795490152371
ENSMUSG00000109600.1	0
ENSMUSG00000109601.1	0
ENSMUSG00000109602.1	0
ENSMUSG00000109603.1	0
ENSMUSG00000109604.1	0
ENSMUSG00000109605.1	0
ENSMUSG00000109606.1	0
ENSMUSG00000109607.1	0
ENSMUSG00000109608.1	0
ENSMUSG00000109609.1	0
ENSMUSG00000109610.1	0
ENSMUSG00000109611.1	0
ENSMUSG00000109612.1	0
ENSMUSG00000109613.1	0
ENSMUSG00000109614.1	0
ENSMUSG00000109615.1	0
ENSMUSG00000109616.1	0
ENSMUSG00000109617.1	0
ENSMUSG00000109618.1	0
ENSMUSG00000109619.1	0
ENSMUSG00000109620.1	0
ENSMUSG00000109621.1	0
ENSMUSG00000109622.1	0
ENSMUSG00000109623.1	0
ENSMUSG00000109624.1	0
ENSMUSG00000109625.1	0
ENSMUSG00000109626.1	0
ENSMUSG00000109627.1	0
ENSMUSG00000109628.1	0
ENSMUSG00000109629.1	0
ENSMUSG00000109630.1	0
ENSMUSG00000109631.1	0
ENSMUSG00000109632.1	0
ENSMUSG00000109633.1	0
ENSMUSG00000109634.1	0
ENSMUSG00000109635.1	0
ENSMUSG00000109636.1	0
ENSMUSG00000109637.1	0
ENSMUSG00000109638.1	0
ENSMUSG00000109639.1	0
ENSMUSG00000109640.1	0
ENSMUSG00000109641.1	0
ENSMUSG00000109642.1	0
ENSMUSG00000109643.1	0
ENSMUSG00000109644.1	105.611358073676
ENSMUSG00000109645.1	653.479483547725
ENSMUSG00000109646.1	0
ENSMUSG00000109647.1	0
ENSMUSG00000109648.1	0
ENSMUSG00000109649.1	0
ENSMUSG00000109650.1	0
ENSMUSG00000109651.1	0
ENSMUSG00000109652.1	0
ENSMUSG00000109653.1	0
ENSMUSG00000109654.1	0
ENSMUSG00000109655.1	0
ENSMUSG00000109656.1	0
ENSMUSG00000109657.1	0
ENSMUSG00000109658.1	0
ENSMUSG00000109659.3	0
ENSMUSG00000109661.1	0
ENSMUSG00000109662.1	0
ENSMUSG00000109663.1	0
ENSMUSG00000109664.1	0
ENSMUSG00000109665.1	0
ENSMUSG00000109666.1	0
ENSMUSG00000109667.1	0
ENSMUSG00000109668.1	0
ENSMUSG00000109669.1	0
ENSMUSG00000109670.1	0
ENSMUSG00000109671.1	0
ENSMUSG00000109672.1	0
ENSMUSG00000109673.1	0
ENSMUSG00000109674.1	4.86791485649413
ENSMUSG00000109675.2	0
ENSMUSG00000109676.1	0
ENSMUSG00000109677.1	0
ENSMUSG00000109678.1	0
ENSMUSG00000109679.1	0
ENSMUSG00000109680.1	0
ENSMUSG00000109681.1	0
ENSMUSG00000109682.1	0
ENSMUSG00000109683.1	0
ENSMUSG00000109684.1	0
ENSMUSG00000109685.1	0
ENSMUSG00000109686.1	0
ENSMUSG00000109687.1	0
ENSMUSG00000109688.1	0
ENSMUSG00000109689.1	0
ENSMUSG00000109690.1	0
ENSMUSG00000109691.1	0
ENSMUSG00000109692.1	0
ENSMUSG00000109693.1	0
ENSMUSG00000109694.1	0
ENSMUSG00000109695.1	115.453931407408
ENSMUSG00000109696.1	0
ENSMUSG00000109697.1	0
ENSMUSG00000109698.1	0
ENSMUSG00000109699.1	0
ENSMUSG00000109700.1	0
ENSMUSG00000109701.1	0
ENSMUSG00000109702.1	0
ENSMUSG00000109703.1	0
ENSMUSG00000109704.1	0
ENSMUSG00000109705.1	0
ENSMUSG00000109706.1	0
ENSMUSG00000109707.1	0
ENSMUSG00000109708.1	0
ENSMUSG00000109709.1	0
ENSMUSG00000109710.1	0
ENSMUSG00000109711.1	0
ENSMUSG00000109712.1	0
ENSMUSG00000109713.1	0
ENSMUSG00000109714.1	229.105019241316
ENSMUSG00000109715.1	181.510629313488
ENSMUSG00000109716.1	0
ENSMUSG00000109717.1	0
ENSMUSG00000109718.1	0
ENSMUSG00000109719.1	0
ENSMUSG00000109720.1	0
ENSMUSG00000109721.1	0
ENSMUSG00000109722.1	0
ENSMUSG00000109723.1	0
ENSMUSG00000109724.1	0
ENSMUSG00000109725.1	0
ENSMUSG00000109726.1	0
ENSMUSG00000109727.1	0
ENSMUSG00000109728.1	0
ENSMUSG00000109729.1	0
ENSMUSG00000109730.1	0
ENSMUSG00000109731.1	0
ENSMUSG00000109732.1	0
ENSMUSG00000109733.1	1.07973357192677
ENSMUSG00000109734.1	0
ENSMUSG00000109735.1	0
ENSMUSG00000109736.1	0
ENSMUSG00000109737.1	0
ENSMUSG00000109738.1	0
ENSMUSG00000109739.1	0
ENSMUSG00000109740.1	0
ENSMUSG00000109741.1	0
ENSMUSG00000109742.1	0
ENSMUSG00000109743.1	0
ENSMUSG00000109744.1	0
ENSMUSG00000109745.1	0
ENSMUSG00000109746.1	0
ENSMUSG00000109747.1	0
ENSMUSG00000109748.1	0
ENSMUSG00000109749.1	0
ENSMUSG00000109750.1	0
ENSMUSG00000109751.1	0
ENSMUSG00000109752.1	0
ENSMUSG00000109753.1	0
ENSMUSG00000109754.1	0
ENSMUSG00000109755.1	0
ENSMUSG00000109756.1	0
ENSMUSG00000109757.1	0
ENSMUSG00000109758.1	0
ENSMUSG00000109759.1	0
ENSMUSG00000109760.1	0
ENSMUSG00000109761.1	0
ENSMUSG00000109762.1	0
ENSMUSG00000109763.1	0
ENSMUSG00000109764.1	5.63075720578771
ENSMUSG00000109765.2	4.74278761217851
ENSMUSG00000109766.1	0
ENSMUSG00000109767.1	0
ENSMUSG00000109768.1	0
ENSMUSG00000109769.1	0
ENSMUSG00000109770.1	83.5001036915968
ENSMUSG00000109771.1	0.498168108386515
ENSMUSG00000109772.1	0
ENSMUSG00000109773.1	0
ENSMUSG00000109774.1	0
ENSMUSG00000109775.1	0
ENSMUSG00000109776.1	0
ENSMUSG00000109777.1	0
ENSMUSG00000109778.1	0
ENSMUSG00000109779.1	0
ENSMUSG00000109780.1	35.1331646115368
ENSMUSG00000109781.1	0
ENSMUSG00000109783.1	0
ENSMUSG00000109784.1	0
ENSMUSG00000109785.1	0
ENSMUSG00000109786.1	0
ENSMUSG00000109787.1	0
ENSMUSG00000109788.1	0
ENSMUSG00000109789.1	0
ENSMUSG00000109790.1	0
ENSMUSG00000109791.1	0
ENSMUSG00000109792.1	0
ENSMUSG00000109793.1	0
ENSMUSG00000109794.1	0
ENSMUSG00000109795.1	0
ENSMUSG00000109796.1	0
ENSMUSG00000109797.1	0
ENSMUSG00000109798.1	0
ENSMUSG00000109799.1	0
ENSMUSG00000109800.1	0
ENSMUSG00000109801.2	0
ENSMUSG00000109802.1	0
ENSMUSG00000109803.1	0
ENSMUSG00000109805.1	0
ENSMUSG00000109806.1	0
ENSMUSG00000109807.1	0
ENSMUSG00000109808.1	0
ENSMUSG00000109809.1	0
ENSMUSG00000109810.1	5.18262126817643
ENSMUSG00000109811.1	0
ENSMUSG00000109812.1	0
ENSMUSG00000109813.2	0
ENSMUSG00000109814.1	120.019936602075
ENSMUSG00000109815.1	0
ENSMUSG00000109816.1	0
ENSMUSG00000109817.1	0
ENSMUSG00000109818.1	0
ENSMUSG00000109819.1	0
ENSMUSG00000109820.1	0
ENSMUSG00000109821.1	0
ENSMUSG00000109822.1	0
ENSMUSG00000109823.1	0
ENSMUSG00000109824.4	0
ENSMUSG00000109825.1	0
ENSMUSG00000109826.1	0
ENSMUSG00000109827.1	0
ENSMUSG00000109828.1	0
ENSMUSG00000109829.1	27.8340545520692
ENSMUSG00000109830.1	0
ENSMUSG00000109831.1	0
ENSMUSG00000109832.1	0
ENSMUSG00000109833.1	0
ENSMUSG00000109834.1	0
ENSMUSG00000109835.2	0
ENSMUSG00000109837.1	0
ENSMUSG00000109838.1	0
ENSMUSG00000109839.1	0
ENSMUSG00000109840.1	0
ENSMUSG00000109841.2	38.2112511254819
ENSMUSG00000109842.1	0
ENSMUSG00000109843.1	0
ENSMUSG00000109844.2	0
ENSMUSG00000109845.1	0
ENSMUSG00000109846.1	1.85949260029719
ENSMUSG00000109847.1	0
ENSMUSG00000109848.1	0
ENSMUSG00000109849.1	19.1058908612136
ENSMUSG00000109850.1	0
ENSMUSG00000109851.1	0
ENSMUSG00000109852.1	0
ENSMUSG00000109853.1	32.6701648034355
ENSMUSG00000109854.1	0
ENSMUSG00000109855.1	0
ENSMUSG00000109856.1	0
ENSMUSG00000109857.1	240.58645048089
ENSMUSG00000109858.1	0
ENSMUSG00000109859.1	0
ENSMUSG00000109860.1	0
ENSMUSG00000109861.1	0
ENSMUSG00000109863.1	0
ENSMUSG00000109864.1	0
ENSMUSG00000109865.1	918.833075814174
ENSMUSG00000109866.1	0
ENSMUSG00000109867.1	0
ENSMUSG00000109868.1	318.604676227209
ENSMUSG00000109869.1	0
ENSMUSG00000109870.1	0
ENSMUSG00000109871.1	0
ENSMUSG00000109872.1	0
ENSMUSG00000109873.1	0
ENSMUSG00000109874.1	0
ENSMUSG00000109875.1	0
ENSMUSG00000109876.1	0
ENSMUSG00000109877.1	0
ENSMUSG00000109878.1	0
ENSMUSG00000109879.1	0
ENSMUSG00000109880.1	0
ENSMUSG00000109881.1	0
ENSMUSG00000109882.1	0
ENSMUSG00000109883.1	0
ENSMUSG00000109884.3	0
ENSMUSG00000109885.1	0
ENSMUSG00000109886.1	0
ENSMUSG00000109887.1	411.200803350621
ENSMUSG00000109888.1	0
ENSMUSG00000109889.1	0
ENSMUSG00000109890.2	56.7687544380236
ENSMUSG00000109891.1	0
ENSMUSG00000109892.1	0
ENSMUSG00000109893.1	0
ENSMUSG00000109894.1	24.1811442769466
ENSMUSG00000109895.1	0
ENSMUSG00000109896.1	0
ENSMUSG00000109897.1	0
ENSMUSG00000109898.1	0
ENSMUSG00000109899.1	0
ENSMUSG00000109900.1	0
ENSMUSG00000109901.2	319.194949722968
ENSMUSG00000109902.1	0
ENSMUSG00000109903.1	0
ENSMUSG00000109904.1	0
ENSMUSG00000109905.1	109.221508477331
ENSMUSG00000109906.1	0
ENSMUSG00000109907.1	0
ENSMUSG00000109909.1	0
ENSMUSG00000109910.1	0
ENSMUSG00000109911.1	0
ENSMUSG00000109912.1	0
ENSMUSG00000109913.1	0
ENSMUSG00000109914.1	0
ENSMUSG00000109915.1	0
ENSMUSG00000109916.1	0
ENSMUSG00000109917.1	10.9726199806986
ENSMUSG00000109918.1	0
ENSMUSG00000109919.1	0
ENSMUSG00000109920.1	0
ENSMUSG00000109921.1	0
ENSMUSG00000109922.1	0
ENSMUSG00000109923.1	0
ENSMUSG00000109924.1	0
ENSMUSG00000109925.1	1547.79514146803
ENSMUSG00000109926.1	0
ENSMUSG00000109927.1	0
ENSMUSG00000109928.1	0
ENSMUSG00000109929.1	0
ENSMUSG00000109930.1	0
ENSMUSG00000109931.1	0
ENSMUSG00000109932.1	0
ENSMUSG00000109933.1	2.41655696960253
ENSMUSG00000109934.1	0
ENSMUSG00000109935.1	0
ENSMUSG00000109936.1	0
ENSMUSG00000109937.1	0
ENSMUSG00000109938.1	0
ENSMUSG00000109939.1	0
ENSMUSG00000109940.1	0
ENSMUSG00000109941.1	0
ENSMUSG00000109942.1	0
ENSMUSG00000109943.1	0
ENSMUSG00000109944.1	0
ENSMUSG00000109945.1	1.69375908388015
ENSMUSG00000109946.1	1649.83424000225
ENSMUSG00000109947.1	0
ENSMUSG00000109948.1	0
ENSMUSG00000109949.1	0
ENSMUSG00000109950.1	0
ENSMUSG00000109951.2	0
ENSMUSG00000109952.1	0
ENSMUSG00000109953.1	0
ENSMUSG00000109954.1	0
ENSMUSG00000109955.1	0
ENSMUSG00000109956.1	34.5099316820047
ENSMUSG00000109957.1	184.476416544558
ENSMUSG00000109958.1	0
ENSMUSG00000109959.1	0
ENSMUSG00000109960.1	0
ENSMUSG00000109961.1	0
ENSMUSG00000109962.1	0
ENSMUSG00000109963.1	0
ENSMUSG00000109964.1	0
ENSMUSG00000109965.1	0
ENSMUSG00000109966.1	0
ENSMUSG00000109967.1	0
ENSMUSG00000109968.1	0
ENSMUSG00000109969.1	0
ENSMUSG00000109970.1	0
ENSMUSG00000109971.1	0
ENSMUSG00000109972.1	0
ENSMUSG00000109973.1	0
ENSMUSG00000109974.1	0
ENSMUSG00000109975.1	54.0484463230782
ENSMUSG00000109976.1	0
ENSMUSG00000109977.1	0
ENSMUSG00000109978.1	0
ENSMUSG00000109979.1	0
ENSMUSG00000109980.1	0
ENSMUSG00000109981.1	0
ENSMUSG00000109982.1	0
ENSMUSG00000109983.1	0
ENSMUSG00000109984.1	0
ENSMUSG00000109985.1	0
ENSMUSG00000109986.1	0
ENSMUSG00000109987.1	0
ENSMUSG00000109988.1	0
ENSMUSG00000109990.1	0
ENSMUSG00000109991.1	0
ENSMUSG00000109992.1	0
ENSMUSG00000109993.1	0
ENSMUSG00000109994.1	0
ENSMUSG00000109995.1	0
ENSMUSG00000109996.1	0
ENSMUSG00000109997.1	0
ENSMUSG00000109998.1	0
ENSMUSG00000109999.1	0
ENSMUSG00000110000.1	0
ENSMUSG00000110001.1	0
ENSMUSG00000110002.1	0
ENSMUSG00000110003.1	0
ENSMUSG00000110004.1	0
ENSMUSG00000110005.1	0
ENSMUSG00000110006.1	0
ENSMUSG00000110007.2	0
ENSMUSG00000110008.5	0
ENSMUSG00000110009.1	0
ENSMUSG00000110010.1	78.5819069716473
ENSMUSG00000110011.1	0
ENSMUSG00000110012.2	0
ENSMUSG00000110013.1	0
ENSMUSG00000110014.1	0
ENSMUSG00000110015.1	0
ENSMUSG00000110016.1	0
ENSMUSG00000110017.1	0
ENSMUSG00000110018.2	0
ENSMUSG00000110019.1	0
ENSMUSG00000110020.1	341.602807797422
ENSMUSG00000110022.1	0
ENSMUSG00000110023.1	0
ENSMUSG00000110024.1	0
ENSMUSG00000110025.1	0
ENSMUSG00000110026.1	0
ENSMUSG00000110027.1	13.3392072026959
ENSMUSG00000110028.1	0
ENSMUSG00000110030.1	0
ENSMUSG00000110031.1	0
ENSMUSG00000110032.1	0
ENSMUSG00000110033.1	0
ENSMUSG00000110034.1	0
ENSMUSG00000110035.1	0
ENSMUSG00000110036.1	0
ENSMUSG00000110037.1	0
ENSMUSG00000110038.1	0
ENSMUSG00000110039.1	0
ENSMUSG00000110040.1	0
ENSMUSG00000110041.1	0
ENSMUSG00000110042.1	0
ENSMUSG00000110043.1	0
ENSMUSG00000110044.1	0
ENSMUSG00000110045.1	1.87469264219834
ENSMUSG00000110046.1	0
ENSMUSG00000110047.1	0
ENSMUSG00000110048.1	0
ENSMUSG00000110049.1	0
ENSMUSG00000110050.1	0
ENSMUSG00000110051.1	0
ENSMUSG00000110052.1	0
ENSMUSG00000110053.1	0
ENSMUSG00000110054.1	0
ENSMUSG00000110055.1	0
ENSMUSG00000110056.1	0
ENSMUSG00000110057.1	76.4726592680791
ENSMUSG00000110058.1	0
ENSMUSG00000110059.1	0
ENSMUSG00000110060.1	0
ENSMUSG00000110061.1	0
ENSMUSG00000110062.1	28.9144435672812
ENSMUSG00000110063.1	0
ENSMUSG00000110064.1	0
ENSMUSG00000110065.1	0
ENSMUSG00000110066.1	0
ENSMUSG00000110067.2	2.20840690915333
ENSMUSG00000110068.1	0
ENSMUSG00000110069.1	0
ENSMUSG00000110070.1	0
ENSMUSG00000110071.1	0
ENSMUSG00000110072.1	0
ENSMUSG00000110073.1	0
ENSMUSG00000110074.1	0
ENSMUSG00000110075.1	0
ENSMUSG00000110076.1	0
ENSMUSG00000110077.1	0
ENSMUSG00000110078.1	0
ENSMUSG00000110079.1	0
ENSMUSG00000110080.1	60.6142714042592
ENSMUSG00000110081.1	0
ENSMUSG00000110082.1	0
ENSMUSG00000110083.1	0
ENSMUSG00000110084.1	0
ENSMUSG00000110085.1	0
ENSMUSG00000110086.1	294.06940530671
ENSMUSG00000110087.1	0
ENSMUSG00000110088.1	0
ENSMUSG00000110089.1	0
ENSMUSG00000110090.1	0
ENSMUSG00000110091.1	0
ENSMUSG00000110092.2	0
ENSMUSG00000110093.1	0
ENSMUSG00000110094.1	0
ENSMUSG00000110095.1	0
ENSMUSG00000110096.1	0
ENSMUSG00000110097.1	0
ENSMUSG00000110098.1	0
ENSMUSG00000110099.1	0
ENSMUSG00000110100.1	0
ENSMUSG00000110101.1	0
ENSMUSG00000110102.1	0
ENSMUSG00000110103.1	0
ENSMUSG00000110104.1	0
ENSMUSG00000110105.1	10.7452747954666
ENSMUSG00000110106.1	0
ENSMUSG00000110108.1	0
ENSMUSG00000110109.1	0
ENSMUSG00000110110.1	0
ENSMUSG00000110111.1	0
ENSMUSG00000110112.1	0
ENSMUSG00000110113.1	0
ENSMUSG00000110114.1	0
ENSMUSG00000110115.1	0
ENSMUSG00000110116.1	0
ENSMUSG00000110117.1	0
ENSMUSG00000110118.1	0
ENSMUSG00000110119.1	0
ENSMUSG00000110120.1	0
ENSMUSG00000110121.1	0
ENSMUSG00000110122.1	0
ENSMUSG00000110123.1	85.7659087055883
ENSMUSG00000110124.1	57.0700710797355
ENSMUSG00000110125.1	0
ENSMUSG00000110126.1	0
ENSMUSG00000110127.1	0
ENSMUSG00000110128.1	0
ENSMUSG00000110129.1	0
ENSMUSG00000110130.1	0
ENSMUSG00000110131.1	0
ENSMUSG00000110132.1	0
ENSMUSG00000110133.1	9.62037806002656
ENSMUSG00000110134.1	0
ENSMUSG00000110135.1	0
ENSMUSG00000110136.1	0
ENSMUSG00000110137.1	0
ENSMUSG00000110138.1	0
ENSMUSG00000110139.1	0
ENSMUSG00000110140.1	0
ENSMUSG00000110141.1	0
ENSMUSG00000110142.1	0
ENSMUSG00000110143.1	0
ENSMUSG00000110144.1	0
ENSMUSG00000110145.1	0
ENSMUSG00000110146.1	0
ENSMUSG00000110147.1	0
ENSMUSG00000110148.1	242.964679624097
ENSMUSG00000110149.1	0
ENSMUSG00000110150.1	0
ENSMUSG00000110151.2	0
ENSMUSG00000110152.1	0
ENSMUSG00000110153.1	0
ENSMUSG00000110154.1	0
ENSMUSG00000110155.1	0
ENSMUSG00000110156.2	335.346102254207
ENSMUSG00000110157.1	0
ENSMUSG00000110158.1	0
ENSMUSG00000110159.1	0
ENSMUSG00000110160.1	0
ENSMUSG00000110161.1	0
ENSMUSG00000110162.1	0
ENSMUSG00000110163.1	0
ENSMUSG00000110164.1	0
ENSMUSG00000110165.1	0
ENSMUSG00000110166.1	0
ENSMUSG00000110167.1	0
ENSMUSG00000110168.1	0
ENSMUSG00000110169.1	0
ENSMUSG00000110170.1	0
ENSMUSG00000110171.2	0
ENSMUSG00000110172.1	0
ENSMUSG00000110173.1	0
ENSMUSG00000110174.1	9.61076489184267
ENSMUSG00000110175.1	0
ENSMUSG00000110176.1	0
ENSMUSG00000110177.1	0
ENSMUSG00000110178.1	0
ENSMUSG00000110179.1	0
ENSMUSG00000110180.1	0
ENSMUSG00000110181.1	0
ENSMUSG00000110182.1	0
ENSMUSG00000110183.1	0
ENSMUSG00000110184.1	0
ENSMUSG00000110185.2	1142.21055072458
ENSMUSG00000110186.1	0
ENSMUSG00000110187.1	0
ENSMUSG00000110188.1	0
ENSMUSG00000110189.1	0
ENSMUSG00000110190.1	0
ENSMUSG00000110192.1	0
ENSMUSG00000110193.1	0
ENSMUSG00000110194.1	0
ENSMUSG00000110195.1	5455.18873166368
ENSMUSG00000110196.1	0
ENSMUSG00000110197.1	0
ENSMUSG00000110198.1	0
ENSMUSG00000110199.2	0
ENSMUSG00000110200.1	0
ENSMUSG00000110201.1	0
ENSMUSG00000110202.1	0
ENSMUSG00000110203.1	0
ENSMUSG00000110204.1	0
ENSMUSG00000110205.1	0
ENSMUSG00000110206.1	0
ENSMUSG00000110207.1	0
ENSMUSG00000110208.1	0
ENSMUSG00000110209.1	0
ENSMUSG00000110210.1	0
ENSMUSG00000110211.1	0
ENSMUSG00000110212.1	0
ENSMUSG00000110213.1	0
ENSMUSG00000110214.1	0
ENSMUSG00000110215.1	0
ENSMUSG00000110216.1	0
ENSMUSG00000110217.1	0
ENSMUSG00000110218.1	0
ENSMUSG00000110219.1	0
ENSMUSG00000110220.1	0
ENSMUSG00000110221.1	0
ENSMUSG00000110222.1	0
ENSMUSG00000110223.1	0
ENSMUSG00000110224.1	0
ENSMUSG00000110225.1	0
ENSMUSG00000110226.1	0
ENSMUSG00000110227.1	0
ENSMUSG00000110228.1	0
ENSMUSG00000110229.1	0
ENSMUSG00000110230.1	120.604623224116
ENSMUSG00000110231.1	0
ENSMUSG00000110232.1	0
ENSMUSG00000110233.1	0
ENSMUSG00000110234.2	86.9286338820637
ENSMUSG00000110235.1	21.986876215804
ENSMUSG00000110236.1	0
ENSMUSG00000110237.1	0
ENSMUSG00000110238.1	0
ENSMUSG00000110239.1	0
ENSMUSG00000110240.1	0
ENSMUSG00000110241.1	0
ENSMUSG00000110242.1	0
ENSMUSG00000110243.1	0
ENSMUSG00000110244.1	0
ENSMUSG00000110245.1	0
ENSMUSG00000110246.1	0
ENSMUSG00000110247.1	0
ENSMUSG00000110248.1	0
ENSMUSG00000110249.1	37.8985422552404
ENSMUSG00000110250.1	11.2764647607965
ENSMUSG00000110251.1	0
ENSMUSG00000110252.1	0
ENSMUSG00000110253.2	0
ENSMUSG00000110254.1	0
ENSMUSG00000110255.1	0
ENSMUSG00000110256.1	0
ENSMUSG00000110257.1	0
ENSMUSG00000110258.1	0
ENSMUSG00000110259.2	0
ENSMUSG00000110260.1	3.43658277940014
ENSMUSG00000110261.1	0
ENSMUSG00000110262.1	0
ENSMUSG00000110263.1	0
ENSMUSG00000110264.1	0
ENSMUSG00000110265.1	0
ENSMUSG00000110266.1	0
ENSMUSG00000110267.1	0
ENSMUSG00000110268.1	0
ENSMUSG00000110269.1	0
ENSMUSG00000110270.1	0
ENSMUSG00000110271.1	0
ENSMUSG00000110272.1	0
ENSMUSG00000110273.1	0
ENSMUSG00000110274.1	0
ENSMUSG00000110275.1	327.610342120412
ENSMUSG00000110276.1	0
ENSMUSG00000110277.2	100.856803693948
ENSMUSG00000110278.1	0
ENSMUSG00000110279.1	0
ENSMUSG00000110280.1	0
ENSMUSG00000110281.1	0
ENSMUSG00000110282.1	0
ENSMUSG00000110283.1	0
ENSMUSG00000110284.1	0
ENSMUSG00000110285.1	0
ENSMUSG00000110286.1	0
ENSMUSG00000110287.1	0
ENSMUSG00000110288.1	0
ENSMUSG00000110289.1	0
ENSMUSG00000110290.1	0
ENSMUSG00000110291.1	0
ENSMUSG00000110292.1	0
ENSMUSG00000110293.1	0
ENSMUSG00000110294.1	0
ENSMUSG00000110295.1	0
ENSMUSG00000110296.1	0
ENSMUSG00000110297.1	0
ENSMUSG00000110298.1	0
ENSMUSG00000110299.1	0
ENSMUSG00000110300.1	0
ENSMUSG00000110301.1	0
ENSMUSG00000110302.1	0
ENSMUSG00000110303.1	0
ENSMUSG00000110304.1	0
ENSMUSG00000110305.1	0
ENSMUSG00000110306.1	0
ENSMUSG00000110307.1	0
ENSMUSG00000110308.1	0
ENSMUSG00000110309.1	0
ENSMUSG00000110310.1	0
ENSMUSG00000110311.1	0
ENSMUSG00000110312.1	0
ENSMUSG00000110313.1	0
ENSMUSG00000110314.1	0
ENSMUSG00000110315.1	0
ENSMUSG00000110316.1	137.650924013516
ENSMUSG00000110317.1	11.0834835306634
ENSMUSG00000110318.1	0
ENSMUSG00000110319.1	0
ENSMUSG00000110320.1	0
ENSMUSG00000110321.1	0
ENSMUSG00000110322.1	0
ENSMUSG00000110323.1	0
ENSMUSG00000110324.1	0
ENSMUSG00000110325.1	0
ENSMUSG00000110326.1	0
ENSMUSG00000110327.1	3.82813211338353
ENSMUSG00000110328.1	0
ENSMUSG00000110329.1	0
ENSMUSG00000110330.1	0
ENSMUSG00000110331.1	73.849512817278
ENSMUSG00000110332.1	0
ENSMUSG00000110333.1	0
ENSMUSG00000110334.1	0
ENSMUSG00000110335.1	0
ENSMUSG00000110336.1	0
ENSMUSG00000110337.1	0
ENSMUSG00000110338.1	0
ENSMUSG00000110339.1	0
ENSMUSG00000110340.1	0
ENSMUSG00000110341.1	0
ENSMUSG00000110342.1	0
ENSMUSG00000110343.1	0
ENSMUSG00000110344.1	59.0994483372564
ENSMUSG00000110345.1	0
ENSMUSG00000110346.1	0
ENSMUSG00000110347.1	0
ENSMUSG00000110348.1	0
ENSMUSG00000110349.1	0
ENSMUSG00000110350.1	0
ENSMUSG00000110351.1	0
ENSMUSG00000110352.1	0
ENSMUSG00000110353.1	0
ENSMUSG00000110354.1	31.3485414476609
ENSMUSG00000110355.1	0
ENSMUSG00000110356.1	0
ENSMUSG00000110357.1	40.4748089053526
ENSMUSG00000110358.1	22.7701621532808
ENSMUSG00000110359.1	0
ENSMUSG00000110360.1	0
ENSMUSG00000110361.1	0
ENSMUSG00000110362.1	0
ENSMUSG00000110363.1	0
ENSMUSG00000110364.1	0
ENSMUSG00000110365.1	0
ENSMUSG00000110366.1	21.5059681139294
ENSMUSG00000110367.1	0
ENSMUSG00000110368.1	0
ENSMUSG00000110369.1	0
ENSMUSG00000110370.1	0
ENSMUSG00000110371.1	9.90805523908793
ENSMUSG00000110372.1	0
ENSMUSG00000110373.1	121.598087975068
ENSMUSG00000110374.1	0
ENSMUSG00000110375.1	0
ENSMUSG00000110376.1	0
ENSMUSG00000110377.1	0
ENSMUSG00000110378.1	0
ENSMUSG00000110379.1	0
ENSMUSG00000110380.1	0
ENSMUSG00000110381.1	0
ENSMUSG00000110382.1	0
ENSMUSG00000110383.1	0
ENSMUSG00000110384.1	0
ENSMUSG00000110385.1	0
ENSMUSG00000110386.1	43.5204665824696
ENSMUSG00000110387.1	0
ENSMUSG00000110388.1	0
ENSMUSG00000110389.1	0
ENSMUSG00000110390.1	0
ENSMUSG00000110391.2	0
ENSMUSG00000110392.1	0
ENSMUSG00000110393.2	6.09031658351361
ENSMUSG00000110394.1	0
ENSMUSG00000110395.1	0
ENSMUSG00000110396.1	54.1736047789789
ENSMUSG00000110397.1	0
ENSMUSG00000110398.1	0
ENSMUSG00000110399.1	0
ENSMUSG00000110400.1	0
ENSMUSG00000110401.1	0
ENSMUSG00000110402.1	0
ENSMUSG00000110403.1	0
ENSMUSG00000110404.1	39.0881718179966
ENSMUSG00000110405.1	0
ENSMUSG00000110406.1	0
ENSMUSG00000110407.1	0
ENSMUSG00000110409.1	105.498528193855
ENSMUSG00000110410.1	0
ENSMUSG00000110411.1	0
ENSMUSG00000110412.1	0
ENSMUSG00000110413.1	0
ENSMUSG00000110414.1	0
ENSMUSG00000110415.1	0
ENSMUSG00000110416.1	0
ENSMUSG00000110417.1	0
ENSMUSG00000110419.1	0
ENSMUSG00000110420.1	0
ENSMUSG00000110421.1	0
ENSMUSG00000110422.1	0
ENSMUSG00000110424.1	24.9078123992105
ENSMUSG00000110425.1	0
ENSMUSG00000110426.1	0
ENSMUSG00000110427.1	0
ENSMUSG00000110428.1	0
ENSMUSG00000110429.1	0
ENSMUSG00000110430.2	0
ENSMUSG00000110431.1	0
ENSMUSG00000110432.1	0
ENSMUSG00000110433.1	0
ENSMUSG00000110434.1	0
ENSMUSG00000110435.1	0
ENSMUSG00000110437.1	0
ENSMUSG00000110438.1	0
ENSMUSG00000110439.1	0
ENSMUSG00000110440.1	0
ENSMUSG00000110441.1	26.4945157464973
ENSMUSG00000110442.1	0
ENSMUSG00000110443.1	0
ENSMUSG00000110444.2	0.21267574027603
ENSMUSG00000110445.1	0
ENSMUSG00000110446.1	44.8780768957637
ENSMUSG00000110447.1	13.1034973126805
ENSMUSG00000110448.1	0
ENSMUSG00000110449.1	0
ENSMUSG00000110450.1	0
ENSMUSG00000110452.1	0
ENSMUSG00000110453.1	0
ENSMUSG00000110454.1	0
ENSMUSG00000110455.1	0
ENSMUSG00000110456.1	44.4133051833407
ENSMUSG00000110457.2	0
ENSMUSG00000110458.1	0
ENSMUSG00000110459.1	0
ENSMUSG00000110460.1	0
ENSMUSG00000110461.1	0
ENSMUSG00000110462.1	0
ENSMUSG00000110463.1	0
ENSMUSG00000110464.1	0
ENSMUSG00000110465.1	0
ENSMUSG00000110466.3	0
ENSMUSG00000110467.1	0
ENSMUSG00000110468.1	0
ENSMUSG00000110469.1	0
ENSMUSG00000110470.1	0
ENSMUSG00000110471.1	0
ENSMUSG00000110472.1	0
ENSMUSG00000110473.1	0
ENSMUSG00000110474.1	0
ENSMUSG00000110475.1	0
ENSMUSG00000110476.1	0
ENSMUSG00000110477.1	0
ENSMUSG00000110478.1	0
ENSMUSG00000110479.1	0
ENSMUSG00000110480.1	0
ENSMUSG00000110481.1	0
ENSMUSG00000110482.1	0
ENSMUSG00000110483.1	121.0215787883
ENSMUSG00000110484.1	0
ENSMUSG00000110485.1	0
ENSMUSG00000110486.1	0
ENSMUSG00000110487.1	0
ENSMUSG00000110488.1	0
ENSMUSG00000110489.1	0
ENSMUSG00000110490.1	0
ENSMUSG00000110491.1	0
ENSMUSG00000110492.1	0
ENSMUSG00000110493.1	0
ENSMUSG00000110494.1	0
ENSMUSG00000110495.1	0
ENSMUSG00000110496.1	0
ENSMUSG00000110497.1	0
ENSMUSG00000110498.1	0
ENSMUSG00000110499.1	0
ENSMUSG00000110500.1	0
ENSMUSG00000110501.1	0
ENSMUSG00000110502.1	0
ENSMUSG00000110503.1	0
ENSMUSG00000110504.1	0
ENSMUSG00000110505.1	36.5862823749696
ENSMUSG00000110506.1	0
ENSMUSG00000110507.1	0
ENSMUSG00000110508.1	0
ENSMUSG00000110509.1	0
ENSMUSG00000110510.1	0
ENSMUSG00000110511.1	0
ENSMUSG00000110512.1	0
ENSMUSG00000110513.1	0
ENSMUSG00000110514.1	0
ENSMUSG00000110515.1	0
ENSMUSG00000110516.1	0
ENSMUSG00000110517.1	0
ENSMUSG00000110518.1	0
ENSMUSG00000110519.2	0
ENSMUSG00000110520.1	0
ENSMUSG00000110521.1	0
ENSMUSG00000110522.1	0
ENSMUSG00000110523.1	128.179331579245
ENSMUSG00000110524.1	0
ENSMUSG00000110525.1	0
ENSMUSG00000110526.3	0
ENSMUSG00000110527.1	0
ENSMUSG00000110528.1	0
ENSMUSG00000110529.1	0
ENSMUSG00000110530.1	0
ENSMUSG00000110531.1	0
ENSMUSG00000110532.1	0
ENSMUSG00000110533.1	2.35226110447652
ENSMUSG00000110534.1	0
ENSMUSG00000110535.1	0
ENSMUSG00000110536.1	0
ENSMUSG00000110537.1	7.05790693049001
ENSMUSG00000110538.1	0
ENSMUSG00000110539.1	0
ENSMUSG00000110540.1	19.7684815994466
ENSMUSG00000110541.1	0
ENSMUSG00000110542.1	0
ENSMUSG00000110543.1	0
ENSMUSG00000110544.1	0
ENSMUSG00000110545.1	19.7154219049251
ENSMUSG00000110546.1	0
ENSMUSG00000110547.1	0
ENSMUSG00000110548.1	0
ENSMUSG00000110549.1	0
ENSMUSG00000110550.1	0
ENSMUSG00000110551.1	0
ENSMUSG00000110552.1	0
ENSMUSG00000110553.1	0
ENSMUSG00000110554.1	0
ENSMUSG00000110555.1	0
ENSMUSG00000110556.1	0
ENSMUSG00000110557.2	0
ENSMUSG00000110558.1	0
ENSMUSG00000110559.1	0
ENSMUSG00000110560.1	0
ENSMUSG00000110561.1	0
ENSMUSG00000110562.1	0
ENSMUSG00000110563.1	0
ENSMUSG00000110564.1	0
ENSMUSG00000110565.1	0
ENSMUSG00000110566.1	0
ENSMUSG00000110567.1	0
ENSMUSG00000110568.1	0
ENSMUSG00000110569.1	125.609369669306
ENSMUSG00000110570.1	0
ENSMUSG00000110571.1	0
ENSMUSG00000110572.1	0
ENSMUSG00000110573.1	0
ENSMUSG00000110574.1	0
ENSMUSG00000110575.1	0
ENSMUSG00000110576.2	0
ENSMUSG00000110577.1	0
ENSMUSG00000110578.1	0
ENSMUSG00000110580.1	0
ENSMUSG00000110581.1	0
ENSMUSG00000110582.1	0
ENSMUSG00000110583.1	0
ENSMUSG00000110585.1	0
ENSMUSG00000110586.1	0
ENSMUSG00000110587.1	0
ENSMUSG00000110588.1	3.14781319486333
ENSMUSG00000110589.1	0
ENSMUSG00000110590.1	0
ENSMUSG00000110591.1	0
ENSMUSG00000110592.1	0
ENSMUSG00000110593.1	0
ENSMUSG00000110594.1	0
ENSMUSG00000110595.1	0
ENSMUSG00000110596.1	0
ENSMUSG00000110597.1	0
ENSMUSG00000110598.1	0
ENSMUSG00000110599.1	0
ENSMUSG00000110600.1	0
ENSMUSG00000110601.1	0
ENSMUSG00000110602.1	0
ENSMUSG00000110603.1	0
ENSMUSG00000110604.1	0
ENSMUSG00000110605.1	7.86784756156764
ENSMUSG00000110606.1	0
ENSMUSG00000110607.1	0
ENSMUSG00000110608.1	0
ENSMUSG00000110609.1	0
ENSMUSG00000110610.1	0
ENSMUSG00000110611.1	305.454455171765
ENSMUSG00000110612.1	0
ENSMUSG00000110613.1	0
ENSMUSG00000110614.1	0
ENSMUSG00000110615.1	0
ENSMUSG00000110616.1	0
ENSMUSG00000110617.1	0.984007640693043
ENSMUSG00000110618.1	7.40042286441856
ENSMUSG00000110619.1	0
ENSMUSG00000110620.1	0
ENSMUSG00000110621.3	0
ENSMUSG00000110622.1	3.23414443900825
ENSMUSG00000110623.1	0
ENSMUSG00000110624.1	0
ENSMUSG00000110625.1	0
ENSMUSG00000110626.1	0
ENSMUSG00000110627.1	0
ENSMUSG00000110628.1	0
ENSMUSG00000110629.1	0
ENSMUSG00000110630.1	27.4832363365273
ENSMUSG00000110631.1	0
ENSMUSG00000110632.1	0
ENSMUSG00000110633.1	0
ENSMUSG00000110634.1	0
ENSMUSG00000110635.1	0
ENSMUSG00000110636.1	0
ENSMUSG00000110637.1	0
ENSMUSG00000110638.1	0
ENSMUSG00000110639.1	0
ENSMUSG00000110640.1	0
ENSMUSG00000110641.1	0
ENSMUSG00000110642.1	0
ENSMUSG00000110643.1	0
ENSMUSG00000110644.1	1.54987367697194
ENSMUSG00000110645.1	0
ENSMUSG00000110646.1	0
ENSMUSG00000110647.2	0
ENSMUSG00000110648.1	0
ENSMUSG00000110649.1	0
ENSMUSG00000110650.1	0
ENSMUSG00000110651.1	0
ENSMUSG00000110652.1	0
ENSMUSG00000110653.1	0
ENSMUSG00000110654.1	0
ENSMUSG00000110655.1	0
ENSMUSG00000110656.1	0
ENSMUSG00000110657.1	2.2770723961811
ENSMUSG00000110658.1	0
ENSMUSG00000110659.1	0
ENSMUSG00000110660.1	0
ENSMUSG00000110661.1	0
ENSMUSG00000110662.1	0
ENSMUSG00000110663.1	0
ENSMUSG00000110664.1	0
ENSMUSG00000110665.1	0
ENSMUSG00000110666.1	0
ENSMUSG00000110667.1	0
ENSMUSG00000110668.1	0
ENSMUSG00000110669.1	0
ENSMUSG00000110670.1	0
ENSMUSG00000110671.1	0
ENSMUSG00000110672.1	0
ENSMUSG00000110673.1	0
ENSMUSG00000110674.1	0
ENSMUSG00000110675.1	0
ENSMUSG00000110676.1	0
ENSMUSG00000110677.1	0
ENSMUSG00000110678.1	0
ENSMUSG00000110679.1	0
ENSMUSG00000110680.1	0
ENSMUSG00000110681.1	0
ENSMUSG00000110682.1	0
ENSMUSG00000110683.1	0
ENSMUSG00000110684.1	0
ENSMUSG00000110685.1	0
ENSMUSG00000110686.1	0
ENSMUSG00000110687.1	0
ENSMUSG00000110688.1	0
ENSMUSG00000110689.1	0
ENSMUSG00000110690.1	0
ENSMUSG00000110691.1	0
ENSMUSG00000110692.1	0
ENSMUSG00000110693.1	0
ENSMUSG00000110694.1	0
ENSMUSG00000110695.1	0
ENSMUSG00000110696.1	0
ENSMUSG00000110697.1	0
ENSMUSG00000110698.1	0
ENSMUSG00000110699.1	0
ENSMUSG00000110700.1	0
ENSMUSG00000110701.1	0
ENSMUSG00000110702.1	6.86292815891614
ENSMUSG00000110703.1	0
ENSMUSG00000110704.1	0
ENSMUSG00000110705.1	0
ENSMUSG00000110706.1	0
ENSMUSG00000110707.1	0
ENSMUSG00000110708.1	0
ENSMUSG00000110709.1	0
ENSMUSG00000110710.1	0.551165379737953
ENSMUSG00000110711.1	0
ENSMUSG00000110712.1	0
ENSMUSG00000110713.1	0
ENSMUSG00000110714.1	0
ENSMUSG00000110715.1	0
ENSMUSG00000110716.1	0
ENSMUSG00000110717.1	0
ENSMUSG00000110718.1	0
ENSMUSG00000110719.1	0
ENSMUSG00000110720.1	0
ENSMUSG00000110721.1	0
ENSMUSG00000110722.1	0
ENSMUSG00000110723.1	153.310962254581
ENSMUSG00000110724.1	0
ENSMUSG00000110725.1	0
ENSMUSG00000110726.1	90.6409710150504
ENSMUSG00000110727.1	0
ENSMUSG00000110729.1	0
ENSMUSG00000110730.1	0
ENSMUSG00000110731.1	0
ENSMUSG00000110732.1	0
ENSMUSG00000110734.1	0
ENSMUSG00000110735.1	0
ENSMUSG00000110736.1	0
ENSMUSG00000110737.1	0
ENSMUSG00000110738.1	0
ENSMUSG00000110739.1	0
ENSMUSG00000110740.1	0
ENSMUSG00000110741.1	0
ENSMUSG00000110744.1	5.05655767631044
ENSMUSG00000110745.1	0
ENSMUSG00000110747.1	0
ENSMUSG00000110748.1	0
ENSMUSG00000110749.1	0
ENSMUSG00000110750.1	0
ENSMUSG00000110751.1	0
ENSMUSG00000110752.1	0
ENSMUSG00000110753.1	0
ENSMUSG00000110754.1	0
ENSMUSG00000110755.1	0
ENSMUSG00000110756.1	0
ENSMUSG00000110757.1	0
ENSMUSG00000110758.1	0
ENSMUSG00000110759.1	0
ENSMUSG00000110760.1	0
ENSMUSG00000110761.1	0
ENSMUSG00000110762.1	0
ENSMUSG00000110765.1	0
ENSMUSG00000110766.1	0
ENSMUSG00000110767.1	0
ENSMUSG00000110768.1	4.25644869451178
ENSMUSG00000110769.1	0
ENSMUSG00000110770.1	0
ENSMUSG00000110771.1	0
ENSMUSG00000110772.1	0
ENSMUSG00000110773.1	0
ENSMUSG00000110774.1	36.7682459155932
ENSMUSG00000110776.1	0
ENSMUSG00000110778.1	0
ENSMUSG00000110779.1	0
ENSMUSG00000110780.1	0
ENSMUSG00000110781.1	0
ENSMUSG00000110782.1	0
ENSMUSG00000110783.1	0
ENSMUSG00000110784.1	0
ENSMUSG00000110786.1	0
ENSMUSG00000110787.1	0
ENSMUSG00000110788.1	0
ENSMUSG00000110789.1	0
ENSMUSG00000110790.1	19.5350813667222
ENSMUSG00000110791.1	0
ENSMUSG00000110792.1	0
ENSMUSG00000110793.1	0
ENSMUSG00000110794.1	0
ENSMUSG00000110795.1	0
ENSMUSG00000110799.1	0
ENSMUSG00000110801.1	0
ENSMUSG00000110802.1	0
ENSMUSG00000110803.1	0
ENSMUSG00000110804.1	0
ENSMUSG00000110808.1	0
ENSMUSG00000110809.1	0
ENSMUSG00000110810.1	0
ENSMUSG00000110811.1	0
ENSMUSG00000110812.1	0
ENSMUSG00000110813.1	0
ENSMUSG00000110814.1	0
ENSMUSG00000110815.1	0
ENSMUSG00000110816.1	0.941747154585948
ENSMUSG00000110817.1	0
ENSMUSG00000110819.1	0
ENSMUSG00000110821.1	0
ENSMUSG00000110822.1	0
ENSMUSG00000110823.1	0
ENSMUSG00000110824.1	0
ENSMUSG00000110825.1	0
ENSMUSG00000110826.1	0
ENSMUSG00000110827.1	0
ENSMUSG00000110828.1	0
ENSMUSG00000110829.1	0
ENSMUSG00000110830.1	12.2044788179769
ENSMUSG00000110831.1	0
ENSMUSG00000110832.1	0
ENSMUSG00000110833.1	0
ENSMUSG00000110834.1	267.743962716226
ENSMUSG00000110835.1	0
ENSMUSG00000110836.1	0
ENSMUSG00000110837.1	0
ENSMUSG00000110838.1	0
ENSMUSG00000110839.1	0
ENSMUSG00000110840.1	0
ENSMUSG00000110841.1	2218.6833859419
ENSMUSG00000110843.1	0
ENSMUSG00000110844.1	0
ENSMUSG00000110845.1	0
ENSMUSG00000110846.1	0
ENSMUSG00000110847.1	0
ENSMUSG00000110848.1	0
ENSMUSG00000110849.1	0
ENSMUSG00000110851.1	0
ENSMUSG00000110853.1	0
ENSMUSG00000110854.1	0
ENSMUSG00000110855.1	0
ENSMUSG00000110856.1	0
ENSMUSG00000110857.1	0
ENSMUSG00000110858.1	0
ENSMUSG00000110862.1	0
ENSMUSG00000110863.1	50.3712534348158
ENSMUSG00000110864.1	0
ENSMUSG00000110865.1	0
ENSMUSG00000110866.1	0
ENSMUSG00000110867.1	0
ENSMUSG00000110869.1	0
ENSMUSG00000110870.1	0
ENSMUSG00000110872.1	0
ENSMUSG00000110873.1	0
ENSMUSG00000110874.1	0
ENSMUSG00000110875.1	0
ENSMUSG00000110876.1	0
ENSMUSG00000110877.1	0
ENSMUSG00000110878.1	0
ENSMUSG00000110879.2	0
ENSMUSG00000110880.1	0
ENSMUSG00000110881.1	0
ENSMUSG00000110882.1	0
ENSMUSG00000110884.1	0
ENSMUSG00000110885.1	0
ENSMUSG00000110886.1	0
ENSMUSG00000110887.1	0
ENSMUSG00000110888.1	0
ENSMUSG00000110889.1	0
ENSMUSG00000110891.1	0
ENSMUSG00000110892.1	0
ENSMUSG00000110893.1	0
ENSMUSG00000110894.1	0
ENSMUSG00000110895.1	0
ENSMUSG00000110896.1	0
ENSMUSG00000110897.1	0
ENSMUSG00000110898.1	0
ENSMUSG00000110899.1	0
ENSMUSG00000110901.1	0
ENSMUSG00000110902.1	0
ENSMUSG00000110903.1	0
ENSMUSG00000110905.1	0
ENSMUSG00000110908.1	0
ENSMUSG00000110909.1	0
ENSMUSG00000110910.1	0
ENSMUSG00000110911.1	0
ENSMUSG00000110912.1	0
ENSMUSG00000110913.1	0
ENSMUSG00000110914.1	0
ENSMUSG00000110915.1	0
ENSMUSG00000110916.1	0
ENSMUSG00000110917.1	0
ENSMUSG00000110918.1	0
ENSMUSG00000110919.1	0
ENSMUSG00000110920.1	0
ENSMUSG00000110922.1	0
ENSMUSG00000110923.1	0
ENSMUSG00000110924.1	0
ENSMUSG00000110925.1	0
ENSMUSG00000110926.1	0
ENSMUSG00000110927.1	0
ENSMUSG00000110928.1	0
ENSMUSG00000110929.1	0
ENSMUSG00000110930.1	0
ENSMUSG00000110932.1	0
ENSMUSG00000110935.1	3.59844605927562
ENSMUSG00000110936.1	0
ENSMUSG00000110937.1	0
ENSMUSG00000110938.1	0
ENSMUSG00000110940.1	0
ENSMUSG00000110941.1	0
ENSMUSG00000110942.1	0
ENSMUSG00000110943.1	0
ENSMUSG00000110944.1	0
ENSMUSG00000110945.1	18.9016110373059
ENSMUSG00000110946.1	0
ENSMUSG00000110947.1	0
ENSMUSG00000110949.1	550.625075989799
ENSMUSG00000110950.1	0
ENSMUSG00000110951.1	0
ENSMUSG00000110952.1	0
ENSMUSG00000110953.1	0
ENSMUSG00000110956.1	0
ENSMUSG00000110957.1	0
ENSMUSG00000110958.1	0
ENSMUSG00000110959.1	0
ENSMUSG00000110960.1	0
ENSMUSG00000110962.1	0
ENSMUSG00000110964.1	0
ENSMUSG00000110966.1	0
ENSMUSG00000110967.1	0
ENSMUSG00000110968.1	0
ENSMUSG00000110969.1	0
ENSMUSG00000110970.2	0
ENSMUSG00000110972.1	0
ENSMUSG00000110973.1	0
ENSMUSG00000110976.1	0
ENSMUSG00000110977.1	0
ENSMUSG00000110978.1	0
ENSMUSG00000110980.1	155.14866916854
ENSMUSG00000110981.1	0
ENSMUSG00000110982.1	0
ENSMUSG00000110983.1	0
ENSMUSG00000110984.1	0
ENSMUSG00000110985.1	0
ENSMUSG00000110986.1	0
ENSMUSG00000110987.1	0
ENSMUSG00000110988.1	0
ENSMUSG00000110989.1	0
ENSMUSG00000110991.1	0
ENSMUSG00000110992.1	0
ENSMUSG00000110993.1	0
ENSMUSG00000110995.1	0
ENSMUSG00000110996.1	0
ENSMUSG00000110997.1	0
ENSMUSG00000110998.1	0
ENSMUSG00000110999.1	0
ENSMUSG00000111000.1	0
ENSMUSG00000111001.1	0
ENSMUSG00000111002.1	0
ENSMUSG00000111003.1	0
ENSMUSG00000111004.1	0
ENSMUSG00000111005.1	0
ENSMUSG00000111006.1	0
ENSMUSG00000111008.1	0
ENSMUSG00000111010.1	0
ENSMUSG00000111012.1	0
ENSMUSG00000111013.1	0
ENSMUSG00000111014.1	0
ENSMUSG00000111015.1	0
ENSMUSG00000111016.1	0
ENSMUSG00000111017.1	0
ENSMUSG00000111018.1	0
ENSMUSG00000111019.1	0
ENSMUSG00000111020.1	0
ENSMUSG00000111021.2	0
ENSMUSG00000111022.1	0
ENSMUSG00000111023.1	0
ENSMUSG00000111025.1	0
ENSMUSG00000111027.1	0
ENSMUSG00000111028.1	0
ENSMUSG00000111029.1	0
ENSMUSG00000111030.1	0
ENSMUSG00000111031.1	0
ENSMUSG00000111032.1	0
ENSMUSG00000111033.1	0
ENSMUSG00000111034.1	0
ENSMUSG00000111035.1	0
ENSMUSG00000111036.1	0
ENSMUSG00000111037.1	0
ENSMUSG00000111039.1	0
ENSMUSG00000111041.1	0
ENSMUSG00000111042.1	0
ENSMUSG00000111043.1	0
ENSMUSG00000111044.1	0
ENSMUSG00000111045.1	0
ENSMUSG00000111046.1	0
ENSMUSG00000111047.1	0
ENSMUSG00000111048.1	0
ENSMUSG00000111049.1	0
ENSMUSG00000111050.1	0
ENSMUSG00000111051.1	0
ENSMUSG00000111052.1	0
ENSMUSG00000111053.1	87.5371973666399
ENSMUSG00000111054.1	0
ENSMUSG00000111055.1	0
ENSMUSG00000111056.1	0
ENSMUSG00000111057.1	0
ENSMUSG00000111058.1	0
ENSMUSG00000111059.1	0
ENSMUSG00000111060.1	0
ENSMUSG00000111061.1	0
ENSMUSG00000111062.1	0
ENSMUSG00000111063.1	47.739024412776
ENSMUSG00000111064.1	0
ENSMUSG00000111065.1	0
ENSMUSG00000111066.1	0
ENSMUSG00000111067.1	0
ENSMUSG00000111068.1	0
ENSMUSG00000111069.1	0
ENSMUSG00000111070.1	0
ENSMUSG00000111071.1	0
ENSMUSG00000111072.1	0
ENSMUSG00000111073.1	0
ENSMUSG00000111074.1	0
ENSMUSG00000111075.1	0
ENSMUSG00000111077.1	0
ENSMUSG00000111078.1	0
ENSMUSG00000111079.1	0
ENSMUSG00000111080.1	441.862658716419
ENSMUSG00000111081.1	0
ENSMUSG00000111082.1	0
ENSMUSG00000111083.1	0
ENSMUSG00000111084.1	0
ENSMUSG00000111085.1	0
ENSMUSG00000111086.1	0
ENSMUSG00000111087.1	0
ENSMUSG00000111088.1	25.06733481021
ENSMUSG00000111089.1	0
ENSMUSG00000111090.1	2.08315481849766
ENSMUSG00000111091.1	0
ENSMUSG00000111092.1	0
ENSMUSG00000111093.1	0
ENSMUSG00000111094.1	26.4682043803317
ENSMUSG00000111095.1	0
ENSMUSG00000111096.1	0
ENSMUSG00000111097.1	0
ENSMUSG00000111098.1	0
ENSMUSG00000111100.1	0
ENSMUSG00000111102.1	0
ENSMUSG00000111103.1	0
ENSMUSG00000111104.1	0
ENSMUSG00000111105.1	0
ENSMUSG00000111106.1	0
ENSMUSG00000111107.1	0
ENSMUSG00000111108.1	2.49467956688913
ENSMUSG00000111109.1	0
ENSMUSG00000111110.1	0
ENSMUSG00000111111.1	0
ENSMUSG00000111112.1	0
ENSMUSG00000111114.1	0
ENSMUSG00000111115.1	0
ENSMUSG00000111116.1	0
ENSMUSG00000111117.1	0
ENSMUSG00000111118.1	18.2462301752108
ENSMUSG00000111119.1	0
ENSMUSG00000111120.1	0
ENSMUSG00000111121.1	0
ENSMUSG00000111122.1	0
ENSMUSG00000111124.1	0
ENSMUSG00000111126.1	0
ENSMUSG00000111127.1	0
ENSMUSG00000111128.1	138.925542722262
ENSMUSG00000111129.1	0
ENSMUSG00000111131.1	0
ENSMUSG00000111132.1	0
ENSMUSG00000111133.1	0
ENSMUSG00000111135.1	0
ENSMUSG00000111137.1	68.5720395422482
ENSMUSG00000111139.1	0
ENSMUSG00000111141.1	0
ENSMUSG00000111142.1	0
ENSMUSG00000111143.1	0
ENSMUSG00000111144.1	0
ENSMUSG00000111146.1	0
ENSMUSG00000111147.1	0
ENSMUSG00000111148.1	0
ENSMUSG00000111149.1	0
ENSMUSG00000111151.1	0
ENSMUSG00000111152.1	0
ENSMUSG00000111153.1	0
ENSMUSG00000111154.1	0
ENSMUSG00000111155.1	0
ENSMUSG00000111156.1	0
ENSMUSG00000111157.1	0
ENSMUSG00000111159.1	0
ENSMUSG00000111160.1	0
ENSMUSG00000111161.1	0
ENSMUSG00000111162.1	7.19945146852227
ENSMUSG00000111163.1	3.10165126062966
ENSMUSG00000111164.1	0
ENSMUSG00000111165.1	0
ENSMUSG00000111166.1	0
ENSMUSG00000111167.1	0
ENSMUSG00000111168.1	0
ENSMUSG00000111169.1	0
ENSMUSG00000111171.1	0
ENSMUSG00000111172.1	0
ENSMUSG00000111173.1	0
ENSMUSG00000111174.1	0
ENSMUSG00000111175.1	0
ENSMUSG00000111176.1	0
ENSMUSG00000111177.1	0
ENSMUSG00000111179.1	0
ENSMUSG00000111180.1	0
ENSMUSG00000111181.1	0
ENSMUSG00000111182.1	0
ENSMUSG00000111183.1	0
ENSMUSG00000111184.1	0
ENSMUSG00000111186.1	0
ENSMUSG00000111188.1	0
ENSMUSG00000111189.1	0
ENSMUSG00000111190.2	0
ENSMUSG00000111191.1	0
ENSMUSG00000111192.1	0
ENSMUSG00000111193.1	0
ENSMUSG00000111194.1	0
ENSMUSG00000111195.1	0
ENSMUSG00000111196.1	0
ENSMUSG00000111197.1	2.89993078669306
ENSMUSG00000111198.1	0
ENSMUSG00000111199.1	0
ENSMUSG00000111200.1	0
ENSMUSG00000111201.1	0
ENSMUSG00000111202.1	0
ENSMUSG00000111203.1	0
ENSMUSG00000111204.1	0
ENSMUSG00000111205.1	0
ENSMUSG00000111207.1	0
ENSMUSG00000111208.1	0
ENSMUSG00000111209.1	0
ENSMUSG00000111210.1	0
ENSMUSG00000111211.1	0
ENSMUSG00000111212.1	0
ENSMUSG00000111213.1	0
ENSMUSG00000111215.1	0
ENSMUSG00000111216.1	0
ENSMUSG00000111217.1	0
ENSMUSG00000111218.1	0
ENSMUSG00000111219.1	0
ENSMUSG00000111221.1	0
ENSMUSG00000111222.1	0
ENSMUSG00000111223.1	0
ENSMUSG00000111224.1	0
ENSMUSG00000111225.1	0
ENSMUSG00000111227.1	0
ENSMUSG00000111228.1	0
ENSMUSG00000111229.1	0
ENSMUSG00000111231.1	0
ENSMUSG00000111232.1	0
ENSMUSG00000111233.1	0
ENSMUSG00000111234.1	0
ENSMUSG00000111235.1	0
ENSMUSG00000111236.1	0
ENSMUSG00000111238.1	0
ENSMUSG00000111239.1	0
ENSMUSG00000111240.1	0
ENSMUSG00000111241.1	0
ENSMUSG00000111242.1	0
ENSMUSG00000111243.1	0
ENSMUSG00000111244.1	0
ENSMUSG00000111245.1	0
ENSMUSG00000111246.1	6.74351263465783
ENSMUSG00000111248.1	0
ENSMUSG00000111249.1	0
ENSMUSG00000111250.1	0
ENSMUSG00000111251.1	0
ENSMUSG00000111252.1	0
ENSMUSG00000111253.1	0
ENSMUSG00000111254.1	0
ENSMUSG00000111256.1	0
ENSMUSG00000111257.1	0
ENSMUSG00000111258.1	0
ENSMUSG00000111259.2	0
ENSMUSG00000111260.1	0
ENSMUSG00000111262.1	0
ENSMUSG00000111263.1	0
ENSMUSG00000111264.1	0
ENSMUSG00000111265.1	0
ENSMUSG00000111266.1	0
ENSMUSG00000111267.1	0
ENSMUSG00000111268.1	0
ENSMUSG00000111269.1	0
ENSMUSG00000111270.1	0
ENSMUSG00000111271.1	0
ENSMUSG00000111272.1	0
ENSMUSG00000111273.1	0
ENSMUSG00000111274.1	0
ENSMUSG00000111275.1	0
ENSMUSG00000111276.1	0
ENSMUSG00000111278.1	0
ENSMUSG00000111280.1	0
ENSMUSG00000111281.1	0
ENSMUSG00000111282.1	0
ENSMUSG00000111283.1	0
ENSMUSG00000111284.1	0
ENSMUSG00000111285.1	0
ENSMUSG00000111286.1	0
ENSMUSG00000111290.1	0
ENSMUSG00000111291.1	71.0346335997444
ENSMUSG00000111292.1	0
ENSMUSG00000111293.1	22.5782733286232
ENSMUSG00000111294.1	0
ENSMUSG00000111295.1	0
ENSMUSG00000111296.1	0
ENSMUSG00000111297.1	0
ENSMUSG00000111298.1	0
ENSMUSG00000111299.1	0
ENSMUSG00000111300.1	0
ENSMUSG00000111301.1	0
ENSMUSG00000111302.1	0
ENSMUSG00000111303.1	0
ENSMUSG00000111304.1	0
ENSMUSG00000111305.1	0
ENSMUSG00000111306.2	0
ENSMUSG00000111308.1	0
ENSMUSG00000111309.1	0
ENSMUSG00000111310.1	0
ENSMUSG00000111312.1	2.95202292207913
ENSMUSG00000111313.1	0
ENSMUSG00000111315.1	0
ENSMUSG00000111316.1	0
ENSMUSG00000111317.1	0
ENSMUSG00000111318.1	0
ENSMUSG00000111320.1	0
ENSMUSG00000111322.1	0
ENSMUSG00000111323.1	0
ENSMUSG00000111324.1	0
ENSMUSG00000111325.1	0
ENSMUSG00000111326.1	0
ENSMUSG00000111327.1	0
ENSMUSG00000111329.1	46.8038004794577
ENSMUSG00000111330.1	0
ENSMUSG00000111333.1	0
ENSMUSG00000111334.1	36.8910322910329
ENSMUSG00000111335.1	0
ENSMUSG00000111336.1	0
ENSMUSG00000111337.1	0
ENSMUSG00000111338.1	0
ENSMUSG00000111339.1	0
ENSMUSG00000111340.1	0
ENSMUSG00000111341.1	0
ENSMUSG00000111342.1	0
ENSMUSG00000111343.1	0
ENSMUSG00000111344.1	0
ENSMUSG00000111345.1	0
ENSMUSG00000111346.1	0
ENSMUSG00000111348.1	138.545635309488
ENSMUSG00000111349.1	0
ENSMUSG00000111350.1	0
ENSMUSG00000111351.1	0
ENSMUSG00000111352.1	0
ENSMUSG00000111353.1	0
ENSMUSG00000111354.1	0
ENSMUSG00000111355.1	0
ENSMUSG00000111356.1	0
ENSMUSG00000111357.1	0
ENSMUSG00000111358.1	0
ENSMUSG00000111359.1	0
ENSMUSG00000111360.1	0
ENSMUSG00000111361.1	0
ENSMUSG00000111362.1	0
ENSMUSG00000111363.1	0
ENSMUSG00000111364.1	0
ENSMUSG00000111365.1	0
ENSMUSG00000111366.1	0
ENSMUSG00000111368.1	0
ENSMUSG00000111369.1	0
ENSMUSG00000111371.1	0
ENSMUSG00000111373.1	0
ENSMUSG00000111374.1	84.1415953983613
ENSMUSG00000111375.4	960.709472156104
ENSMUSG00000111376.1	0
ENSMUSG00000111377.1	0
ENSMUSG00000111378.1	0
ENSMUSG00000111379.1	0
ENSMUSG00000111380.1	76.8201066324397
ENSMUSG00000111381.1	0
ENSMUSG00000111382.1	0
ENSMUSG00000111383.1	0
ENSMUSG00000111384.1	0
ENSMUSG00000111386.1	0
ENSMUSG00000111387.1	0
ENSMUSG00000111388.1	3.60225387264716
ENSMUSG00000111389.1	0
ENSMUSG00000111390.1	0
ENSMUSG00000111394.1	3.04481496432166
ENSMUSG00000111395.1	0
ENSMUSG00000111396.1	0
ENSMUSG00000111397.1	0
ENSMUSG00000111398.1	0
ENSMUSG00000111399.1	0
ENSMUSG00000111400.1	0
ENSMUSG00000111403.1	0
ENSMUSG00000111404.1	0
ENSMUSG00000111405.1	0
ENSMUSG00000111406.1	0
ENSMUSG00000111409.1	0
ENSMUSG00000111410.1	0
ENSMUSG00000111411.1	0
ENSMUSG00000111412.1	0
ENSMUSG00000111413.1	0
ENSMUSG00000111414.1	0
ENSMUSG00000111415.1	0
ENSMUSG00000111416.1	0
ENSMUSG00000111417.1	0
ENSMUSG00000111418.1	0
ENSMUSG00000111419.1	0
ENSMUSG00000111420.1	0
ENSMUSG00000111421.1	0
ENSMUSG00000111422.1	0
ENSMUSG00000111423.1	0
ENSMUSG00000111424.1	0
ENSMUSG00000111425.1	0
ENSMUSG00000111426.1	0
ENSMUSG00000111427.1	0
ENSMUSG00000111428.1	0
ENSMUSG00000111429.1	0
ENSMUSG00000111430.1	0
ENSMUSG00000111431.1	0
ENSMUSG00000111432.1	0
ENSMUSG00000111433.1	0
ENSMUSG00000111434.1	0
ENSMUSG00000111435.1	0
ENSMUSG00000111436.1	0
ENSMUSG00000111437.1	0
ENSMUSG00000111438.1	0
ENSMUSG00000111439.1	0
ENSMUSG00000111440.1	0
ENSMUSG00000111441.1	0
ENSMUSG00000111442.1	0
ENSMUSG00000111443.1	0
ENSMUSG00000111444.1	0
ENSMUSG00000111445.1	0
ENSMUSG00000111446.1	21.8168979238252
ENSMUSG00000111447.1	68.8528501726068
ENSMUSG00000111448.2	0
ENSMUSG00000111449.1	0
ENSMUSG00000111450.1	0
ENSMUSG00000111451.1	0
ENSMUSG00000111453.1	0
ENSMUSG00000111454.2	0
ENSMUSG00000111455.1	0
ENSMUSG00000111456.1	0
ENSMUSG00000111457.1	0
ENSMUSG00000111458.1	0
ENSMUSG00000111459.1	0
ENSMUSG00000111460.1	0
ENSMUSG00000111462.2	60.586555516768
ENSMUSG00000111463.1	0
ENSMUSG00000111464.1	0
ENSMUSG00000111465.1	9.91969716029764
ENSMUSG00000111466.1	0
ENSMUSG00000111467.1	0
ENSMUSG00000111468.1	0
ENSMUSG00000111470.1	0
ENSMUSG00000111471.1	0
ENSMUSG00000111472.1	0
ENSMUSG00000111473.1	0
ENSMUSG00000111474.1	61.9672624029715
ENSMUSG00000111477.1	0
ENSMUSG00000111478.1	0
ENSMUSG00000111479.1	0
ENSMUSG00000111480.1	0
ENSMUSG00000111481.1	0
ENSMUSG00000111482.1	74.1478019352437
ENSMUSG00000111483.1	0
ENSMUSG00000111484.1	0
ENSMUSG00000111485.1	0
ENSMUSG00000111486.1	0
ENSMUSG00000111487.1	0
ENSMUSG00000111488.1	0
ENSMUSG00000111489.1	0
ENSMUSG00000111490.1	0
ENSMUSG00000111491.1	0
ENSMUSG00000111492.1	0
ENSMUSG00000111493.1	0
ENSMUSG00000111494.1	0
ENSMUSG00000111495.1	0
ENSMUSG00000111496.1	0
ENSMUSG00000111497.1	49.8153126825709
ENSMUSG00000111498.1	0
ENSMUSG00000111499.1	0
ENSMUSG00000111500.1	0
ENSMUSG00000111503.1	0
ENSMUSG00000111504.1	30.3344146274306
ENSMUSG00000111505.1	0
ENSMUSG00000111506.1	0
ENSMUSG00000111507.1	0
ENSMUSG00000111508.1	0
ENSMUSG00000111509.1	0
ENSMUSG00000111510.2	0
ENSMUSG00000111511.1	0
ENSMUSG00000111512.1	0
ENSMUSG00000111514.1	0
ENSMUSG00000111515.1	0
ENSMUSG00000111517.1	0
ENSMUSG00000111518.1	0
ENSMUSG00000111520.1	0
ENSMUSG00000111521.1	0
ENSMUSG00000111523.1	0
ENSMUSG00000111524.1	0
ENSMUSG00000111525.1	0
ENSMUSG00000111526.1	0
ENSMUSG00000111528.1	0
ENSMUSG00000111529.1	0
ENSMUSG00000111530.1	98.4895298170802
ENSMUSG00000111531.1	0
ENSMUSG00000111532.1	0
ENSMUSG00000111533.1	0
ENSMUSG00000111534.1	0
ENSMUSG00000111535.1	0
ENSMUSG00000111537.1	0
ENSMUSG00000111539.1	0
ENSMUSG00000111540.1	0
ENSMUSG00000111541.1	0
ENSMUSG00000111542.1	0
ENSMUSG00000111543.1	0
ENSMUSG00000111544.1	0
ENSMUSG00000111545.1	0
ENSMUSG00000111546.1	0
ENSMUSG00000111547.1	43.3589154184442
ENSMUSG00000111548.1	0
ENSMUSG00000111549.1	0
ENSMUSG00000111550.1	0
ENSMUSG00000111551.1	0
ENSMUSG00000111552.1	0
ENSMUSG00000111553.1	0
ENSMUSG00000111554.1	0
ENSMUSG00000111555.1	0
ENSMUSG00000111556.1	0
ENSMUSG00000111557.1	0
ENSMUSG00000111558.1	0
ENSMUSG00000111560.1	0
ENSMUSG00000111561.1	0
ENSMUSG00000111562.1	0
ENSMUSG00000111563.1	0
ENSMUSG00000111564.1	0
ENSMUSG00000111565.1	0
ENSMUSG00000111566.1	0
ENSMUSG00000111567.1	0
ENSMUSG00000111568.1	0
ENSMUSG00000111569.1	0
ENSMUSG00000111570.1	0
ENSMUSG00000111572.1	0
ENSMUSG00000111573.1	0
ENSMUSG00000111574.1	0
ENSMUSG00000111575.1	0
ENSMUSG00000111576.1	0
ENSMUSG00000111577.1	0
ENSMUSG00000111578.1	0
ENSMUSG00000111580.1	0
ENSMUSG00000111581.1	0
ENSMUSG00000111582.1	0
ENSMUSG00000111583.1	28.9676593197278
ENSMUSG00000111585.1	0
ENSMUSG00000111587.1	0
ENSMUSG00000111589.1	0
ENSMUSG00000111590.2	0
ENSMUSG00000111591.1	0
ENSMUSG00000111593.1	0
ENSMUSG00000111594.1	0
ENSMUSG00000111596.1	4.95867814571085
ENSMUSG00000111597.1	0
ENSMUSG00000111598.1	0
ENSMUSG00000111600.1	0
ENSMUSG00000111601.1	0
ENSMUSG00000111602.1	0
ENSMUSG00000111604.1	0
ENSMUSG00000111605.1	0
ENSMUSG00000111606.1	0
ENSMUSG00000111608.1	0
ENSMUSG00000111609.1	0
ENSMUSG00000111610.1	0
ENSMUSG00000111611.1	0
ENSMUSG00000111612.1	0
ENSMUSG00000111613.1	39.511806661373
ENSMUSG00000111615.1	0
ENSMUSG00000111616.1	0
ENSMUSG00000111617.1	0
ENSMUSG00000111618.1	0
ENSMUSG00000111619.1	0
ENSMUSG00000111620.1	0
ENSMUSG00000111621.1	0
ENSMUSG00000111622.1	0
ENSMUSG00000111623.1	0
ENSMUSG00000111625.1	0
ENSMUSG00000111626.1	0
ENSMUSG00000111627.1	0
ENSMUSG00000111629.1	0
ENSMUSG00000111630.1	0
ENSMUSG00000111631.1	0
ENSMUSG00000111632.1	0
ENSMUSG00000111633.1	0
ENSMUSG00000111635.1	0
ENSMUSG00000111637.1	0
ENSMUSG00000111638.1	0
ENSMUSG00000111639.1	0
ENSMUSG00000111641.1	0
ENSMUSG00000111643.1	0
ENSMUSG00000111645.1	0
ENSMUSG00000111646.1	0
ENSMUSG00000111648.1	0
ENSMUSG00000111649.1	0
ENSMUSG00000111651.1	0
ENSMUSG00000111652.1	0
ENSMUSG00000111654.1	0
ENSMUSG00000111655.1	0
ENSMUSG00000111656.1	0
ENSMUSG00000111657.1	0
ENSMUSG00000111658.1	0
ENSMUSG00000111660.1	0
ENSMUSG00000111661.1	0
ENSMUSG00000111662.1	0
ENSMUSG00000111663.1	0
ENSMUSG00000111664.1	0
ENSMUSG00000111665.1	0
ENSMUSG00000111666.1	0
ENSMUSG00000111667.1	0
ENSMUSG00000111668.1	0
ENSMUSG00000111669.1	0
ENSMUSG00000111670.1	0
ENSMUSG00000111671.1	6.65783683379818
ENSMUSG00000111672.1	0
ENSMUSG00000111673.1	11.440981025398
ENSMUSG00000111674.1	0
ENSMUSG00000111678.2	0
ENSMUSG00000111679.1	0
ENSMUSG00000111680.1	0
ENSMUSG00000111681.1	0
ENSMUSG00000111682.1	0
ENSMUSG00000111683.1	0
ENSMUSG00000111684.1	1.6879537290678
ENSMUSG00000111685.1	0
ENSMUSG00000111686.1	31.9832290288926
ENSMUSG00000111687.1	0
ENSMUSG00000111689.1	0
ENSMUSG00000111690.1	0
ENSMUSG00000111691.1	0
ENSMUSG00000111692.1	48.1779841443936
ENSMUSG00000111693.1	0
ENSMUSG00000111694.1	0
ENSMUSG00000111695.1	0
ENSMUSG00000111696.1	0
ENSMUSG00000111697.1	0
ENSMUSG00000111698.1	0
ENSMUSG00000111699.1	0
ENSMUSG00000111700.1	0
ENSMUSG00000111702.1	0
ENSMUSG00000111703.1	0
ENSMUSG00000111704.1	0
ENSMUSG00000111707.1	0
ENSMUSG00000111708.1	0
ENSMUSG00000111709.1	0
ENSMUSG00000111710.1	0
ENSMUSG00000111711.1	0
ENSMUSG00000111712.1	13.1686671021869
ENSMUSG00000111713.1	0
ENSMUSG00000111715.1	0
ENSMUSG00000111716.1	0
ENSMUSG00000111717.1	0
ENSMUSG00000111719.1	0
ENSMUSG00000111720.1	0
ENSMUSG00000111722.1	0
ENSMUSG00000111725.1	0
ENSMUSG00000111726.1	0
ENSMUSG00000111728.1	0
ENSMUSG00000111729.1	0
ENSMUSG00000111730.1	0
ENSMUSG00000111731.1	0
ENSMUSG00000111732.1	0
ENSMUSG00000111733.1	0
ENSMUSG00000111734.1	0
ENSMUSG00000111736.1	0
ENSMUSG00000111737.1	0
ENSMUSG00000111738.1	0
ENSMUSG00000111739.1	0
ENSMUSG00000111740.1	0
ENSMUSG00000111741.1	0
ENSMUSG00000111743.1	0
ENSMUSG00000111744.1	0
ENSMUSG00000111746.1	0
ENSMUSG00000111747.2	0
ENSMUSG00000111748.1	0
ENSMUSG00000111749.1	0
ENSMUSG00000111750.1	0
ENSMUSG00000111751.1	0
ENSMUSG00000111752.1	0
ENSMUSG00000111753.1	0
ENSMUSG00000111754.1	0
ENSMUSG00000111755.1	0
ENSMUSG00000111756.1	0
ENSMUSG00000111757.1	0
ENSMUSG00000111758.1	0
ENSMUSG00000111759.1	0
ENSMUSG00000111760.1	0
ENSMUSG00000111761.1	0
ENSMUSG00000111762.1	0
ENSMUSG00000111763.1	0
ENSMUSG00000111764.1	0
ENSMUSG00000111765.1	0
ENSMUSG00000111766.1	0
ENSMUSG00000111767.1	1.40686219444409
ENSMUSG00000111769.1	0
ENSMUSG00000111770.1	0
ENSMUSG00000111771.1	0
ENSMUSG00000111772.2	0
ENSMUSG00000111774.1	0
ENSMUSG00000111776.1	0
ENSMUSG00000111777.1	0
ENSMUSG00000111778.1	0
ENSMUSG00000111780.1	0
ENSMUSG00000111781.1	0
ENSMUSG00000111782.1	0
ENSMUSG00000111783.1	0
ENSMUSG00000111785.1	0
ENSMUSG00000111786.1	0
ENSMUSG00000111787.1	0
ENSMUSG00000111788.1	0
ENSMUSG00000111789.1	0
ENSMUSG00000111792.1	0
ENSMUSG00000111793.1	0
ENSMUSG00000111794.1	0
ENSMUSG00000111795.1	0
ENSMUSG00000111796.1	0
ENSMUSG00000111797.1	0
ENSMUSG00000111799.1	0
ENSMUSG00000111800.1	0
ENSMUSG00000111801.1	0
ENSMUSG00000111802.1	0
ENSMUSG00000111803.1	0
ENSMUSG00000111805.1	0
ENSMUSG00000111806.1	0
ENSMUSG00000111807.1	0
ENSMUSG00000111808.1	0
ENSMUSG00000111809.1	0
ENSMUSG00000111810.1	0
ENSMUSG00000111811.1	0
ENSMUSG00000111812.1	0
ENSMUSG00000111814.1	0
ENSMUSG00000111815.1	0
ENSMUSG00000111816.1	0
ENSMUSG00000111817.1	11.2392605514614
ENSMUSG00000111818.1	0
ENSMUSG00000111819.1	0
ENSMUSG00000111820.1	0
ENSMUSG00000111821.1	0
ENSMUSG00000111822.1	0
ENSMUSG00000111823.1	0
ENSMUSG00000111824.1	0
ENSMUSG00000111825.1	0
ENSMUSG00000111827.1	0
ENSMUSG00000111828.1	43.2815106876129
ENSMUSG00000111829.1	0
ENSMUSG00000111830.1	0
ENSMUSG00000111831.1	0
ENSMUSG00000111833.1	0
ENSMUSG00000111834.1	0
ENSMUSG00000111836.1	94.0900072168705
ENSMUSG00000111837.1	74.2313241367375
ENSMUSG00000111839.1	0
ENSMUSG00000111840.1	0
ENSMUSG00000111841.1	0
ENSMUSG00000111842.1	0
ENSMUSG00000111843.1	0
ENSMUSG00000111844.1	0
ENSMUSG00000111845.1	0
ENSMUSG00000111846.1	0
ENSMUSG00000111847.1	0
ENSMUSG00000111849.1	0
ENSMUSG00000111850.1	0
ENSMUSG00000111852.1	0
ENSMUSG00000111853.1	43.0986732226089
ENSMUSG00000111854.1	0
ENSMUSG00000111856.1	0
ENSMUSG00000111857.1	0
ENSMUSG00000111858.1	4.08803098178366
ENSMUSG00000111859.1	0
ENSMUSG00000111862.1	0
ENSMUSG00000111863.2	0
ENSMUSG00000111864.1	0
ENSMUSG00000111865.1	0
ENSMUSG00000111866.1	0
ENSMUSG00000111867.1	0
ENSMUSG00000111868.1	0
ENSMUSG00000111869.1	0
ENSMUSG00000111870.1	0
ENSMUSG00000111871.1	0
ENSMUSG00000111873.1	0
ENSMUSG00000111874.1	0
ENSMUSG00000111875.1	9.31768810857412
ENSMUSG00000111876.1	0
ENSMUSG00000111877.1	0
ENSMUSG00000111878.1	0
ENSMUSG00000111880.1	0
ENSMUSG00000111881.1	0
ENSMUSG00000111882.2	0
ENSMUSG00000111883.1	0
ENSMUSG00000111884.1	0
ENSMUSG00000111885.1	0
ENSMUSG00000111886.1	0
ENSMUSG00000111887.1	0
ENSMUSG00000111888.1	0
ENSMUSG00000111889.1	0
ENSMUSG00000111890.1	0
ENSMUSG00000111891.1	0
ENSMUSG00000111892.1	0
ENSMUSG00000111893.1	0
ENSMUSG00000111894.1	0
ENSMUSG00000111895.1	0
ENSMUSG00000111896.1	0
ENSMUSG00000111897.1	58.0617879819267
ENSMUSG00000111898.1	0
ENSMUSG00000111899.1	0
ENSMUSG00000111900.1	0
ENSMUSG00000111901.1	0
ENSMUSG00000111902.1	0
ENSMUSG00000111903.1	0
ENSMUSG00000111904.1	73.7331248167659
ENSMUSG00000111905.1	7.87992644496753
ENSMUSG00000111906.1	0
ENSMUSG00000111907.1	0
ENSMUSG00000111908.1	0
ENSMUSG00000111909.1	0
ENSMUSG00000111910.1	0
ENSMUSG00000111911.1	0
ENSMUSG00000111912.1	0
ENSMUSG00000111913.1	0
ENSMUSG00000111914.1	0
ENSMUSG00000111915.1	0
ENSMUSG00000111916.1	0
ENSMUSG00000111917.1	0
ENSMUSG00000111918.1	0
ENSMUSG00000111919.1	0
ENSMUSG00000111920.1	0
ENSMUSG00000111921.1	0
ENSMUSG00000111922.1	0
ENSMUSG00000111923.1	0
ENSMUSG00000111924.1	0
ENSMUSG00000111925.1	0
ENSMUSG00000111926.1	0
ENSMUSG00000111927.1	0
ENSMUSG00000111928.1	0
ENSMUSG00000111929.1	39.9834137109138
ENSMUSG00000111930.1	0
ENSMUSG00000111931.1	0
ENSMUSG00000111932.1	3.71018353362081
ENSMUSG00000111933.1	0
ENSMUSG00000111934.1	0
ENSMUSG00000111935.1	0
ENSMUSG00000111936.1	0
ENSMUSG00000111937.1	0
ENSMUSG00000111938.1	46.3316628329717
ENSMUSG00000111939.1	0
ENSMUSG00000111940.1	0
ENSMUSG00000111941.1	0
ENSMUSG00000111942.1	14.0283277881896
ENSMUSG00000111943.1	0
ENSMUSG00000111944.1	0
ENSMUSG00000111945.1	0
ENSMUSG00000111946.1	0
ENSMUSG00000111947.1	0
ENSMUSG00000111948.1	0
ENSMUSG00000111949.1	0
ENSMUSG00000111950.1	0
ENSMUSG00000111951.1	0
ENSMUSG00000111952.1	0
ENSMUSG00000111953.1	0
ENSMUSG00000111954.1	0
ENSMUSG00000111955.1	0
ENSMUSG00000111956.1	0
ENSMUSG00000111957.1	0
ENSMUSG00000111958.1	0
ENSMUSG00000111959.1	0
ENSMUSG00000111960.1	0
ENSMUSG00000111961.1	0
ENSMUSG00000111962.1	0
ENSMUSG00000111963.1	0
ENSMUSG00000111964.1	0
ENSMUSG00000111965.1	0
ENSMUSG00000111966.1	0
ENSMUSG00000111967.1	0
ENSMUSG00000111968.1	0
ENSMUSG00000111969.1	0
ENSMUSG00000111970.1	0
ENSMUSG00000111971.1	0
ENSMUSG00000111972.1	0
ENSMUSG00000111973.1	0
ENSMUSG00000111974.1	0
ENSMUSG00000111975.1	0
ENSMUSG00000111976.1	0
ENSMUSG00000111977.1	1659.42234528338
ENSMUSG00000111978.1	0
ENSMUSG00000111979.1	0
ENSMUSG00000111980.1	0
ENSMUSG00000111981.1	0
ENSMUSG00000111982.1	0
ENSMUSG00000111983.1	0
ENSMUSG00000111984.1	0
ENSMUSG00000111985.1	0
ENSMUSG00000111986.1	0
ENSMUSG00000111987.1	0
ENSMUSG00000111988.1	0
ENSMUSG00000111989.1	0
ENSMUSG00000111990.1	0
ENSMUSG00000111991.1	0
ENSMUSG00000111992.1	0
ENSMUSG00000111993.1	0
ENSMUSG00000111994.1	0
ENSMUSG00000111995.1	0
ENSMUSG00000111996.1	0
ENSMUSG00000111997.1	44.43621448674
ENSMUSG00000111998.1	0
ENSMUSG00000111999.1	0
ENSMUSG00000112000.1	28.5091923474773
ENSMUSG00000112001.1	0
ENSMUSG00000112002.1	0
ENSMUSG00000112003.1	57.2090874793818
ENSMUSG00000112004.1	0
ENSMUSG00000112005.1	0
ENSMUSG00000112006.1	0
ENSMUSG00000112007.1	3.28114908603726
ENSMUSG00000112008.1	0
ENSMUSG00000112009.1	0
ENSMUSG00000112010.1	0
ENSMUSG00000112011.1	0
ENSMUSG00000112012.1	0
ENSMUSG00000112013.1	0
ENSMUSG00000112014.1	0
ENSMUSG00000112015.1	0
ENSMUSG00000112016.1	0
ENSMUSG00000112017.1	0
ENSMUSG00000112018.1	0
ENSMUSG00000112019.1	0
ENSMUSG00000112020.1	0
ENSMUSG00000112021.1	0
ENSMUSG00000112022.2	0
ENSMUSG00000112023.1	0
ENSMUSG00000112024.1	0
ENSMUSG00000112025.1	0
ENSMUSG00000112026.1	0
ENSMUSG00000112027.1	0
ENSMUSG00000112028.1	0
ENSMUSG00000112029.1	0
ENSMUSG00000112030.1	0
ENSMUSG00000112031.1	0
ENSMUSG00000112032.1	0
ENSMUSG00000112033.1	0
ENSMUSG00000112034.1	0
ENSMUSG00000112035.1	0
ENSMUSG00000112036.1	0
ENSMUSG00000112037.1	0
ENSMUSG00000112038.1	0
ENSMUSG00000112039.1	0
ENSMUSG00000112040.1	0
ENSMUSG00000112041.1	0
ENSMUSG00000112042.1	0
ENSMUSG00000112043.1	0
ENSMUSG00000112044.1	0
ENSMUSG00000112045.1	0
ENSMUSG00000112046.1	0
ENSMUSG00000112047.1	0
ENSMUSG00000112048.1	0
ENSMUSG00000112049.1	0
ENSMUSG00000112050.1	0
ENSMUSG00000112051.1	0
ENSMUSG00000112052.1	0
ENSMUSG00000112053.1	0
ENSMUSG00000112054.1	62.4571906529147
ENSMUSG00000112055.1	0
ENSMUSG00000112056.1	0
ENSMUSG00000112057.1	0
ENSMUSG00000112058.1	62.9436856285065
ENSMUSG00000112059.1	0
ENSMUSG00000112060.1	0
ENSMUSG00000112061.1	0
ENSMUSG00000112062.1	0
ENSMUSG00000112063.1	0
ENSMUSG00000112064.1	0
ENSMUSG00000112065.1	0
ENSMUSG00000112066.1	0
ENSMUSG00000112067.1	0
ENSMUSG00000112068.1	0
ENSMUSG00000112069.1	0
ENSMUSG00000112070.1	0
ENSMUSG00000112071.1	0
ENSMUSG00000112072.1	0
ENSMUSG00000112073.1	277.360782655561
ENSMUSG00000112074.1	0
ENSMUSG00000112075.1	0
ENSMUSG00000112076.1	0
ENSMUSG00000112077.1	0
ENSMUSG00000112078.1	0
ENSMUSG00000112079.1	0
ENSMUSG00000112080.1	0
ENSMUSG00000112081.1	0
ENSMUSG00000112082.1	0
ENSMUSG00000112083.1	0
ENSMUSG00000112084.1	0
ENSMUSG00000112085.1	0
ENSMUSG00000112086.1	0
ENSMUSG00000112087.1	0
ENSMUSG00000112088.1	0
ENSMUSG00000112089.1	0
ENSMUSG00000112090.1	0
ENSMUSG00000112091.1	0
ENSMUSG00000112092.1	0
ENSMUSG00000112093.1	0
ENSMUSG00000112094.1	0
ENSMUSG00000112095.1	19.1423459925083
ENSMUSG00000112096.1	127.404816097157
ENSMUSG00000112097.1	0
ENSMUSG00000112098.1	0
ENSMUSG00000112099.1	0
ENSMUSG00000112100.1	0
ENSMUSG00000112101.1	0
ENSMUSG00000112102.1	0
ENSMUSG00000112103.1	0
ENSMUSG00000112104.1	0
ENSMUSG00000112105.1	0
ENSMUSG00000112106.1	0
ENSMUSG00000112107.1	0
ENSMUSG00000112108.1	0
ENSMUSG00000112109.1	0
ENSMUSG00000112110.1	0
ENSMUSG00000112111.1	0
ENSMUSG00000112112.1	0
ENSMUSG00000112113.1	0
ENSMUSG00000112114.1	0
ENSMUSG00000112115.1	0
ENSMUSG00000112116.1	0
ENSMUSG00000112117.1	391.835949968557
ENSMUSG00000112118.1	0
ENSMUSG00000112119.1	0
ENSMUSG00000112120.1	0
ENSMUSG00000112121.1	19.7304034657312
ENSMUSG00000112122.1	0
ENSMUSG00000112123.1	0
ENSMUSG00000112124.1	0
ENSMUSG00000112125.1	0
ENSMUSG00000112126.1	0
ENSMUSG00000112127.1	0
ENSMUSG00000112128.1	0
ENSMUSG00000112129.1	0
ENSMUSG00000112130.1	0
ENSMUSG00000112131.1	0
ENSMUSG00000112132.1	0
ENSMUSG00000112133.1	0
ENSMUSG00000112134.1	0
ENSMUSG00000112135.1	0
ENSMUSG00000112136.1	0
ENSMUSG00000112137.1	0
ENSMUSG00000112138.1	0
ENSMUSG00000112139.1	0
ENSMUSG00000112140.1	0
ENSMUSG00000112141.1	0
ENSMUSG00000112142.1	0
ENSMUSG00000112143.1	0
ENSMUSG00000112144.1	0
ENSMUSG00000112145.1	63.2322679435332
ENSMUSG00000112146.1	0
ENSMUSG00000112147.1	0
ENSMUSG00000112148.1	0
ENSMUSG00000112149.1	0
ENSMUSG00000112150.1	3.87763368721355
ENSMUSG00000112151.1	0
ENSMUSG00000112152.1	0
ENSMUSG00000112153.1	0
ENSMUSG00000112154.1	0
ENSMUSG00000112155.1	0
ENSMUSG00000112156.1	0
ENSMUSG00000112157.1	0
ENSMUSG00000112158.1	0
ENSMUSG00000112159.1	0
ENSMUSG00000112160.1	0
ENSMUSG00000112161.1	0
ENSMUSG00000112162.1	0
ENSMUSG00000112163.1	24.4509060062107
ENSMUSG00000112164.1	0
ENSMUSG00000112165.1	0
ENSMUSG00000112166.1	0
ENSMUSG00000112167.1	0
ENSMUSG00000112168.1	25.0300057545349
ENSMUSG00000112169.1	0
ENSMUSG00000112170.1	0
ENSMUSG00000112171.1	0
ENSMUSG00000112172.1	0
ENSMUSG00000112173.1	0
ENSMUSG00000112174.1	0
ENSMUSG00000112175.1	0
ENSMUSG00000112176.1	0
ENSMUSG00000112177.1	0
ENSMUSG00000112178.1	0
ENSMUSG00000112179.1	0
ENSMUSG00000112180.1	0
ENSMUSG00000112181.1	0
ENSMUSG00000112182.1	0
ENSMUSG00000112183.1	0
ENSMUSG00000112184.1	0
ENSMUSG00000112185.1	0
ENSMUSG00000112186.1	0
ENSMUSG00000112187.1	0
ENSMUSG00000112188.1	0
ENSMUSG00000112189.1	0
ENSMUSG00000112190.1	0
ENSMUSG00000112191.1	0
ENSMUSG00000112192.1	0
ENSMUSG00000112193.1	0
ENSMUSG00000112194.1	0
ENSMUSG00000112195.1	0
ENSMUSG00000112196.1	0
ENSMUSG00000112197.1	0
ENSMUSG00000112198.1	0
ENSMUSG00000112199.1	0
ENSMUSG00000112200.1	0
ENSMUSG00000112201.1	0
ENSMUSG00000112202.1	0
ENSMUSG00000112203.1	0
ENSMUSG00000112204.1	0
ENSMUSG00000112205.1	0
ENSMUSG00000112206.1	0
ENSMUSG00000112207.1	0
ENSMUSG00000112208.1	0
ENSMUSG00000112209.1	0
ENSMUSG00000112210.1	0
ENSMUSG00000112211.1	0
ENSMUSG00000112212.1	0
ENSMUSG00000112213.1	0
ENSMUSG00000112214.1	0
ENSMUSG00000112215.1	0
ENSMUSG00000112216.1	0
ENSMUSG00000112217.1	0
ENSMUSG00000112218.1	0
ENSMUSG00000112219.1	0
ENSMUSG00000112220.1	0
ENSMUSG00000112221.1	0
ENSMUSG00000112222.1	0
ENSMUSG00000112223.1	0
ENSMUSG00000112224.1	0
ENSMUSG00000112225.1	0
ENSMUSG00000112226.1	0
ENSMUSG00000112227.1	0
ENSMUSG00000112228.1	0
ENSMUSG00000112229.1	0
ENSMUSG00000112230.2	0
ENSMUSG00000112231.1	0
ENSMUSG00000112232.1	0
ENSMUSG00000112233.1	0
ENSMUSG00000112234.1	0
ENSMUSG00000112235.1	0
ENSMUSG00000112236.1	0
ENSMUSG00000112237.1	0
ENSMUSG00000112238.1	0
ENSMUSG00000112239.1	1.79909818329776
ENSMUSG00000112240.1	0
ENSMUSG00000112241.1	436.466737476266
ENSMUSG00000112242.1	0
ENSMUSG00000112243.1	0
ENSMUSG00000112244.1	0
ENSMUSG00000112245.1	0
ENSMUSG00000112246.1	0
ENSMUSG00000112247.1	0
ENSMUSG00000112248.1	0
ENSMUSG00000112249.1	0
ENSMUSG00000112250.1	0
ENSMUSG00000112251.1	0
ENSMUSG00000112252.1	0.712654120593277
ENSMUSG00000112253.1	0
ENSMUSG00000112254.1	0
ENSMUSG00000112255.1	0
ENSMUSG00000112256.1	0
ENSMUSG00000112257.1	0
ENSMUSG00000112258.1	0
ENSMUSG00000112259.1	0
ENSMUSG00000112260.1	0
ENSMUSG00000112261.1	0
ENSMUSG00000112262.1	0
ENSMUSG00000112263.1	0
ENSMUSG00000112264.1	0
ENSMUSG00000112265.1	0
ENSMUSG00000112266.1	0
ENSMUSG00000112267.1	0
ENSMUSG00000112268.1	0
ENSMUSG00000112269.1	0
ENSMUSG00000112270.1	0
ENSMUSG00000112271.1	0
ENSMUSG00000112272.1	0
ENSMUSG00000112273.1	0
ENSMUSG00000112274.1	0
ENSMUSG00000112275.1	0
ENSMUSG00000112276.1	0
ENSMUSG00000112277.1	0
ENSMUSG00000112278.1	248.170772004203
ENSMUSG00000112279.1	0
ENSMUSG00000112280.1	132.123321096195
ENSMUSG00000112281.1	0
ENSMUSG00000112282.1	0
ENSMUSG00000112283.1	0
ENSMUSG00000112284.1	0
ENSMUSG00000112285.1	0
ENSMUSG00000112286.1	0
ENSMUSG00000112287.1	0
ENSMUSG00000112288.1	0
ENSMUSG00000112289.1	0
ENSMUSG00000112290.1	0
ENSMUSG00000112291.1	0
ENSMUSG00000112292.1	0
ENSMUSG00000112293.1	0
ENSMUSG00000112294.1	0
ENSMUSG00000112295.1	0
ENSMUSG00000112296.1	0
ENSMUSG00000112297.1	0
ENSMUSG00000112298.1	0
ENSMUSG00000112299.1	0
ENSMUSG00000112300.1	50.4875165889878
ENSMUSG00000112301.1	0
ENSMUSG00000112302.1	13.2362089721542
ENSMUSG00000112303.1	0
ENSMUSG00000112304.1	0
ENSMUSG00000112305.1	0
ENSMUSG00000112306.1	0
ENSMUSG00000112307.1	0
ENSMUSG00000112308.1	0
ENSMUSG00000112309.1	0
ENSMUSG00000112311.1	0
ENSMUSG00000112312.1	0
ENSMUSG00000112313.1	0
ENSMUSG00000112314.1	0
ENSMUSG00000112315.1	0
ENSMUSG00000112316.1	0
ENSMUSG00000112317.1	0
ENSMUSG00000112318.1	0
ENSMUSG00000112319.1	0
ENSMUSG00000112320.1	0
ENSMUSG00000112321.1	0
ENSMUSG00000112322.1	0
ENSMUSG00000112323.1	0
ENSMUSG00000112324.1	0
ENSMUSG00000112325.1	0
ENSMUSG00000112326.1	0
ENSMUSG00000112327.1	0
ENSMUSG00000112328.1	0
ENSMUSG00000112329.1	0
ENSMUSG00000112330.1	0
ENSMUSG00000112331.1	0
ENSMUSG00000112332.1	58.7533430710514
ENSMUSG00000112333.1	0
ENSMUSG00000112334.1	0
ENSMUSG00000112335.1	0
ENSMUSG00000112336.1	0
ENSMUSG00000112337.1	0
ENSMUSG00000112338.1	0
ENSMUSG00000112339.1	0
ENSMUSG00000112340.1	0
ENSMUSG00000112341.1	0
ENSMUSG00000112342.1	0
ENSMUSG00000112343.1	32.2011795270358
ENSMUSG00000112344.1	0
ENSMUSG00000112345.1	0
ENSMUSG00000112346.1	23.616120953463
ENSMUSG00000112347.1	0
ENSMUSG00000112348.1	22.4309546473636
ENSMUSG00000112349.1	0
ENSMUSG00000112350.1	0
ENSMUSG00000112351.1	0
ENSMUSG00000112352.1	0
ENSMUSG00000112353.1	0
ENSMUSG00000112354.1	0
ENSMUSG00000112355.1	0
ENSMUSG00000112357.1	0
ENSMUSG00000112358.1	18.1956049843203
ENSMUSG00000112359.1	0
ENSMUSG00000112360.1	0
ENSMUSG00000112361.1	0
ENSMUSG00000112362.1	0
ENSMUSG00000112363.1	0
ENSMUSG00000112364.1	0
ENSMUSG00000112366.1	0
ENSMUSG00000112367.1	0
ENSMUSG00000112368.1	113.835048915973
ENSMUSG00000112369.1	0
ENSMUSG00000112370.1	0
ENSMUSG00000112371.1	0
ENSMUSG00000112372.1	0
ENSMUSG00000112373.1	0
ENSMUSG00000112374.1	0
ENSMUSG00000112375.1	0
ENSMUSG00000112376.1	0
ENSMUSG00000112377.1	0
ENSMUSG00000112378.1	0
ENSMUSG00000112379.1	0
ENSMUSG00000112380.1	0
ENSMUSG00000112381.1	1.93099834156111
ENSMUSG00000112382.1	0
ENSMUSG00000112383.1	0
ENSMUSG00000112384.1	0
ENSMUSG00000112385.1	0
ENSMUSG00000112386.1	0
ENSMUSG00000112387.1	0
ENSMUSG00000112388.1	0
ENSMUSG00000112389.1	0
ENSMUSG00000112390.1	23.3955798937638
ENSMUSG00000112391.1	0
ENSMUSG00000112392.1	0
ENSMUSG00000112393.1	0
ENSMUSG00000112394.1	0
ENSMUSG00000112395.1	0
ENSMUSG00000112396.1	0
ENSMUSG00000112397.1	0
ENSMUSG00000112398.1	0
ENSMUSG00000112399.1	0
ENSMUSG00000112400.1	0
ENSMUSG00000112401.1	0
ENSMUSG00000112402.1	0
ENSMUSG00000112403.1	0
ENSMUSG00000112404.1	51.4302625142942
ENSMUSG00000112405.1	0
ENSMUSG00000112406.1	0
ENSMUSG00000112407.1	0
ENSMUSG00000112408.1	0
ENSMUSG00000112409.1	0
ENSMUSG00000112410.1	0
ENSMUSG00000112411.1	0
ENSMUSG00000112412.1	0
ENSMUSG00000112413.1	10.2976694548005
ENSMUSG00000112414.1	0
ENSMUSG00000112415.1	0
ENSMUSG00000112416.1	0
ENSMUSG00000112417.1	0
ENSMUSG00000112418.1	0
ENSMUSG00000112419.1	0
ENSMUSG00000112420.1	0
ENSMUSG00000112421.1	0
ENSMUSG00000112422.1	0
ENSMUSG00000112423.1	0
ENSMUSG00000112424.1	0
ENSMUSG00000112425.1	0
ENSMUSG00000112426.1	0
ENSMUSG00000112427.1	0
ENSMUSG00000112428.1	0
ENSMUSG00000112429.1	0
ENSMUSG00000112430.1	0
ENSMUSG00000112431.1	0
ENSMUSG00000112432.1	0
ENSMUSG00000112433.1	5.5669607260219
ENSMUSG00000112434.1	0
ENSMUSG00000112435.1	0
ENSMUSG00000112436.1	0
ENSMUSG00000112437.1	0
ENSMUSG00000112438.1	0
ENSMUSG00000112439.1	0
ENSMUSG00000112440.1	0
ENSMUSG00000112441.1	3.14041604921534
ENSMUSG00000112442.1	0
ENSMUSG00000112443.1	0
ENSMUSG00000112444.1	0
ENSMUSG00000112445.1	0
ENSMUSG00000112446.1	0
ENSMUSG00000112447.1	0
ENSMUSG00000112448.1	0
ENSMUSG00000112449.1	905.393960327853
ENSMUSG00000112450.1	0
ENSMUSG00000112451.1	0
ENSMUSG00000112452.1	0
ENSMUSG00000112453.1	0
ENSMUSG00000112454.1	14.204766878266
ENSMUSG00000112455.1	0
ENSMUSG00000112456.1	0
ENSMUSG00000112457.1	0
ENSMUSG00000112458.1	0
ENSMUSG00000112459.1	0
ENSMUSG00000112460.1	0
ENSMUSG00000112461.1	0
ENSMUSG00000112462.1	0
ENSMUSG00000112463.1	0
ENSMUSG00000112464.1	0
ENSMUSG00000112465.1	0
ENSMUSG00000112466.1	12.5272066070074
ENSMUSG00000112467.1	0
ENSMUSG00000112468.1	0
ENSMUSG00000112469.1	0
ENSMUSG00000112470.1	0
ENSMUSG00000112471.1	0
ENSMUSG00000112472.1	0
ENSMUSG00000112473.1	0
ENSMUSG00000112474.1	0
ENSMUSG00000112475.1	0
ENSMUSG00000112476.1	0
ENSMUSG00000112477.1	0
ENSMUSG00000112478.1	0
ENSMUSG00000112479.1	0
ENSMUSG00000112480.1	0
ENSMUSG00000112481.1	0
ENSMUSG00000112482.1	0
ENSMUSG00000112483.1	0
ENSMUSG00000112484.1	0
ENSMUSG00000112485.1	0
ENSMUSG00000112486.1	0
ENSMUSG00000112487.1	0
ENSMUSG00000112488.1	0
ENSMUSG00000112489.1	0
ENSMUSG00000112490.1	0
ENSMUSG00000112491.1	0
ENSMUSG00000112492.1	0
ENSMUSG00000112493.1	0
ENSMUSG00000112494.1	0
ENSMUSG00000112495.1	0
ENSMUSG00000112496.2	0
ENSMUSG00000112497.1	0
ENSMUSG00000112498.1	0
ENSMUSG00000112499.1	0
ENSMUSG00000112500.1	0
ENSMUSG00000112501.1	0
ENSMUSG00000112502.1	0
ENSMUSG00000112503.1	30.8941944046321
ENSMUSG00000112504.1	0
ENSMUSG00000112505.1	0
ENSMUSG00000112506.1	0
ENSMUSG00000112507.1	0
ENSMUSG00000112509.1	0
ENSMUSG00000112510.1	0
ENSMUSG00000112511.1	0
ENSMUSG00000112512.1	0
ENSMUSG00000112513.1	0
ENSMUSG00000112514.1	0
ENSMUSG00000112515.1	0
ENSMUSG00000112516.1	0
ENSMUSG00000112517.1	0
ENSMUSG00000112518.1	0
ENSMUSG00000112519.1	0
ENSMUSG00000112520.1	0
ENSMUSG00000112521.1	0
ENSMUSG00000112522.1	0
ENSMUSG00000112523.1	0
ENSMUSG00000112524.1	0
ENSMUSG00000112525.1	0
ENSMUSG00000112526.1	0
ENSMUSG00000112527.1	0
ENSMUSG00000112528.1	0
ENSMUSG00000112529.1	0
ENSMUSG00000112530.1	0
ENSMUSG00000112531.1	0
ENSMUSG00000112532.1	0
ENSMUSG00000112533.1	0
ENSMUSG00000112534.1	0
ENSMUSG00000112535.1	0
ENSMUSG00000112536.1	0
ENSMUSG00000112537.1	0
ENSMUSG00000112538.1	0
ENSMUSG00000112539.1	0
ENSMUSG00000112540.1	0
ENSMUSG00000112541.1	0
ENSMUSG00000112542.1	0
ENSMUSG00000112543.1	0
ENSMUSG00000112544.1	0
ENSMUSG00000112545.1	0
ENSMUSG00000112546.1	2.19991735802989
ENSMUSG00000112547.1	9.77172303575278
ENSMUSG00000112548.1	0
ENSMUSG00000112549.1	0
ENSMUSG00000112550.1	14.6063351310384
ENSMUSG00000112551.1	0
ENSMUSG00000112552.1	0
ENSMUSG00000112553.1	0
ENSMUSG00000112554.1	0
ENSMUSG00000112555.1	0
ENSMUSG00000112556.1	0
ENSMUSG00000112557.1	0
ENSMUSG00000112558.1	0
ENSMUSG00000112559.1	0
ENSMUSG00000112560.1	0
ENSMUSG00000112561.1	0
ENSMUSG00000112562.1	0
ENSMUSG00000112563.1	0
ENSMUSG00000112564.1	0
ENSMUSG00000112565.1	0
ENSMUSG00000112566.1	0
ENSMUSG00000112567.1	0
ENSMUSG00000112568.1	0
ENSMUSG00000112569.1	0
ENSMUSG00000112570.1	0
ENSMUSG00000112571.1	0
ENSMUSG00000112572.1	0
ENSMUSG00000112573.1	0
ENSMUSG00000112574.1	0
ENSMUSG00000112575.1	0
ENSMUSG00000112576.1	0
ENSMUSG00000112577.1	0
ENSMUSG00000112578.1	0
ENSMUSG00000112579.1	0
ENSMUSG00000112580.1	0
ENSMUSG00000112581.1	0
ENSMUSG00000112582.1	0
ENSMUSG00000112583.1	0
ENSMUSG00000112584.1	0
ENSMUSG00000112585.1	0
ENSMUSG00000112586.1	0
ENSMUSG00000112587.1	0
ENSMUSG00000112588.1	0
ENSMUSG00000112589.1	0
ENSMUSG00000112590.1	0
ENSMUSG00000112591.1	0
ENSMUSG00000112592.1	0
ENSMUSG00000112593.1	13.6297870591634
ENSMUSG00000112594.1	0
ENSMUSG00000112595.1	0
ENSMUSG00000112596.1	0
ENSMUSG00000112597.1	0
ENSMUSG00000112598.1	0
ENSMUSG00000112599.1	0
ENSMUSG00000112600.1	0
ENSMUSG00000112601.1	0
ENSMUSG00000112602.1	0
ENSMUSG00000112603.1	0
ENSMUSG00000112604.1	0
ENSMUSG00000112605.1	0
ENSMUSG00000112606.1	0
ENSMUSG00000112607.1	0
ENSMUSG00000112608.1	0
ENSMUSG00000112609.1	0
ENSMUSG00000112610.1	0
ENSMUSG00000112611.1	0
ENSMUSG00000112612.1	0
ENSMUSG00000112613.1	0
ENSMUSG00000112614.1	1.51035981034596
ENSMUSG00000112615.1	0
ENSMUSG00000112616.1	0
ENSMUSG00000112617.1	0
ENSMUSG00000112618.1	0
ENSMUSG00000112619.1	0
ENSMUSG00000112620.1	0
ENSMUSG00000112621.1	0
ENSMUSG00000112622.1	0
ENSMUSG00000112623.1	0
ENSMUSG00000112624.1	0
ENSMUSG00000112625.1	0
ENSMUSG00000112626.1	0
ENSMUSG00000112627.1	24.3274953990708
ENSMUSG00000112628.1	0
ENSMUSG00000112629.1	0
ENSMUSG00000112630.1	0
ENSMUSG00000112631.1	0
ENSMUSG00000112632.1	0
ENSMUSG00000112633.1	0
ENSMUSG00000112634.1	0
ENSMUSG00000112635.1	0
ENSMUSG00000112636.1	0
ENSMUSG00000112637.1	0
ENSMUSG00000112638.1	0
ENSMUSG00000112639.1	282.557698829673
ENSMUSG00000112640.1	0
ENSMUSG00000112641.1	0
ENSMUSG00000112642.1	0
ENSMUSG00000112643.1	0
ENSMUSG00000112644.1	0
ENSMUSG00000112645.1	0
ENSMUSG00000112646.1	0
ENSMUSG00000112647.1	0
ENSMUSG00000112648.1	0
ENSMUSG00000112649.1	0
ENSMUSG00000112650.1	1.011099296484
ENSMUSG00000112651.1	0
ENSMUSG00000112652.1	0
ENSMUSG00000112653.1	0
ENSMUSG00000112654.1	0
ENSMUSG00000112655.1	0
ENSMUSG00000112656.1	0
ENSMUSG00000112657.1	0
ENSMUSG00000112658.1	0
ENSMUSG00000112659.1	0
ENSMUSG00000112660.1	0
ENSMUSG00000112661.1	0
ENSMUSG00000112662.1	0
ENSMUSG00000112663.1	0
ENSMUSG00000112664.1	0
ENSMUSG00000112665.1	0
ENSMUSG00000112666.1	0
ENSMUSG00000112667.1	0
ENSMUSG00000112668.1	0
ENSMUSG00000112669.1	0
ENSMUSG00000112670.1	0
ENSMUSG00000112671.1	0
ENSMUSG00000112672.1	0
ENSMUSG00000112673.1	5.04922295383247
ENSMUSG00000112674.1	0
ENSMUSG00000112675.1	0
ENSMUSG00000112676.1	0
ENSMUSG00000112677.1	0
ENSMUSG00000112678.1	0
ENSMUSG00000112679.1	0
ENSMUSG00000112680.1	0
ENSMUSG00000112681.1	0
ENSMUSG00000112682.1	0
ENSMUSG00000112683.1	0
ENSMUSG00000112684.1	0
ENSMUSG00000112685.1	0
ENSMUSG00000112686.1	0
ENSMUSG00000112687.1	0
ENSMUSG00000112688.1	0
ENSMUSG00000112689.1	0
ENSMUSG00000112690.2	401.919383103831
ENSMUSG00000112691.1	0
ENSMUSG00000112692.1	0
ENSMUSG00000112693.1	78.6486373404043
ENSMUSG00000112694.1	0
ENSMUSG00000112696.1	0
ENSMUSG00000112697.1	4.60595602348316
ENSMUSG00000112698.1	0
ENSMUSG00000112699.1	0
ENSMUSG00000112700.1	0
ENSMUSG00000112701.1	0
ENSMUSG00000112702.1	0
ENSMUSG00000112703.1	0
ENSMUSG00000112704.1	0
ENSMUSG00000112705.1	0
ENSMUSG00000112706.1	0
ENSMUSG00000112707.1	0
ENSMUSG00000112708.1	0
ENSMUSG00000112709.1	0
ENSMUSG00000112710.1	0
ENSMUSG00000112711.1	0
ENSMUSG00000112712.1	0
ENSMUSG00000112713.1	0
ENSMUSG00000112714.1	0
ENSMUSG00000112715.1	0
ENSMUSG00000112716.1	0
ENSMUSG00000112717.1	0
ENSMUSG00000112718.1	0
ENSMUSG00000112719.1	25.4608816856342
ENSMUSG00000112720.1	0
ENSMUSG00000112721.1	0
ENSMUSG00000112722.1	0
ENSMUSG00000112723.1	0
ENSMUSG00000112724.1	0
ENSMUSG00000112725.1	0
ENSMUSG00000112726.1	0
ENSMUSG00000112727.1	1.90808903816185
ENSMUSG00000112728.1	0
ENSMUSG00000112729.1	0
ENSMUSG00000112730.1	0
ENSMUSG00000112731.1	0
ENSMUSG00000112732.1	0
ENSMUSG00000112733.1	0
ENSMUSG00000112734.1	0
ENSMUSG00000112735.1	0
ENSMUSG00000112736.1	0
ENSMUSG00000112737.1	0
ENSMUSG00000112738.1	0
ENSMUSG00000112739.1	0
ENSMUSG00000112740.1	0
ENSMUSG00000112741.1	0
ENSMUSG00000112742.1	0
ENSMUSG00000112743.1	0
ENSMUSG00000112744.1	0
ENSMUSG00000112745.1	0
ENSMUSG00000112746.1	0
ENSMUSG00000112747.1	0
ENSMUSG00000112748.1	0
ENSMUSG00000112749.1	0
ENSMUSG00000112750.1	0
ENSMUSG00000112751.1	0
ENSMUSG00000112752.1	0
ENSMUSG00000112753.1	0
ENSMUSG00000112754.1	0
ENSMUSG00000112755.1	0
ENSMUSG00000112756.1	0
ENSMUSG00000112757.1	0
ENSMUSG00000112758.1	0
ENSMUSG00000112759.1	0
ENSMUSG00000112760.1	0
ENSMUSG00000112761.1	0
ENSMUSG00000112762.1	0
ENSMUSG00000112763.1	18.7908099105111
ENSMUSG00000112764.1	0
ENSMUSG00000112765.1	0
ENSMUSG00000112766.1	0
ENSMUSG00000112767.1	0
ENSMUSG00000112768.1	0
ENSMUSG00000112769.1	0
ENSMUSG00000112770.1	0
ENSMUSG00000112771.1	0
ENSMUSG00000112772.1	0
ENSMUSG00000112773.1	0
ENSMUSG00000112774.1	0
ENSMUSG00000112775.1	0
ENSMUSG00000112776.1	0
ENSMUSG00000112777.1	0
ENSMUSG00000112778.1	0
ENSMUSG00000112779.1	0
ENSMUSG00000112780.1	0
ENSMUSG00000112781.1	0
ENSMUSG00000112782.1	0
ENSMUSG00000112783.1	0
ENSMUSG00000112784.1	0
ENSMUSG00000112785.1	0
ENSMUSG00000112786.1	0
ENSMUSG00000112787.1	0
ENSMUSG00000112788.1	0
ENSMUSG00000112789.1	0
ENSMUSG00000112790.1	0
ENSMUSG00000112791.1	0
ENSMUSG00000112792.1	0
ENSMUSG00000112793.1	0
ENSMUSG00000112794.1	25.6811418410683
ENSMUSG00000112795.1	0
ENSMUSG00000112796.1	0
ENSMUSG00000112797.1	0
ENSMUSG00000112798.1	0
ENSMUSG00000112799.1	0
ENSMUSG00000112800.1	0
ENSMUSG00000112801.1	0
ENSMUSG00000112802.1	0
ENSMUSG00000112803.1	0
ENSMUSG00000112804.1	0
ENSMUSG00000112805.1	62.0231935633141
ENSMUSG00000112806.1	1.2189996642531
ENSMUSG00000112807.1	0
ENSMUSG00000112808.1	0
ENSMUSG00000112809.1	0
ENSMUSG00000112810.1	0
ENSMUSG00000112811.1	0
ENSMUSG00000112812.1	0
ENSMUSG00000112813.1	0
ENSMUSG00000112814.1	0
ENSMUSG00000112815.1	0
ENSMUSG00000112816.1	0
ENSMUSG00000112817.1	0
ENSMUSG00000112818.1	0
ENSMUSG00000112819.1	0
ENSMUSG00000112820.1	0
ENSMUSG00000112821.1	0
ENSMUSG00000112822.1	0
ENSMUSG00000112823.1	0
ENSMUSG00000112824.1	0
ENSMUSG00000112825.1	12.5318571331743
ENSMUSG00000112826.1	0
ENSMUSG00000112827.1	0
ENSMUSG00000112828.1	0
ENSMUSG00000112829.1	0
ENSMUSG00000112830.1	0
ENSMUSG00000112831.1	0
ENSMUSG00000112832.1	0
ENSMUSG00000112833.1	0
ENSMUSG00000112834.1	0
ENSMUSG00000112835.1	0
ENSMUSG00000112836.1	0
ENSMUSG00000112837.1	0
ENSMUSG00000112838.1	0
ENSMUSG00000112839.1	0
ENSMUSG00000112840.1	0
ENSMUSG00000112841.1	0
ENSMUSG00000112842.2	0
ENSMUSG00000112843.1	0
ENSMUSG00000112844.1	0
ENSMUSG00000112845.1	0
ENSMUSG00000112846.1	0
ENSMUSG00000112847.1	0
ENSMUSG00000112848.1	0
ENSMUSG00000112849.1	0
ENSMUSG00000112850.1	3.26398271428032
ENSMUSG00000112851.1	0
ENSMUSG00000112852.1	0
ENSMUSG00000112853.1	0
ENSMUSG00000112854.1	0
ENSMUSG00000112855.1	0
ENSMUSG00000112856.1	0
ENSMUSG00000112857.1	0
ENSMUSG00000112858.2	0
ENSMUSG00000112859.1	0
ENSMUSG00000112860.1	24.0638823520541
ENSMUSG00000112861.1	0
ENSMUSG00000112862.1	0
ENSMUSG00000112863.1	0
ENSMUSG00000112864.1	0
ENSMUSG00000112865.1	0
ENSMUSG00000112866.1	0
ENSMUSG00000112867.1	0
ENSMUSG00000112868.1	0
ENSMUSG00000112869.1	0
ENSMUSG00000112870.1	0
ENSMUSG00000112871.1	0
ENSMUSG00000112872.1	0
ENSMUSG00000112873.1	0
ENSMUSG00000112874.1	0
ENSMUSG00000112875.1	0
ENSMUSG00000112876.1	0
ENSMUSG00000112877.1	0
ENSMUSG00000112878.1	0
ENSMUSG00000112879.1	0
ENSMUSG00000112880.1	0
ENSMUSG00000112881.1	0
ENSMUSG00000112882.1	0
ENSMUSG00000112883.1	0
ENSMUSG00000112884.1	0
ENSMUSG00000112885.1	0
ENSMUSG00000112886.1	0
ENSMUSG00000112887.1	0
ENSMUSG00000112888.1	0
ENSMUSG00000112889.1	0
ENSMUSG00000112890.1	0
ENSMUSG00000112891.1	0
ENSMUSG00000112892.1	0
ENSMUSG00000112893.1	0
ENSMUSG00000112894.1	0
ENSMUSG00000112895.1	0
ENSMUSG00000112896.1	0
ENSMUSG00000112897.1	0
ENSMUSG00000112898.1	0
ENSMUSG00000112899.1	0
ENSMUSG00000112900.1	0
ENSMUSG00000112901.1	0
ENSMUSG00000112902.1	0
ENSMUSG00000112903.1	0
ENSMUSG00000112904.1	0
ENSMUSG00000112905.1	0
ENSMUSG00000112906.1	0
ENSMUSG00000112907.1	0
ENSMUSG00000112908.1	7.63316765385771
ENSMUSG00000112909.1	56.1403715969645
ENSMUSG00000112910.1	0
ENSMUSG00000112911.1	0
ENSMUSG00000112912.1	0
ENSMUSG00000112913.1	0
ENSMUSG00000112914.1	0
ENSMUSG00000112915.1	0
ENSMUSG00000112916.1	0
ENSMUSG00000112917.1	0
ENSMUSG00000112918.1	0
ENSMUSG00000112919.1	0
ENSMUSG00000112920.1	0
ENSMUSG00000112921.1	0
ENSMUSG00000112922.1	4.94656805072595
ENSMUSG00000112923.1	0
ENSMUSG00000112924.1	0
ENSMUSG00000112925.1	0
ENSMUSG00000112926.1	0
ENSMUSG00000112927.1	0
ENSMUSG00000112928.1	0
ENSMUSG00000112929.1	0
ENSMUSG00000112930.2	0
ENSMUSG00000112931.1	0
ENSMUSG00000112932.1	0
ENSMUSG00000112933.1	0
ENSMUSG00000112934.1	0
ENSMUSG00000112935.1	0
ENSMUSG00000112936.1	0
ENSMUSG00000112937.1	3.95185483637357
ENSMUSG00000112938.1	0
ENSMUSG00000112939.1	0
ENSMUSG00000112940.1	0
ENSMUSG00000112941.1	1262.72344310034
ENSMUSG00000112942.1	0
ENSMUSG00000112943.1	0
ENSMUSG00000112944.1	0
ENSMUSG00000112945.1	0
ENSMUSG00000112946.1	0
ENSMUSG00000112947.1	0
ENSMUSG00000112948.1	0
ENSMUSG00000112949.1	0
ENSMUSG00000112950.1	0
ENSMUSG00000112951.2	0
ENSMUSG00000112952.1	0
ENSMUSG00000112953.1	0
ENSMUSG00000112954.1	0
ENSMUSG00000112955.1	0
ENSMUSG00000112956.1	0
ENSMUSG00000112957.1	0
ENSMUSG00000112958.1	0
ENSMUSG00000112959.1	153.855167450861
ENSMUSG00000112960.1	0
ENSMUSG00000112961.1	0
ENSMUSG00000112962.1	0
ENSMUSG00000112963.1	0
ENSMUSG00000112964.1	28.609849709143
ENSMUSG00000112965.1	0
ENSMUSG00000112966.1	0
ENSMUSG00000112967.1	0
ENSMUSG00000112968.1	0
ENSMUSG00000112969.1	0
ENSMUSG00000112970.1	0
ENSMUSG00000112971.1	0
ENSMUSG00000112972.1	0
ENSMUSG00000112973.1	0
ENSMUSG00000112974.1	0
ENSMUSG00000112975.1	0
ENSMUSG00000112976.1	27.1572937542405
ENSMUSG00000112977.1	80.7460870648378
ENSMUSG00000112978.1	0
ENSMUSG00000112979.1	0
ENSMUSG00000112980.1	19.3160384631036
ENSMUSG00000112981.1	0
ENSMUSG00000112982.1	0
ENSMUSG00000112983.1	0
ENSMUSG00000112984.1	0
ENSMUSG00000112985.1	0
ENSMUSG00000112986.1	0
ENSMUSG00000112987.1	0
ENSMUSG00000112988.1	0
ENSMUSG00000112989.1	0
ENSMUSG00000112990.1	0
ENSMUSG00000112991.1	0
ENSMUSG00000112992.1	0
ENSMUSG00000112993.1	0
ENSMUSG00000112994.1	0
ENSMUSG00000112995.1	0
ENSMUSG00000112996.1	0
ENSMUSG00000112997.1	0
ENSMUSG00000112998.1	0
ENSMUSG00000112999.1	0
ENSMUSG00000113000.1	0
ENSMUSG00000113001.1	0
ENSMUSG00000113002.1	0
ENSMUSG00000113003.1	0
ENSMUSG00000113004.1	0
ENSMUSG00000113005.1	0
ENSMUSG00000113006.1	0
ENSMUSG00000113007.1	0
ENSMUSG00000113008.1	0
ENSMUSG00000113009.1	0
ENSMUSG00000113010.1	0
ENSMUSG00000113011.1	0.645486789646107
ENSMUSG00000113012.1	0
ENSMUSG00000113013.1	0
ENSMUSG00000113014.1	0
ENSMUSG00000113015.1	0
ENSMUSG00000113016.1	0
ENSMUSG00000113017.1	0
ENSMUSG00000113018.1	0
ENSMUSG00000113019.1	0
ENSMUSG00000113020.1	0
ENSMUSG00000113021.1	0
ENSMUSG00000113022.1	0
ENSMUSG00000113023.1	0
ENSMUSG00000113024.1	0
ENSMUSG00000113025.1	0
ENSMUSG00000113026.1	0
ENSMUSG00000113027.1	0
ENSMUSG00000113028.1	0
ENSMUSG00000113029.1	7.96332380012126
ENSMUSG00000113030.1	253.058225312915
ENSMUSG00000113031.1	233.457349924986
ENSMUSG00000113032.1	0
ENSMUSG00000113033.1	0
ENSMUSG00000113034.1	0
ENSMUSG00000113035.1	0
ENSMUSG00000113036.1	256.192648737808
ENSMUSG00000113037.1	0
ENSMUSG00000113038.1	0
ENSMUSG00000113039.1	13.7605011771963
ENSMUSG00000113040.1	89.8279404370565
ENSMUSG00000113041.1	0
ENSMUSG00000113042.1	0
ENSMUSG00000113043.1	0
ENSMUSG00000113044.1	0
ENSMUSG00000113045.1	0
ENSMUSG00000113046.1	0
ENSMUSG00000113047.1	20.7700301509167
ENSMUSG00000113048.1	0
ENSMUSG00000113049.1	0
ENSMUSG00000113050.1	0
ENSMUSG00000113051.1	0
ENSMUSG00000113052.1	16.8816284668738
ENSMUSG00000113053.1	0
ENSMUSG00000113054.1	0
ENSMUSG00000113055.1	0
ENSMUSG00000113056.1	0
ENSMUSG00000113057.1	0
ENSMUSG00000113058.1	0
ENSMUSG00000113059.1	0
ENSMUSG00000113060.1	0
ENSMUSG00000113061.1	80.8733054853492
ENSMUSG00000113062.1	0
ENSMUSG00000113063.1	33.6758332841273
ENSMUSG00000113064.1	0
ENSMUSG00000113065.1	0
ENSMUSG00000113066.1	0
ENSMUSG00000113067.1	0
ENSMUSG00000113068.1	0
ENSMUSG00000113069.1	0
ENSMUSG00000113070.1	52.7817241453408
ENSMUSG00000113071.1	0
ENSMUSG00000113072.1	0
ENSMUSG00000113073.1	0
ENSMUSG00000113074.1	0
ENSMUSG00000113075.1	0
ENSMUSG00000113076.1	0
ENSMUSG00000113077.1	0
ENSMUSG00000113078.1	0
ENSMUSG00000113079.1	0
ENSMUSG00000113080.1	0
ENSMUSG00000113081.1	0
ENSMUSG00000113082.1	0
ENSMUSG00000113083.1	0
ENSMUSG00000113084.1	0
ENSMUSG00000113085.1	0
ENSMUSG00000113086.1	0
ENSMUSG00000113087.1	0
ENSMUSG00000113088.1	3.73312404860509
ENSMUSG00000113089.1	0
ENSMUSG00000113090.1	0
ENSMUSG00000113091.1	0
ENSMUSG00000113092.1	0
ENSMUSG00000113093.1	0
ENSMUSG00000113094.1	0
ENSMUSG00000113095.1	0
ENSMUSG00000113096.1	0
ENSMUSG00000113097.1	0
ENSMUSG00000113098.1	0
ENSMUSG00000113099.1	0
ENSMUSG00000113100.1	0
ENSMUSG00000113101.1	0
ENSMUSG00000113102.1	0
ENSMUSG00000113103.1	0
ENSMUSG00000113104.1	0
ENSMUSG00000113105.1	0
ENSMUSG00000113106.1	0
ENSMUSG00000113107.1	0
ENSMUSG00000113108.1	0
ENSMUSG00000113109.1	0
ENSMUSG00000113110.1	0
ENSMUSG00000113111.1	0
ENSMUSG00000113112.1	0
ENSMUSG00000113113.1	202.654418194931
ENSMUSG00000113114.1	0
ENSMUSG00000113115.1	0
ENSMUSG00000113116.1	0
ENSMUSG00000113117.1	0
ENSMUSG00000113118.1	0
ENSMUSG00000113119.1	0
ENSMUSG00000113120.1	0
ENSMUSG00000113121.1	0
ENSMUSG00000113122.1	0
ENSMUSG00000113123.2	104.100217973705
ENSMUSG00000113124.1	0
ENSMUSG00000113125.1	0
ENSMUSG00000113126.1	0
ENSMUSG00000113127.1	0
ENSMUSG00000113128.1	0
ENSMUSG00000113129.1	0
ENSMUSG00000113130.1	0
ENSMUSG00000113131.1	0
ENSMUSG00000113132.1	15.4252646985997
ENSMUSG00000113133.1	0
ENSMUSG00000113134.2	0
ENSMUSG00000113135.1	0
ENSMUSG00000113136.1	0
ENSMUSG00000113137.1	0
ENSMUSG00000113138.1	0
ENSMUSG00000113139.1	0
ENSMUSG00000113140.1	0
ENSMUSG00000113141.1	0
ENSMUSG00000113142.1	0
ENSMUSG00000113143.1	0
ENSMUSG00000113144.1	0
ENSMUSG00000113145.1	0
ENSMUSG00000113146.1	0
ENSMUSG00000113147.1	0
ENSMUSG00000113148.1	0
ENSMUSG00000113149.1	305.055290211039
ENSMUSG00000113150.1	0
ENSMUSG00000113151.1	0
ENSMUSG00000113152.1	0
ENSMUSG00000113153.1	0
ENSMUSG00000113154.1	0
ENSMUSG00000113155.1	0
ENSMUSG00000113156.1	0
ENSMUSG00000113157.2	0
ENSMUSG00000113158.1	0
ENSMUSG00000113159.1	0
ENSMUSG00000113160.1	0
ENSMUSG00000113161.1	0
ENSMUSG00000113162.1	0
ENSMUSG00000113163.1	0
ENSMUSG00000113164.1	0
ENSMUSG00000113165.1	58.4939435880115
ENSMUSG00000113166.1	0
ENSMUSG00000113167.1	0
ENSMUSG00000113168.1	0
ENSMUSG00000113169.1	0
ENSMUSG00000113170.1	80.3316596390401
ENSMUSG00000113171.1	0
ENSMUSG00000113172.1	0
ENSMUSG00000113173.1	0
ENSMUSG00000113174.1	113.0255140355
ENSMUSG00000113175.1	0
ENSMUSG00000113177.1	0
ENSMUSG00000113178.1	0
ENSMUSG00000113179.1	0
ENSMUSG00000113180.1	0
ENSMUSG00000113181.1	0
ENSMUSG00000113182.1	0
ENSMUSG00000113183.1	0
ENSMUSG00000113184.1	111.169954094915
ENSMUSG00000113185.1	0
ENSMUSG00000113186.1	0
ENSMUSG00000113187.1	0
ENSMUSG00000113188.1	95.3803565644625
ENSMUSG00000113189.1	0
ENSMUSG00000113190.1	0
ENSMUSG00000113191.1	0
ENSMUSG00000113192.1	0
ENSMUSG00000113193.1	0
ENSMUSG00000113194.1	0
ENSMUSG00000113195.1	0
ENSMUSG00000113196.1	0
ENSMUSG00000113197.1	0
ENSMUSG00000113198.1	0
ENSMUSG00000113199.1	0
ENSMUSG00000113200.1	0
ENSMUSG00000113201.1	0
ENSMUSG00000113202.1	0
ENSMUSG00000113203.1	0
ENSMUSG00000113204.1	255.365666581313
ENSMUSG00000113205.1	0
ENSMUSG00000113206.1	0
ENSMUSG00000113207.1	0
ENSMUSG00000113208.1	0
ENSMUSG00000113209.1	0
ENSMUSG00000113210.1	0
ENSMUSG00000113211.1	29.0080783223191
ENSMUSG00000113212.1	0
ENSMUSG00000113213.1	0
ENSMUSG00000113214.1	0
ENSMUSG00000113215.1	0
ENSMUSG00000113216.1	0
ENSMUSG00000113217.1	0
ENSMUSG00000113218.1	0
ENSMUSG00000113219.1	0
ENSMUSG00000113220.1	0
ENSMUSG00000113221.1	0
ENSMUSG00000113222.1	0
ENSMUSG00000113223.1	0
ENSMUSG00000113224.1	0
ENSMUSG00000113225.1	0
ENSMUSG00000113226.1	0
ENSMUSG00000113227.1	0
ENSMUSG00000113228.1	0
ENSMUSG00000113229.1	0
ENSMUSG00000113230.1	0
ENSMUSG00000113231.1	0
ENSMUSG00000113232.1	0
ENSMUSG00000113233.1	0
ENSMUSG00000113234.1	0
ENSMUSG00000113235.1	0
ENSMUSG00000113236.1	0
ENSMUSG00000113237.1	0
ENSMUSG00000113238.1	0
ENSMUSG00000113239.1	0
ENSMUSG00000113240.1	224.982593092848
ENSMUSG00000113241.1	0
ENSMUSG00000113242.1	685.705601131186
ENSMUSG00000113243.1	0
ENSMUSG00000113244.1	0
ENSMUSG00000113245.1	0
ENSMUSG00000113246.1	0
ENSMUSG00000113247.1	0
ENSMUSG00000113248.1	0
ENSMUSG00000113249.1	0
ENSMUSG00000113250.1	0
ENSMUSG00000113251.1	0
ENSMUSG00000113252.1	0
ENSMUSG00000113253.1	0
ENSMUSG00000113254.1	0
ENSMUSG00000113255.1	2.92580519066852
ENSMUSG00000113256.1	0
ENSMUSG00000113257.1	0
ENSMUSG00000113258.1	2.11112039866897
ENSMUSG00000113259.1	0
ENSMUSG00000113260.1	0
ENSMUSG00000113261.1	0
ENSMUSG00000113262.1	117.945489815795
ENSMUSG00000113263.1	29.9518542299309
ENSMUSG00000113264.1	0
ENSMUSG00000113265.1	0
ENSMUSG00000113266.1	0
ENSMUSG00000113267.1	0
ENSMUSG00000113268.1	0
ENSMUSG00000113269.1	0
ENSMUSG00000113270.1	0
ENSMUSG00000113271.1	0
ENSMUSG00000113272.1	0
ENSMUSG00000113273.1	0
ENSMUSG00000113274.1	0
ENSMUSG00000113275.1	0
ENSMUSG00000113276.1	0
ENSMUSG00000113277.1	0
ENSMUSG00000113278.1	0
ENSMUSG00000113279.1	0
ENSMUSG00000113280.1	0
ENSMUSG00000113281.1	0
ENSMUSG00000113282.1	0
ENSMUSG00000113283.1	0
ENSMUSG00000113284.1	0
ENSMUSG00000113285.1	0
ENSMUSG00000113286.1	0
ENSMUSG00000113287.1	0
ENSMUSG00000113288.1	31.0216937294086
ENSMUSG00000113289.1	0
ENSMUSG00000113290.1	0
ENSMUSG00000113291.1	0
ENSMUSG00000113292.1	0
ENSMUSG00000113293.1	0
ENSMUSG00000113294.1	0
ENSMUSG00000113295.1	0
ENSMUSG00000113296.1	0
ENSMUSG00000113297.1	0
ENSMUSG00000113298.1	0
ENSMUSG00000113299.1	0
ENSMUSG00000113300.1	5.94605663758525
ENSMUSG00000113301.1	0
ENSMUSG00000113302.1	0
ENSMUSG00000113303.1	0
ENSMUSG00000113304.1	0
ENSMUSG00000113305.1	0
ENSMUSG00000113306.1	0
ENSMUSG00000113307.1	0
ENSMUSG00000113308.1	0
ENSMUSG00000113309.1	231.996210784205
ENSMUSG00000113310.1	0
ENSMUSG00000113311.1	0
ENSMUSG00000113312.1	0
ENSMUSG00000113313.1	0
ENSMUSG00000113314.1	41.8736497224484
ENSMUSG00000113315.1	0
ENSMUSG00000113316.1	0
ENSMUSG00000113317.1	0
ENSMUSG00000113318.1	0
ENSMUSG00000113319.1	0
ENSMUSG00000113320.1	0
ENSMUSG00000113321.1	0
ENSMUSG00000113322.1	0
ENSMUSG00000113323.1	0
ENSMUSG00000113324.1	0
ENSMUSG00000113325.1	0
ENSMUSG00000113326.1	0
ENSMUSG00000113327.1	0
ENSMUSG00000113328.1	0
ENSMUSG00000113329.1	0
ENSMUSG00000113330.1	0
ENSMUSG00000113331.1	0
ENSMUSG00000113332.1	0
ENSMUSG00000113333.1	0
ENSMUSG00000113334.1	0
ENSMUSG00000113335.1	0
ENSMUSG00000113336.1	0
ENSMUSG00000113337.1	0
ENSMUSG00000113338.1	0
ENSMUSG00000113339.1	0
ENSMUSG00000113340.1	0
ENSMUSG00000113341.1	0
ENSMUSG00000113342.1	0
ENSMUSG00000113343.1	0
ENSMUSG00000113344.1	0
ENSMUSG00000113345.1	0
ENSMUSG00000113346.2	0
ENSMUSG00000113347.1	0
ENSMUSG00000113348.1	0
ENSMUSG00000113349.1	0
ENSMUSG00000113350.2	0
ENSMUSG00000113351.1	0
ENSMUSG00000113352.1	0
ENSMUSG00000113353.1	0
ENSMUSG00000113354.1	0
ENSMUSG00000113355.1	0
ENSMUSG00000113356.1	0
ENSMUSG00000113357.1	0
ENSMUSG00000113358.1	0
ENSMUSG00000113359.1	0
ENSMUSG00000113360.1	0
ENSMUSG00000113361.1	13.930354622835
ENSMUSG00000113362.1	15.2173643308306
ENSMUSG00000113363.1	0
ENSMUSG00000113364.1	0
ENSMUSG00000113365.1	0
ENSMUSG00000113366.1	0
ENSMUSG00000113367.1	0
ENSMUSG00000113368.1	164.910935094033
ENSMUSG00000113369.1	0
ENSMUSG00000113370.1	0
ENSMUSG00000113371.1	0
ENSMUSG00000113372.1	0
ENSMUSG00000113373.1	0
ENSMUSG00000113374.1	0
ENSMUSG00000113375.1	0
ENSMUSG00000113376.1	0
ENSMUSG00000113377.1	0
ENSMUSG00000113378.1	0
ENSMUSG00000113379.1	0
ENSMUSG00000113380.1	0
ENSMUSG00000113381.2	0
ENSMUSG00000113382.1	0
ENSMUSG00000113383.1	0
ENSMUSG00000113384.1	0
ENSMUSG00000113385.1	0
ENSMUSG00000113386.1	0
ENSMUSG00000113387.1	0
ENSMUSG00000113388.1	0
ENSMUSG00000113389.1	191.611977898559
ENSMUSG00000113390.1	0
ENSMUSG00000113391.1	0
ENSMUSG00000113392.1	0
ENSMUSG00000113393.1	0
ENSMUSG00000113394.1	0
ENSMUSG00000113395.1	0
ENSMUSG00000113396.1	0
ENSMUSG00000113397.1	0
ENSMUSG00000113398.1	0
ENSMUSG00000113399.1	0
ENSMUSG00000113400.1	0
ENSMUSG00000113401.1	0
ENSMUSG00000113402.1	0
ENSMUSG00000113403.1	6.06263190760741
ENSMUSG00000113404.1	0
ENSMUSG00000113405.1	0
ENSMUSG00000113406.1	0
ENSMUSG00000113407.1	0
ENSMUSG00000113408.1	0
ENSMUSG00000113409.1	0
ENSMUSG00000113410.1	0
ENSMUSG00000113411.1	0
ENSMUSG00000113412.1	0
ENSMUSG00000113413.1	0
ENSMUSG00000113414.1	0
ENSMUSG00000113415.1	0
ENSMUSG00000113416.1	0
ENSMUSG00000113417.1	0
ENSMUSG00000113418.1	0
ENSMUSG00000113419.1	0
ENSMUSG00000113420.1	0
ENSMUSG00000113421.1	0
ENSMUSG00000113422.1	0
ENSMUSG00000113423.1	0
ENSMUSG00000113424.1	0.933007910782413
ENSMUSG00000113425.1	0
ENSMUSG00000113426.1	0
ENSMUSG00000113427.1	8.081334803054
ENSMUSG00000113428.1	0
ENSMUSG00000113429.1	42.7990732180727
ENSMUSG00000113430.1	0
ENSMUSG00000113431.1	0
ENSMUSG00000113432.1	0
ENSMUSG00000113433.1	0
ENSMUSG00000113434.1	0
ENSMUSG00000113435.1	0
ENSMUSG00000113436.1	0
ENSMUSG00000113437.1	0
ENSMUSG00000113438.1	0
ENSMUSG00000113439.1	50.5933550737656
ENSMUSG00000113440.1	8.03120899752372
ENSMUSG00000113441.1	0
ENSMUSG00000113442.1	0
ENSMUSG00000113443.1	0
ENSMUSG00000113444.1	0
ENSMUSG00000113445.1	0
ENSMUSG00000113446.1	0
ENSMUSG00000113447.1	0
ENSMUSG00000113448.1	0
ENSMUSG00000113449.1	0
ENSMUSG00000113450.1	94.5477563226657
ENSMUSG00000113451.1	0
ENSMUSG00000113452.1	0
ENSMUSG00000113453.1	0
ENSMUSG00000113454.1	0
ENSMUSG00000113455.1	0
ENSMUSG00000113456.1	0
ENSMUSG00000113457.1	0
ENSMUSG00000113458.1	0
ENSMUSG00000113459.1	0
ENSMUSG00000113460.1	0
ENSMUSG00000113461.1	0
ENSMUSG00000113462.1	0
ENSMUSG00000113463.1	0
ENSMUSG00000113464.1	0
ENSMUSG00000113465.1	0
ENSMUSG00000113466.1	0
ENSMUSG00000113467.1	0
ENSMUSG00000113468.1	0
ENSMUSG00000113469.1	0
ENSMUSG00000113470.1	0
ENSMUSG00000113471.1	0
ENSMUSG00000113472.1	0
ENSMUSG00000113473.1	0
ENSMUSG00000113474.1	0
ENSMUSG00000113475.1	49.09613534071
ENSMUSG00000113476.1	0
ENSMUSG00000113477.1	0
ENSMUSG00000113478.1	0
ENSMUSG00000113479.1	0
ENSMUSG00000113480.1	0
ENSMUSG00000113481.1	0
ENSMUSG00000113482.1	0
ENSMUSG00000113483.1	0
ENSMUSG00000113484.1	0
ENSMUSG00000113485.1	0
ENSMUSG00000113486.1	0
ENSMUSG00000113487.1	0
ENSMUSG00000113488.1	0
ENSMUSG00000113489.1	0
ENSMUSG00000113490.1	0
ENSMUSG00000113491.1	0
ENSMUSG00000113492.1	0
ENSMUSG00000113493.1	0
ENSMUSG00000113494.1	0
ENSMUSG00000113495.1	0
ENSMUSG00000113496.1	0
ENSMUSG00000113497.1	0
ENSMUSG00000113498.1	0
ENSMUSG00000113499.1	0
ENSMUSG00000113500.1	0
ENSMUSG00000113501.1	0
ENSMUSG00000113502.1	0
ENSMUSG00000113503.1	0
ENSMUSG00000113504.1	106.993032519015
ENSMUSG00000113505.1	0
ENSMUSG00000113506.1	0
ENSMUSG00000113507.1	0
ENSMUSG00000113508.1	0
ENSMUSG00000113509.1	0
ENSMUSG00000113510.1	0
ENSMUSG00000113511.1	0
ENSMUSG00000113512.1	0
ENSMUSG00000113513.1	0
ENSMUSG00000113514.1	0
ENSMUSG00000113515.1	13.8107206174816
ENSMUSG00000113516.1	0
ENSMUSG00000113517.1	10.4748264113322
ENSMUSG00000113518.1	0
ENSMUSG00000113519.1	0
ENSMUSG00000113520.1	0
ENSMUSG00000113521.1	69.8518081625209
ENSMUSG00000113522.1	0
ENSMUSG00000113523.1	0
ENSMUSG00000113524.1	0
ENSMUSG00000113526.1	0
ENSMUSG00000113527.1	143.372881470711
ENSMUSG00000113528.1	4.28435185151307
ENSMUSG00000113529.1	14.4649466509312
ENSMUSG00000113530.1	0
ENSMUSG00000113531.1	0
ENSMUSG00000113532.1	0
ENSMUSG00000113533.1	0
ENSMUSG00000113534.1	0
ENSMUSG00000113535.1	0
ENSMUSG00000113536.1	70.400819942893
ENSMUSG00000113537.1	0
ENSMUSG00000113538.1	0
ENSMUSG00000113539.1	0
ENSMUSG00000113540.1	0
ENSMUSG00000113541.1	0
ENSMUSG00000113542.1	0
ENSMUSG00000113543.1	0
ENSMUSG00000113544.1	0
ENSMUSG00000113545.1	0
ENSMUSG00000113546.1	0
ENSMUSG00000113547.1	0
ENSMUSG00000113548.1	0
ENSMUSG00000113549.1	0
ENSMUSG00000113550.1	0
ENSMUSG00000113551.1	0
ENSMUSG00000113552.1	0
ENSMUSG00000113553.1	0
ENSMUSG00000113554.1	0
ENSMUSG00000113555.1	373.875649123647
ENSMUSG00000113556.1	0
ENSMUSG00000113557.1	0
ENSMUSG00000113558.1	0
ENSMUSG00000113559.1	0
ENSMUSG00000113560.1	0
ENSMUSG00000113561.1	0
ENSMUSG00000113562.1	0
ENSMUSG00000113563.1	0
ENSMUSG00000113564.1	0
ENSMUSG00000113565.1	0
ENSMUSG00000113566.1	0
ENSMUSG00000113567.1	0
ENSMUSG00000113568.1	0
ENSMUSG00000113569.1	0
ENSMUSG00000113570.1	0
ENSMUSG00000113571.1	0
ENSMUSG00000113572.1	0
ENSMUSG00000113573.1	0
ENSMUSG00000113574.1	0
ENSMUSG00000113575.1	0
ENSMUSG00000113576.1	0
ENSMUSG00000113577.1	0
ENSMUSG00000113578.1	0
ENSMUSG00000113579.1	0
ENSMUSG00000113580.1	0
ENSMUSG00000113581.1	132.359998545346
ENSMUSG00000113582.1	0
ENSMUSG00000113583.1	0
ENSMUSG00000113584.1	0
ENSMUSG00000113585.1	231.837312604906
ENSMUSG00000113586.1	0
ENSMUSG00000113587.1	0
ENSMUSG00000113588.1	0
ENSMUSG00000113589.1	0
ENSMUSG00000113590.1	0
ENSMUSG00000113591.1	17.463131507244
ENSMUSG00000113592.1	0
ENSMUSG00000113593.1	0
ENSMUSG00000113594.1	0
ENSMUSG00000113595.1	0
ENSMUSG00000113596.1	0
ENSMUSG00000113597.1	0
ENSMUSG00000113598.1	0
ENSMUSG00000113599.1	0
ENSMUSG00000113600.1	5.78875024912162
ENSMUSG00000113601.1	0
ENSMUSG00000113602.1	0
ENSMUSG00000113603.1	0
ENSMUSG00000113604.1	0
ENSMUSG00000113605.1	0
ENSMUSG00000113606.1	0
ENSMUSG00000113607.1	0
ENSMUSG00000113608.1	0
ENSMUSG00000113609.1	0
ENSMUSG00000113610.1	0
ENSMUSG00000113611.1	0
ENSMUSG00000113612.1	0
ENSMUSG00000113613.1	0
ENSMUSG00000113614.1	0
ENSMUSG00000113615.1	0
ENSMUSG00000113616.1	0
ENSMUSG00000113617.1	0
ENSMUSG00000113618.1	0
ENSMUSG00000113619.1	0
ENSMUSG00000113620.1	0
ENSMUSG00000113621.1	72.4984257252515
ENSMUSG00000113622.1	679.095393176117
ENSMUSG00000113623.1	0
ENSMUSG00000113624.1	0
ENSMUSG00000113625.1	0
ENSMUSG00000113626.1	0
ENSMUSG00000113627.1	0
ENSMUSG00000113628.1	0
ENSMUSG00000113629.1	0
ENSMUSG00000113630.1	0
ENSMUSG00000113631.1	0
ENSMUSG00000113632.1	0
ENSMUSG00000113633.1	0
ENSMUSG00000113634.1	0
ENSMUSG00000113635.1	0
ENSMUSG00000113636.1	0
ENSMUSG00000113637.1	0
ENSMUSG00000113638.1	0
ENSMUSG00000113639.1	0
ENSMUSG00000113640.1	4.71138875765581
ENSMUSG00000113641.1	0
ENSMUSG00000113642.1	474.190307585926
ENSMUSG00000113643.1	0
ENSMUSG00000113644.1	0
ENSMUSG00000113645.1	0
ENSMUSG00000113646.1	14.8064950257244
ENSMUSG00000113647.1	0
ENSMUSG00000113648.1	0
ENSMUSG00000113649.1	0
ENSMUSG00000113650.1	0
ENSMUSG00000113651.1	0
ENSMUSG00000113652.1	0
ENSMUSG00000113653.1	0
ENSMUSG00000113654.1	0
ENSMUSG00000113655.1	0
ENSMUSG00000113656.1	0
ENSMUSG00000113657.1	0
ENSMUSG00000113658.1	0
ENSMUSG00000113659.1	0
ENSMUSG00000113660.1	6.80047377730587
ENSMUSG00000113661.1	0
ENSMUSG00000113662.1	55.6905502337625
ENSMUSG00000113663.1	0
ENSMUSG00000113664.1	0
ENSMUSG00000113665.1	0
ENSMUSG00000113666.1	32.288228637636
ENSMUSG00000113667.1	0
ENSMUSG00000113668.1	0
ENSMUSG00000113669.1	0
ENSMUSG00000113670.1	0
ENSMUSG00000113671.1	0
ENSMUSG00000113672.1	0
ENSMUSG00000113673.1	0
ENSMUSG00000113674.1	0
ENSMUSG00000113675.1	0
ENSMUSG00000113676.1	0
ENSMUSG00000113677.1	0
ENSMUSG00000113678.1	0
ENSMUSG00000113679.1	57.763530075546
ENSMUSG00000113680.1	0
ENSMUSG00000113681.1	9.78558097949839
ENSMUSG00000113682.1	0
ENSMUSG00000113683.1	0
ENSMUSG00000113684.1	0
ENSMUSG00000113685.1	0
ENSMUSG00000113686.1	0
ENSMUSG00000113687.1	0
ENSMUSG00000113688.1	8.42054230897121
ENSMUSG00000113689.1	0
ENSMUSG00000113690.1	0
ENSMUSG00000113691.1	0
ENSMUSG00000113692.1	0
ENSMUSG00000113693.1	0
ENSMUSG00000113694.1	0
ENSMUSG00000113695.1	0
ENSMUSG00000113696.1	0
ENSMUSG00000113697.1	0
ENSMUSG00000113698.1	0
ENSMUSG00000113699.1	0
ENSMUSG00000113700.1	0
ENSMUSG00000113701.1	484.424711157906
ENSMUSG00000113702.1	37.4568983273118
ENSMUSG00000113703.1	0
ENSMUSG00000113704.1	0
ENSMUSG00000113705.1	0
ENSMUSG00000113706.1	0
ENSMUSG00000113707.1	0
ENSMUSG00000113708.1	0
ENSMUSG00000113709.1	0
ENSMUSG00000113710.1	0
ENSMUSG00000113711.1	0
ENSMUSG00000113712.1	0
ENSMUSG00000113713.1	0
ENSMUSG00000113714.1	0
ENSMUSG00000113715.1	0
ENSMUSG00000113716.1	0
ENSMUSG00000113717.1	0
ENSMUSG00000113718.1	0
ENSMUSG00000113719.1	0
ENSMUSG00000113720.1	0
ENSMUSG00000113721.1	0
ENSMUSG00000113722.1	419.08609818821
ENSMUSG00000113723.2	0
ENSMUSG00000113724.1	0
ENSMUSG00000113725.1	0
ENSMUSG00000113726.1	0
ENSMUSG00000113727.1	0
ENSMUSG00000113728.1	0
ENSMUSG00000113729.1	0
ENSMUSG00000113730.1	0
ENSMUSG00000113731.1	0
ENSMUSG00000113732.1	0
ENSMUSG00000113733.1	0
ENSMUSG00000113734.1	0
ENSMUSG00000113735.1	0
ENSMUSG00000113736.1	0
ENSMUSG00000113737.1	0
ENSMUSG00000113738.1	0
ENSMUSG00000113739.1	0
ENSMUSG00000113740.1	0
ENSMUSG00000113741.1	0
ENSMUSG00000113742.1	0
ENSMUSG00000113743.1	16.4863649542739
ENSMUSG00000113744.1	0
ENSMUSG00000113745.1	0
ENSMUSG00000113746.1	235.426207919168
ENSMUSG00000113747.1	0
ENSMUSG00000113748.1	0
ENSMUSG00000113749.1	95.9259974936532
ENSMUSG00000113750.1	23.0735075480185
ENSMUSG00000113751.1	0
ENSMUSG00000113752.1	0
ENSMUSG00000113753.1	81.7610878094484
ENSMUSG00000113754.1	0
ENSMUSG00000113755.1	0
ENSMUSG00000113756.1	0
ENSMUSG00000113757.1	0
ENSMUSG00000113758.1	0
ENSMUSG00000113759.1	0
ENSMUSG00000113760.1	0
ENSMUSG00000113761.1	0
ENSMUSG00000113762.1	0
ENSMUSG00000113763.1	0
ENSMUSG00000113764.1	0
ENSMUSG00000113765.1	0
ENSMUSG00000113766.1	0
ENSMUSG00000113767.1	0
ENSMUSG00000113768.1	0
ENSMUSG00000113769.1	56.4176553182166
ENSMUSG00000113770.1	0
ENSMUSG00000113771.1	22.6924453065994
ENSMUSG00000113772.1	0
ENSMUSG00000113773.1	0
ENSMUSG00000113774.1	5.46455551559548
ENSMUSG00000113775.1	0
ENSMUSG00000113776.1	0
ENSMUSG00000113777.1	0
ENSMUSG00000113778.1	0
ENSMUSG00000113779.1	0
ENSMUSG00000113780.1	17.3377857818333
ENSMUSG00000113781.1	0
ENSMUSG00000113782.1	0
ENSMUSG00000113783.1	0
ENSMUSG00000113784.1	0
ENSMUSG00000113785.1	0
ENSMUSG00000113786.1	199.286282421464
ENSMUSG00000113787.1	0
ENSMUSG00000113788.1	0
ENSMUSG00000113789.1	0
ENSMUSG00000113790.1	0
ENSMUSG00000113791.1	0
ENSMUSG00000113792.1	0
ENSMUSG00000113793.1	0
ENSMUSG00000113794.1	0
ENSMUSG00000113795.1	0
ENSMUSG00000113796.1	0
ENSMUSG00000113797.1	0
ENSMUSG00000113798.1	0
ENSMUSG00000113799.1	0
ENSMUSG00000113800.1	0
ENSMUSG00000113801.1	0
ENSMUSG00000113802.1	0
ENSMUSG00000113803.1	0
ENSMUSG00000113804.1	0
ENSMUSG00000113805.1	0
ENSMUSG00000113806.1	0
ENSMUSG00000113807.1	0
ENSMUSG00000113808.1	0
ENSMUSG00000113809.1	0
ENSMUSG00000113810.1	0
ENSMUSG00000113811.1	0
ENSMUSG00000113812.1	0
ENSMUSG00000113813.1	0
ENSMUSG00000113814.1	0
ENSMUSG00000113815.1	0
ENSMUSG00000113816.1	0
ENSMUSG00000113817.1	0
ENSMUSG00000113818.1	0
ENSMUSG00000113819.1	0
ENSMUSG00000113820.2	0
ENSMUSG00000113821.1	0
ENSMUSG00000113822.1	0
ENSMUSG00000113823.1	0
ENSMUSG00000113824.1	0
ENSMUSG00000113825.1	0
ENSMUSG00000113826.1	0
ENSMUSG00000113827.1	0
ENSMUSG00000113828.1	0
ENSMUSG00000113829.1	0
ENSMUSG00000113830.1	0
ENSMUSG00000113831.1	42.7387412242433
ENSMUSG00000113832.1	0
ENSMUSG00000113833.1	0
ENSMUSG00000113834.1	0
ENSMUSG00000113835.1	0
ENSMUSG00000113836.1	0
ENSMUSG00000113837.1	0
ENSMUSG00000113838.1	0
ENSMUSG00000113840.1	0
ENSMUSG00000113841.1	0
ENSMUSG00000113842.1	0
ENSMUSG00000113843.1	0
ENSMUSG00000113844.1	0
ENSMUSG00000113845.1	0
ENSMUSG00000113846.1	0
ENSMUSG00000113847.1	0
ENSMUSG00000113848.1	0
ENSMUSG00000113849.1	0
ENSMUSG00000113850.1	0
ENSMUSG00000113851.1	0
ENSMUSG00000113852.1	0
ENSMUSG00000113853.1	0
ENSMUSG00000113854.1	13.4462005161192
ENSMUSG00000113855.1	0
ENSMUSG00000113856.1	0
ENSMUSG00000113857.1	0
ENSMUSG00000113858.1	0
ENSMUSG00000113859.1	0
ENSMUSG00000113860.1	0
ENSMUSG00000113861.1	0
ENSMUSG00000113862.1	0
ENSMUSG00000113863.1	0
ENSMUSG00000113864.1	0
ENSMUSG00000113865.1	0
ENSMUSG00000113866.1	0
ENSMUSG00000113867.1	0
ENSMUSG00000113868.1	0
ENSMUSG00000113869.1	0
ENSMUSG00000113870.1	0
ENSMUSG00000113871.1	0
ENSMUSG00000113872.1	0
ENSMUSG00000113873.1	0
ENSMUSG00000113874.1	0
ENSMUSG00000113875.1	0
ENSMUSG00000113876.1	0
ENSMUSG00000113877.1	0
ENSMUSG00000113878.1	0
ENSMUSG00000113879.1	0
ENSMUSG00000113880.1	0
ENSMUSG00000113881.1	0
ENSMUSG00000113882.1	0
ENSMUSG00000113883.1	0
ENSMUSG00000113884.1	0
ENSMUSG00000113885.1	0
ENSMUSG00000113886.1	0
ENSMUSG00000113887.1	0
ENSMUSG00000113888.1	0
ENSMUSG00000113889.1	0
ENSMUSG00000113890.1	0
ENSMUSG00000113891.1	0
ENSMUSG00000113892.1	0
ENSMUSG00000113893.1	0
ENSMUSG00000113894.1	0
ENSMUSG00000113895.1	0
ENSMUSG00000113896.1	0
ENSMUSG00000113897.1	0
ENSMUSG00000113898.1	0
ENSMUSG00000113899.1	0
ENSMUSG00000113900.1	0
ENSMUSG00000113901.1	0
ENSMUSG00000113902.1	15039.5135095525
ENSMUSG00000113903.1	0
ENSMUSG00000113904.1	0
ENSMUSG00000113905.1	0
ENSMUSG00000113906.1	0
ENSMUSG00000113907.1	0
ENSMUSG00000113908.1	0
ENSMUSG00000113909.1	0
ENSMUSG00000113910.1	0
ENSMUSG00000113911.1	0
ENSMUSG00000113912.1	0
ENSMUSG00000113913.1	0
ENSMUSG00000113914.1	0
ENSMUSG00000113915.1	0
ENSMUSG00000113916.2	0
ENSMUSG00000113917.1	0
ENSMUSG00000113918.1	0
ENSMUSG00000113919.1	106.552761900827
ENSMUSG00000113920.1	0
ENSMUSG00000113921.1	0
ENSMUSG00000113922.1	0
ENSMUSG00000113923.1	0
ENSMUSG00000113924.1	0
ENSMUSG00000113925.1	0
ENSMUSG00000113926.1	0
ENSMUSG00000113927.1	0
ENSMUSG00000113928.1	0
ENSMUSG00000113929.1	0
ENSMUSG00000113930.1	0
ENSMUSG00000113931.1	0
ENSMUSG00000113932.1	0
ENSMUSG00000113933.1	0
ENSMUSG00000113934.1	0
ENSMUSG00000113935.1	0
ENSMUSG00000113936.1	4.89794040127628
ENSMUSG00000113937.1	0
ENSMUSG00000113938.1	0
ENSMUSG00000113939.1	0
ENSMUSG00000113940.1	0
ENSMUSG00000113941.1	0
ENSMUSG00000113942.1	0
ENSMUSG00000113943.1	0
ENSMUSG00000113944.1	0
ENSMUSG00000113945.1	0
ENSMUSG00000113946.1	0
ENSMUSG00000113947.1	0
ENSMUSG00000113948.1	7.34655166868677
ENSMUSG00000113949.1	1561.93049378122
ENSMUSG00000113950.1	0
ENSMUSG00000113951.1	0
ENSMUSG00000113952.1	0
ENSMUSG00000113953.1	0
ENSMUSG00000113954.1	0
ENSMUSG00000113955.1	0
ENSMUSG00000113956.1	0
ENSMUSG00000113957.1	0
ENSMUSG00000113958.1	0
ENSMUSG00000113959.1	0
ENSMUSG00000113960.1	52.4932978882392
ENSMUSG00000113961.1	0
ENSMUSG00000113962.1	0
ENSMUSG00000113963.1	0
ENSMUSG00000113964.1	0
ENSMUSG00000113965.1	0
ENSMUSG00000113966.1	13.1598030120433
ENSMUSG00000113967.1	0
ENSMUSG00000113968.1	0
ENSMUSG00000113969.1	0
ENSMUSG00000113970.1	0
ENSMUSG00000113971.1	0
ENSMUSG00000113972.1	0
ENSMUSG00000113973.1	0
ENSMUSG00000113974.1	0
ENSMUSG00000113975.1	0
ENSMUSG00000113976.1	0
ENSMUSG00000113977.1	0
ENSMUSG00000113978.1	0
ENSMUSG00000113979.1	0
ENSMUSG00000113980.1	0
ENSMUSG00000113981.1	0
ENSMUSG00000113982.1	0
ENSMUSG00000113983.1	0
ENSMUSG00000113984.1	0
ENSMUSG00000113985.1	0
ENSMUSG00000113986.1	0
ENSMUSG00000113987.1	0
ENSMUSG00000113989.1	0
ENSMUSG00000113990.1	0
ENSMUSG00000113991.1	0
ENSMUSG00000113992.1	0
ENSMUSG00000113993.1	0
ENSMUSG00000113994.1	0
ENSMUSG00000113995.1	0
ENSMUSG00000113996.1	0
ENSMUSG00000113997.1	0
ENSMUSG00000113998.1	0
ENSMUSG00000113999.1	0
ENSMUSG00000114000.1	0
ENSMUSG00000114001.1	0
ENSMUSG00000114002.1	0
ENSMUSG00000114003.1	227.688106916498
ENSMUSG00000114004.1	89.6421066598913
ENSMUSG00000114005.1	0
ENSMUSG00000114006.1	0
ENSMUSG00000114007.1	0
ENSMUSG00000114008.1	0
ENSMUSG00000114009.1	0
ENSMUSG00000114010.1	0
ENSMUSG00000114011.1	0
ENSMUSG00000114012.1	0
ENSMUSG00000114013.1	0
ENSMUSG00000114014.1	0
ENSMUSG00000114015.1	0
ENSMUSG00000114016.1	0
ENSMUSG00000114017.1	0
ENSMUSG00000114018.1	75.9673124951397
ENSMUSG00000114019.1	328.806744597116
ENSMUSG00000114020.1	0
ENSMUSG00000114021.1	0
ENSMUSG00000114022.1	0
ENSMUSG00000114023.1	27.4159441592401
ENSMUSG00000114024.1	0
ENSMUSG00000114025.1	52.53240600426
ENSMUSG00000114026.1	0
ENSMUSG00000114027.1	0
ENSMUSG00000114028.1	0
ENSMUSG00000114029.1	0
ENSMUSG00000114030.1	0
ENSMUSG00000114031.1	0
ENSMUSG00000114032.1	0
ENSMUSG00000114033.1	0
ENSMUSG00000114034.1	0
ENSMUSG00000114035.1	0
ENSMUSG00000114036.1	0
ENSMUSG00000114037.1	0
ENSMUSG00000114038.1	0
ENSMUSG00000114039.1	0
ENSMUSG00000114040.1	0
ENSMUSG00000114041.2	0
ENSMUSG00000114042.1	0
ENSMUSG00000114043.1	0
ENSMUSG00000114044.1	0
ENSMUSG00000114045.1	37.7522847678713
ENSMUSG00000114046.1	0
ENSMUSG00000114047.1	0
ENSMUSG00000114048.1	0
ENSMUSG00000114049.1	0
ENSMUSG00000114050.1	0
ENSMUSG00000114051.1	0
ENSMUSG00000114052.1	0
ENSMUSG00000114053.1	0
ENSMUSG00000114054.1	0
ENSMUSG00000114055.1	0
ENSMUSG00000114056.1	0
ENSMUSG00000114057.1	0
ENSMUSG00000114058.1	0
ENSMUSG00000114059.1	0
ENSMUSG00000114060.1	0
ENSMUSG00000114061.1	0
ENSMUSG00000114062.1	0
ENSMUSG00000114063.1	0
ENSMUSG00000114064.1	0
ENSMUSG00000114065.1	0
ENSMUSG00000114066.1	0
ENSMUSG00000114067.1	0
ENSMUSG00000114068.1	0
ENSMUSG00000114069.1	0
ENSMUSG00000114070.1	0
ENSMUSG00000114071.1	0
ENSMUSG00000114072.1	0
ENSMUSG00000114073.1	0
ENSMUSG00000114074.1	0
ENSMUSG00000114075.1	0
ENSMUSG00000114076.1	0
ENSMUSG00000114077.1	0
ENSMUSG00000114078.1	0
ENSMUSG00000114079.1	0
ENSMUSG00000114080.1	0
ENSMUSG00000114081.1	0
ENSMUSG00000114082.1	0
ENSMUSG00000114083.1	0
ENSMUSG00000114084.1	0
ENSMUSG00000114085.1	0
ENSMUSG00000114086.1	0
ENSMUSG00000114087.1	0
ENSMUSG00000114088.1	0
ENSMUSG00000114089.1	0
ENSMUSG00000114090.1	0
ENSMUSG00000114091.1	0
ENSMUSG00000114092.1	0
ENSMUSG00000114093.1	0
ENSMUSG00000114094.1	0
ENSMUSG00000114095.1	0
ENSMUSG00000114096.1	0
ENSMUSG00000114097.1	0
ENSMUSG00000114098.1	0
ENSMUSG00000114099.1	0
ENSMUSG00000114100.1	0
ENSMUSG00000114101.1	0
ENSMUSG00000114102.1	79.5140721696344
ENSMUSG00000114103.1	0
ENSMUSG00000114104.1	0
ENSMUSG00000114105.1	0
ENSMUSG00000114106.1	0
ENSMUSG00000114107.1	0
ENSMUSG00000114108.1	0
ENSMUSG00000114109.1	0
ENSMUSG00000114110.1	0
ENSMUSG00000114111.1	0
ENSMUSG00000114112.1	0
ENSMUSG00000114113.1	0
ENSMUSG00000114114.1	0
ENSMUSG00000114115.1	0
ENSMUSG00000114117.1	0
ENSMUSG00000114118.1	0
ENSMUSG00000114119.1	0
ENSMUSG00000114120.1	0
ENSMUSG00000114121.1	0
ENSMUSG00000114122.1	0
ENSMUSG00000114123.1	0
ENSMUSG00000114124.1	0
ENSMUSG00000114125.1	0
ENSMUSG00000114126.1	0
ENSMUSG00000114127.1	0
ENSMUSG00000114128.1	0
ENSMUSG00000114129.1	0
ENSMUSG00000114130.1	0
ENSMUSG00000114131.1	0
ENSMUSG00000114132.1	0
ENSMUSG00000114133.1	274.637696709549
ENSMUSG00000114134.1	0
ENSMUSG00000114135.1	205.469547105145
ENSMUSG00000114136.1	0
ENSMUSG00000114137.1	0
ENSMUSG00000114138.1	4.36543954937587
ENSMUSG00000114139.1	61.793008123846
ENSMUSG00000114140.1	13.7605011771963
ENSMUSG00000114141.1	0
ENSMUSG00000114142.1	0
ENSMUSG00000114143.1	0
ENSMUSG00000114144.1	0
ENSMUSG00000114145.1	0
ENSMUSG00000114147.1	0
ENSMUSG00000114148.1	7.8108864189196
ENSMUSG00000114149.1	0
ENSMUSG00000114150.1	0
ENSMUSG00000114151.1	0
ENSMUSG00000114152.1	0
ENSMUSG00000114153.1	0
ENSMUSG00000114154.1	0
ENSMUSG00000114155.1	0
ENSMUSG00000114156.1	0
ENSMUSG00000114157.1	17.2185263155001
ENSMUSG00000114158.1	0
ENSMUSG00000114159.1	0
ENSMUSG00000114160.1	0
ENSMUSG00000114161.1	0
ENSMUSG00000114162.1	0
ENSMUSG00000114163.1	0
ENSMUSG00000114164.1	0
ENSMUSG00000114165.1	0
ENSMUSG00000114166.1	0
ENSMUSG00000114167.1	0
ENSMUSG00000114168.1	0
ENSMUSG00000114169.1	0
ENSMUSG00000114170.1	0
ENSMUSG00000114171.1	0
ENSMUSG00000114172.1	0
ENSMUSG00000114173.1	0
ENSMUSG00000114174.1	0
ENSMUSG00000114175.1	0
ENSMUSG00000114176.1	0
ENSMUSG00000114177.1	0
ENSMUSG00000114178.1	0
ENSMUSG00000114179.1	134.764164515699
ENSMUSG00000114180.1	0
ENSMUSG00000114181.1	41.5746427380274
ENSMUSG00000114182.1	0
ENSMUSG00000114183.1	0
ENSMUSG00000114184.1	10.8110376050882
ENSMUSG00000114185.1	0
ENSMUSG00000114186.1	0
ENSMUSG00000114187.1	0
ENSMUSG00000114188.1	0
ENSMUSG00000114189.1	0
ENSMUSG00000114190.1	0
ENSMUSG00000114191.1	0
ENSMUSG00000114192.1	0
ENSMUSG00000114193.1	0
ENSMUSG00000114194.1	0
ENSMUSG00000114195.1	0
ENSMUSG00000114196.1	0
ENSMUSG00000114197.1	0
ENSMUSG00000114198.1	0
ENSMUSG00000114199.1	0
ENSMUSG00000114200.1	0
ENSMUSG00000114201.1	0
ENSMUSG00000114202.1	0
ENSMUSG00000114203.1	0
ENSMUSG00000114204.1	0
ENSMUSG00000114205.1	0
ENSMUSG00000114206.1	0
ENSMUSG00000114207.1	0
ENSMUSG00000114208.1	0
ENSMUSG00000114209.1	0
ENSMUSG00000114210.2	20.3372191015466
ENSMUSG00000114211.1	0
ENSMUSG00000114212.1	0
ENSMUSG00000114213.1	0
ENSMUSG00000114214.1	0
ENSMUSG00000114215.1	0
ENSMUSG00000114216.1	0
ENSMUSG00000114217.1	0
ENSMUSG00000114218.1	0
ENSMUSG00000114219.1	0
ENSMUSG00000114220.1	0
ENSMUSG00000114221.1	0
ENSMUSG00000114222.1	0
ENSMUSG00000114223.1	0
ENSMUSG00000114224.1	0
ENSMUSG00000114225.1	0
ENSMUSG00000114226.1	0
ENSMUSG00000114227.1	0
ENSMUSG00000114228.1	0
ENSMUSG00000114229.1	0
ENSMUSG00000114230.1	0
ENSMUSG00000114231.1	0
ENSMUSG00000114232.1	0
ENSMUSG00000114233.1	0
ENSMUSG00000114234.1	0
ENSMUSG00000114235.1	0
ENSMUSG00000114236.1	0
ENSMUSG00000114237.1	0
ENSMUSG00000114238.1	0
ENSMUSG00000114239.1	0
ENSMUSG00000114240.1	0
ENSMUSG00000114241.1	14.3433463157221
ENSMUSG00000114242.1	0
ENSMUSG00000114243.1	0
ENSMUSG00000114244.1	0
ENSMUSG00000114245.1	0
ENSMUSG00000114246.1	0
ENSMUSG00000114247.1	0
ENSMUSG00000114248.1	0
ENSMUSG00000114249.1	0
ENSMUSG00000114250.2	0
ENSMUSG00000114251.1	11.6765036459033
ENSMUSG00000114252.1	0
ENSMUSG00000114253.1	0
ENSMUSG00000114254.1	0
ENSMUSG00000114255.1	0
ENSMUSG00000114256.1	0
ENSMUSG00000114257.1	0
ENSMUSG00000114258.1	0
ENSMUSG00000114259.1	0
ENSMUSG00000114260.1	0
ENSMUSG00000114261.1	0
ENSMUSG00000114262.1	0
ENSMUSG00000114263.1	0
ENSMUSG00000114264.1	0
ENSMUSG00000114265.1	0
ENSMUSG00000114266.1	0
ENSMUSG00000114267.1	0
ENSMUSG00000114268.1	0
ENSMUSG00000114270.1	0
ENSMUSG00000114271.1	0
ENSMUSG00000114272.1	74.1478019352437
ENSMUSG00000114273.1	0
ENSMUSG00000114274.1	0
ENSMUSG00000114275.1	0
ENSMUSG00000114276.1	0
ENSMUSG00000114277.1	81.4522803873334
ENSMUSG00000114278.2	0
ENSMUSG00000114279.1	0
ENSMUSG00000114280.1	0
ENSMUSG00000114281.1	0
ENSMUSG00000114282.1	0
ENSMUSG00000114283.1	0
ENSMUSG00000114284.1	0
ENSMUSG00000114285.1	0
ENSMUSG00000114286.1	0
ENSMUSG00000114287.1	0
ENSMUSG00000114288.1	0
ENSMUSG00000114289.1	0
ENSMUSG00000114290.1	0
ENSMUSG00000114291.1	0
ENSMUSG00000114292.1	0
ENSMUSG00000114293.1	0
ENSMUSG00000114294.1	0
ENSMUSG00000114295.1	0
ENSMUSG00000114296.1	0
ENSMUSG00000114297.1	0
ENSMUSG00000114298.1	0
ENSMUSG00000114299.1	0
ENSMUSG00000114300.1	0
ENSMUSG00000114301.1	0
ENSMUSG00000114302.1	0
ENSMUSG00000114303.1	0
ENSMUSG00000114304.1	0
ENSMUSG00000114305.1	0
ENSMUSG00000114306.1	0
ENSMUSG00000114307.1	0
ENSMUSG00000114308.1	0
ENSMUSG00000114309.1	45.2787088009858
ENSMUSG00000114310.1	0
ENSMUSG00000114311.1	0
ENSMUSG00000114312.1	0
ENSMUSG00000114313.1	0
ENSMUSG00000114314.1	0
ENSMUSG00000114315.1	0
ENSMUSG00000114316.1	0
ENSMUSG00000114317.1	0
ENSMUSG00000114318.1	0
ENSMUSG00000114319.1	0
ENSMUSG00000114320.1	0
ENSMUSG00000114321.1	53.5640737352673
ENSMUSG00000114322.1	0
ENSMUSG00000114323.1	0
ENSMUSG00000114324.1	0
ENSMUSG00000114325.1	0
ENSMUSG00000114326.1	0
ENSMUSG00000114327.1	0
ENSMUSG00000114328.1	0
ENSMUSG00000114329.1	0
ENSMUSG00000114330.1	0
ENSMUSG00000114331.1	0
ENSMUSG00000114332.1	0
ENSMUSG00000114333.1	0
ENSMUSG00000114334.1	0
ENSMUSG00000114335.1	0
ENSMUSG00000114336.1	0
ENSMUSG00000114337.1	0
ENSMUSG00000114338.1	0
ENSMUSG00000114339.1	0
ENSMUSG00000114340.1	0
ENSMUSG00000114341.1	0
ENSMUSG00000114342.1	0
ENSMUSG00000114343.1	0
ENSMUSG00000114344.1	0
ENSMUSG00000114345.1	0
ENSMUSG00000114346.1	0
ENSMUSG00000114347.1	0
ENSMUSG00000114348.1	0
ENSMUSG00000114349.1	2.25122920379065
ENSMUSG00000114350.1	0
ENSMUSG00000114352.1	0
ENSMUSG00000114353.1	0
ENSMUSG00000114354.1	26.1657953331444
ENSMUSG00000114355.1	0
ENSMUSG00000114356.1	0
ENSMUSG00000114357.1	0
ENSMUSG00000114358.1	0
ENSMUSG00000114359.1	0
ENSMUSG00000114360.1	0
ENSMUSG00000114361.1	0
ENSMUSG00000114362.1	0
ENSMUSG00000114363.1	0
ENSMUSG00000114364.1	0
ENSMUSG00000114365.1	0
ENSMUSG00000114366.1	0
ENSMUSG00000114367.1	0
ENSMUSG00000114368.1	0
ENSMUSG00000114369.1	0
ENSMUSG00000114370.1	0
ENSMUSG00000114371.1	0
ENSMUSG00000114372.1	0
ENSMUSG00000114373.1	0
ENSMUSG00000114374.1	0
ENSMUSG00000114375.1	0
ENSMUSG00000114376.1	0
ENSMUSG00000114377.1	0
ENSMUSG00000114378.1	11.7934846665306
ENSMUSG00000114379.1	0
ENSMUSG00000114380.1	0
ENSMUSG00000114381.1	0
ENSMUSG00000114382.1	87.0354399259769
ENSMUSG00000114383.1	0
ENSMUSG00000114384.1	0
ENSMUSG00000114385.1	0
ENSMUSG00000114386.1	0
ENSMUSG00000114387.1	0
ENSMUSG00000114388.1	0
ENSMUSG00000114389.1	0
ENSMUSG00000114390.1	0
ENSMUSG00000114391.1	0
ENSMUSG00000114392.1	0
ENSMUSG00000114393.1	0
ENSMUSG00000114394.1	0
ENSMUSG00000114395.1	0
ENSMUSG00000114396.1	0
ENSMUSG00000114397.1	0
ENSMUSG00000114398.1	0
ENSMUSG00000114399.1	0
ENSMUSG00000114400.1	0
ENSMUSG00000114401.1	0
ENSMUSG00000114402.1	0
ENSMUSG00000114403.1	0
ENSMUSG00000114404.1	0
ENSMUSG00000114405.1	0
ENSMUSG00000114406.1	0
ENSMUSG00000114407.1	0
ENSMUSG00000114408.1	0
ENSMUSG00000114409.1	1.03585008339901
ENSMUSG00000114410.1	0
ENSMUSG00000114411.1	0
ENSMUSG00000114412.1	0
ENSMUSG00000114413.1	0
ENSMUSG00000114414.1	0
ENSMUSG00000114415.1	0
ENSMUSG00000114416.1	0
ENSMUSG00000114417.1	0
ENSMUSG00000114418.1	0
ENSMUSG00000114419.1	0
ENSMUSG00000114420.1	0
ENSMUSG00000114421.1	0
ENSMUSG00000114422.1	0
ENSMUSG00000114423.1	0
ENSMUSG00000114424.1	0
ENSMUSG00000114425.1	0
ENSMUSG00000114426.1	0
ENSMUSG00000114427.1	0
ENSMUSG00000114428.1	0
ENSMUSG00000114429.1	0
ENSMUSG00000114430.1	0
ENSMUSG00000114431.1	0
ENSMUSG00000114432.1	0
ENSMUSG00000114433.1	0
ENSMUSG00000114434.1	0
ENSMUSG00000114435.1	0
ENSMUSG00000114436.1	0
ENSMUSG00000114437.1	0
ENSMUSG00000114438.1	0
ENSMUSG00000114439.1	0
ENSMUSG00000114440.1	0
ENSMUSG00000114441.1	0
ENSMUSG00000114442.1	13.5696423348441
ENSMUSG00000114443.1	0
ENSMUSG00000114444.1	0
ENSMUSG00000114445.1	0
ENSMUSG00000114446.1	0
ENSMUSG00000114447.1	0
ENSMUSG00000114448.1	0
ENSMUSG00000114449.1	0
ENSMUSG00000114450.1	0
ENSMUSG00000114451.1	0
ENSMUSG00000114452.1	0
ENSMUSG00000114453.1	0
ENSMUSG00000114454.1	0
ENSMUSG00000114455.1	0
ENSMUSG00000114456.1	0
ENSMUSG00000114457.1	0
ENSMUSG00000114458.1	0
ENSMUSG00000114459.1	0
ENSMUSG00000114460.1	0
ENSMUSG00000114461.1	0
ENSMUSG00000114462.1	0
ENSMUSG00000114463.1	0
ENSMUSG00000114464.1	0
ENSMUSG00000114465.1	0
ENSMUSG00000114466.1	0
ENSMUSG00000114467.1	0
ENSMUSG00000114468.1	0
ENSMUSG00000114469.2	0
ENSMUSG00000114470.1	85.2138069783
ENSMUSG00000114471.1	0
ENSMUSG00000114472.1	0
ENSMUSG00000114473.1	0
ENSMUSG00000114474.1	0
ENSMUSG00000114475.1	0
ENSMUSG00000114476.1	0
ENSMUSG00000114477.1	0
ENSMUSG00000114478.1	0
ENSMUSG00000114479.1	0
ENSMUSG00000114480.1	0
ENSMUSG00000114481.1	0
ENSMUSG00000114482.1	1.90758965280164
ENSMUSG00000114483.1	0
ENSMUSG00000114484.1	0
ENSMUSG00000114485.1	0
ENSMUSG00000114486.1	0
ENSMUSG00000114487.1	0
ENSMUSG00000114488.1	115.080141465296
ENSMUSG00000114489.2	0
ENSMUSG00000114490.1	0
ENSMUSG00000114491.1	0
ENSMUSG00000114492.1	0
ENSMUSG00000114493.2	0
ENSMUSG00000114494.1	0
ENSMUSG00000114495.1	0
ENSMUSG00000114496.1	0
ENSMUSG00000114497.1	0
ENSMUSG00000114498.1	0
ENSMUSG00000114499.1	0
ENSMUSG00000114500.1	1.93568007931301
ENSMUSG00000114501.1	0
ENSMUSG00000114502.1	0
ENSMUSG00000114503.1	0
ENSMUSG00000114504.1	0
ENSMUSG00000114505.1	0
ENSMUSG00000114506.1	0
ENSMUSG00000114507.1	0
ENSMUSG00000114508.1	0
ENSMUSG00000114509.1	0
ENSMUSG00000114510.1	0
ENSMUSG00000114511.1	0
ENSMUSG00000114512.1	0
ENSMUSG00000114513.1	0
ENSMUSG00000114514.1	0
ENSMUSG00000114515.2	48.606737687712
ENSMUSG00000114516.1	0
ENSMUSG00000114517.1	0
ENSMUSG00000114518.1	0
ENSMUSG00000114519.1	0
ENSMUSG00000114520.1	0
ENSMUSG00000114521.1	0
ENSMUSG00000114522.1	0
ENSMUSG00000114523.1	0
ENSMUSG00000114524.1	0
ENSMUSG00000114525.1	0
ENSMUSG00000114526.1	0
ENSMUSG00000114527.2	0
ENSMUSG00000114528.1	0
ENSMUSG00000114529.1	1.43164419294412
ENSMUSG00000114530.1	0
ENSMUSG00000114531.1	0
ENSMUSG00000114532.1	0
ENSMUSG00000114533.1	0
ENSMUSG00000114534.1	0
ENSMUSG00000114535.1	0
ENSMUSG00000114536.1	0
ENSMUSG00000114537.1	0
ENSMUSG00000114538.1	0
ENSMUSG00000114539.1	0
ENSMUSG00000114540.1	12.8908527839895
ENSMUSG00000114541.1	0
ENSMUSG00000114542.1	0
ENSMUSG00000114543.1	0
ENSMUSG00000114544.1	0
ENSMUSG00000114545.1	0
ENSMUSG00000114546.1	0
ENSMUSG00000114547.1	1163.6122097214
ENSMUSG00000114548.1	0
ENSMUSG00000114549.1	0
ENSMUSG00000114550.1	0
ENSMUSG00000114551.1	2.1559402347471
ENSMUSG00000114552.1	0
ENSMUSG00000114553.1	0
ENSMUSG00000114554.1	0
ENSMUSG00000114555.1	0
ENSMUSG00000114556.1	0
ENSMUSG00000114557.1	0
ENSMUSG00000114558.1	0.711218387682697
ENSMUSG00000114559.1	0
ENSMUSG00000114560.1	0
ENSMUSG00000114561.1	0
ENSMUSG00000114562.1	0
ENSMUSG00000114563.1	0
ENSMUSG00000114564.1	0
ENSMUSG00000114565.1	0
ENSMUSG00000114566.1	0
ENSMUSG00000114567.1	0
ENSMUSG00000114568.1	0
ENSMUSG00000114569.1	0
ENSMUSG00000114570.1	0
ENSMUSG00000114571.1	132.723426241233
ENSMUSG00000114572.1	0
ENSMUSG00000114573.1	0
ENSMUSG00000114574.1	0
ENSMUSG00000114575.1	0
ENSMUSG00000114576.1	0
ENSMUSG00000114577.1	0
ENSMUSG00000114578.1	0
ENSMUSG00000114579.1	181.011056683776
ENSMUSG00000114580.1	0
ENSMUSG00000114581.1	0
ENSMUSG00000114582.1	0
ENSMUSG00000114583.1	0
ENSMUSG00000114584.1	8.13414480489536
ENSMUSG00000114585.1	0
ENSMUSG00000114586.1	0
ENSMUSG00000114587.1	0
ENSMUSG00000114588.1	0
ENSMUSG00000114589.1	0
ENSMUSG00000114590.1	0
ENSMUSG00000114591.1	0
ENSMUSG00000114592.1	0
ENSMUSG00000114593.1	0
ENSMUSG00000114594.1	0
ENSMUSG00000114595.1	0
ENSMUSG00000114596.1	0
ENSMUSG00000114597.1	0
ENSMUSG00000114598.1	0
ENSMUSG00000114599.1	0
ENSMUSG00000114600.1	0
ENSMUSG00000114601.1	0
ENSMUSG00000114602.1	0
ENSMUSG00000114603.1	0
ENSMUSG00000114604.1	0
ENSMUSG00000114605.1	0
ENSMUSG00000114606.1	0
ENSMUSG00000114607.1	0
ENSMUSG00000114608.1	0
ENSMUSG00000114609.1	0
ENSMUSG00000114610.1	0
ENSMUSG00000114611.1	0
ENSMUSG00000114612.1	0
ENSMUSG00000114613.1	0
ENSMUSG00000114614.1	0
ENSMUSG00000114615.1	0
ENSMUSG00000114616.1	0
ENSMUSG00000114617.1	0
ENSMUSG00000114618.1	0
ENSMUSG00000114619.1	0
ENSMUSG00000114620.2	0
ENSMUSG00000114621.1	0
ENSMUSG00000114622.1	0
ENSMUSG00000114623.1	0
ENSMUSG00000114624.1	0
ENSMUSG00000114625.1	0
ENSMUSG00000114626.1	0
ENSMUSG00000114627.1	0
ENSMUSG00000114628.1	0
ENSMUSG00000114629.1	0
ENSMUSG00000114630.1	0
ENSMUSG00000114631.1	0
ENSMUSG00000114632.1	0
ENSMUSG00000114633.1	62.6924947923249
ENSMUSG00000114634.1	0
ENSMUSG00000114635.1	0
ENSMUSG00000114636.1	0
ENSMUSG00000114637.1	0
ENSMUSG00000114638.1	0
ENSMUSG00000114639.1	125.957878227556
ENSMUSG00000114640.1	0
ENSMUSG00000114641.1	0
ENSMUSG00000114642.1	0
ENSMUSG00000114643.1	0
ENSMUSG00000114644.1	0
ENSMUSG00000114645.1	0
ENSMUSG00000114646.1	0
ENSMUSG00000114647.1	0
ENSMUSG00000114648.1	0
ENSMUSG00000114649.1	0
ENSMUSG00000114650.1	0
ENSMUSG00000114651.1	0
ENSMUSG00000114652.1	0
ENSMUSG00000114653.1	0
ENSMUSG00000114654.1	0
ENSMUSG00000114655.1	0
ENSMUSG00000114656.1	0
ENSMUSG00000114657.1	0
ENSMUSG00000114658.1	0
ENSMUSG00000114659.1	0
ENSMUSG00000114660.1	0
ENSMUSG00000114661.1	0
ENSMUSG00000114662.1	49.8170293197466
ENSMUSG00000114663.1	0
ENSMUSG00000114664.1	0
ENSMUSG00000114665.1	0
ENSMUSG00000114666.1	0
ENSMUSG00000114667.1	0
ENSMUSG00000114668.1	0
ENSMUSG00000114669.1	0
ENSMUSG00000114670.1	0
ENSMUSG00000114671.1	0
ENSMUSG00000114672.1	0
ENSMUSG00000114673.1	0
ENSMUSG00000114674.1	0
ENSMUSG00000114675.1	0
ENSMUSG00000114676.1	0
ENSMUSG00000114677.1	0
ENSMUSG00000114678.1	0
ENSMUSG00000114679.1	0
ENSMUSG00000114680.1	7.45969366435754
ENSMUSG00000114681.1	0
ENSMUSG00000114682.1	0
ENSMUSG00000114683.1	0
ENSMUSG00000114684.2	0
ENSMUSG00000114685.1	0
ENSMUSG00000114686.1	0
ENSMUSG00000114687.1	3.57538069795128
ENSMUSG00000114688.1	0
ENSMUSG00000114689.1	0
ENSMUSG00000114690.1	0
ENSMUSG00000114691.1	0
ENSMUSG00000114692.1	0
ENSMUSG00000114693.1	0
ENSMUSG00000114694.1	0
ENSMUSG00000114695.1	0
ENSMUSG00000114696.1	0
ENSMUSG00000114697.1	18.8091311109135
ENSMUSG00000114698.1	0
ENSMUSG00000114699.1	0
ENSMUSG00000114700.1	0
ENSMUSG00000114701.1	0
ENSMUSG00000114702.2	0
ENSMUSG00000114703.1	0
ENSMUSG00000114704.1	0
ENSMUSG00000114705.1	0
ENSMUSG00000114706.1	0
ENSMUSG00000114707.1	0
ENSMUSG00000114708.1	0
ENSMUSG00000114709.1	25.9323014656649
ENSMUSG00000114710.1	0
ENSMUSG00000114711.1	0
ENSMUSG00000114712.1	0
ENSMUSG00000114713.1	0
ENSMUSG00000114714.1	0
ENSMUSG00000114715.1	0
ENSMUSG00000114717.1	0
ENSMUSG00000114718.1	0
ENSMUSG00000114719.1	0
ENSMUSG00000114720.1	0
ENSMUSG00000114721.1	0
ENSMUSG00000114722.1	0
ENSMUSG00000114723.1	0
ENSMUSG00000114724.1	0
ENSMUSG00000114725.1	0
ENSMUSG00000114726.1	0
ENSMUSG00000114727.1	0
ENSMUSG00000114728.1	0
ENSMUSG00000114729.1	0
ENSMUSG00000114730.1	0
ENSMUSG00000114731.1	0
ENSMUSG00000114732.1	0
ENSMUSG00000114733.1	34.6486983889708
ENSMUSG00000114734.1	0
ENSMUSG00000114735.1	0
ENSMUSG00000114736.1	0
ENSMUSG00000114737.1	4.36428472073041
ENSMUSG00000114738.1	0
ENSMUSG00000114739.1	0
ENSMUSG00000114740.1	0
ENSMUSG00000114741.1	0
ENSMUSG00000114742.1	0
ENSMUSG00000114743.1	32.5857062543913
ENSMUSG00000114744.1	0
ENSMUSG00000114745.1	0
ENSMUSG00000114746.1	0
ENSMUSG00000114747.1	0
ENSMUSG00000114748.1	0
ENSMUSG00000114749.1	0
ENSMUSG00000114750.1	0
ENSMUSG00000114751.1	0
ENSMUSG00000114752.1	0
ENSMUSG00000114753.1	0
ENSMUSG00000114754.1	0
ENSMUSG00000114755.1	0
ENSMUSG00000114756.1	0
ENSMUSG00000114757.1	0
ENSMUSG00000114758.1	0
ENSMUSG00000114759.1	0
ENSMUSG00000114760.1	0
ENSMUSG00000114761.1	0
ENSMUSG00000114762.1	0
ENSMUSG00000114763.1	0
ENSMUSG00000114764.1	0
ENSMUSG00000114765.1	0
ENSMUSG00000114766.1	0
ENSMUSG00000114767.1	0
ENSMUSG00000114768.1	0
ENSMUSG00000114769.1	0
ENSMUSG00000114770.1	0
ENSMUSG00000114771.1	76.5056499134375
ENSMUSG00000114772.1	0
ENSMUSG00000114773.1	0
ENSMUSG00000114774.1	200.392982802841
ENSMUSG00000114775.1	0
ENSMUSG00000114776.1	0
ENSMUSG00000114777.1	0
ENSMUSG00000114778.1	0
ENSMUSG00000114779.1	0
ENSMUSG00000114780.1	11.092253986052
ENSMUSG00000114781.1	0
ENSMUSG00000114782.1	0
ENSMUSG00000114783.1	0
ENSMUSG00000114784.1	0
ENSMUSG00000114785.1	0
ENSMUSG00000114786.1	0
ENSMUSG00000114787.1	8.2736605899018
ENSMUSG00000114788.1	0
ENSMUSG00000114789.1	0
ENSMUSG00000114790.1	0
ENSMUSG00000114791.1	0
ENSMUSG00000114792.1	0
ENSMUSG00000114793.1	0
ENSMUSG00000114794.1	0
ENSMUSG00000114795.1	0
ENSMUSG00000114796.1	0
ENSMUSG00000114797.1	342.062023847713
ENSMUSG00000114798.1	0
ENSMUSG00000114799.1	0
ENSMUSG00000114800.1	0
ENSMUSG00000114801.1	0
ENSMUSG00000114802.1	0
ENSMUSG00000114803.1	0
ENSMUSG00000114804.1	0
ENSMUSG00000114805.1	0
ENSMUSG00000114806.1	0
ENSMUSG00000114807.1	0
ENSMUSG00000114808.1	0
ENSMUSG00000114809.1	46.4802611892168
ENSMUSG00000114810.1	0
ENSMUSG00000114811.1	0
ENSMUSG00000114812.1	0
ENSMUSG00000114813.1	0
ENSMUSG00000114814.1	0
ENSMUSG00000114815.1	0
ENSMUSG00000114816.1	0
ENSMUSG00000114817.1	0
ENSMUSG00000114818.1	0
ENSMUSG00000114819.1	0
ENSMUSG00000114820.1	0
ENSMUSG00000114821.1	0
ENSMUSG00000114822.1	0
ENSMUSG00000114823.1	0
ENSMUSG00000114824.1	0
ENSMUSG00000114825.1	0
ENSMUSG00000114826.2	0
ENSMUSG00000114827.1	3.06010864097785
ENSMUSG00000114828.1	0
ENSMUSG00000114829.1	0
ENSMUSG00000114830.1	0
ENSMUSG00000114831.1	0
ENSMUSG00000114832.2	3.89018074438862
ENSMUSG00000114833.1	91.9783562212564
ENSMUSG00000114834.1	0
ENSMUSG00000114835.1	0
ENSMUSG00000114836.1	0
ENSMUSG00000114837.1	0
ENSMUSG00000114838.1	0
ENSMUSG00000114839.1	0
ENSMUSG00000114840.1	0
ENSMUSG00000114841.1	0
ENSMUSG00000114842.1	0
ENSMUSG00000114843.1	0
ENSMUSG00000114844.1	0
ENSMUSG00000114845.1	0
ENSMUSG00000114846.1	0
ENSMUSG00000114847.1	0
ENSMUSG00000114848.1	0
ENSMUSG00000114849.1	0
ENSMUSG00000114850.1	0
ENSMUSG00000114851.1	13.440863335082
ENSMUSG00000114852.1	0
ENSMUSG00000114853.1	0
ENSMUSG00000114854.1	0
ENSMUSG00000114855.1	0
ENSMUSG00000114856.1	0
ENSMUSG00000114857.1	0
ENSMUSG00000114858.1	23.4814117525485
ENSMUSG00000114859.1	11.2347348716346
ENSMUSG00000114860.1	0
ENSMUSG00000114861.1	0
ENSMUSG00000114862.1	0
ENSMUSG00000114863.1	0
ENSMUSG00000114864.1	0
ENSMUSG00000114865.2	0
ENSMUSG00000114866.1	0
ENSMUSG00000114867.1	0
ENSMUSG00000114868.1	0
ENSMUSG00000114869.1	0
ENSMUSG00000114870.1	0
ENSMUSG00000114871.1	0
ENSMUSG00000114872.1	0
ENSMUSG00000114873.1	0
ENSMUSG00000114874.1	0
ENSMUSG00000114875.1	0
ENSMUSG00000114876.1	0
ENSMUSG00000114877.1	0
ENSMUSG00000114878.1	0
ENSMUSG00000114879.1	0
ENSMUSG00000114880.1	0
ENSMUSG00000114881.1	0
ENSMUSG00000114882.1	0
ENSMUSG00000114883.1	111.86300734012
ENSMUSG00000114884.1	0
ENSMUSG00000114885.1	0
ENSMUSG00000114886.1	10.8305760573061
ENSMUSG00000114887.1	0
ENSMUSG00000114888.1	0
ENSMUSG00000114889.1	0
ENSMUSG00000114890.1	0
ENSMUSG00000114891.1	0
ENSMUSG00000114892.1	0
ENSMUSG00000114893.1	0
ENSMUSG00000114894.1	0
ENSMUSG00000114895.1	0
ENSMUSG00000114896.1	0
ENSMUSG00000114897.1	0
ENSMUSG00000114898.1	0
ENSMUSG00000114899.1	0
ENSMUSG00000114900.1	0
ENSMUSG00000114901.1	0
ENSMUSG00000114902.1	17.1142171983879
ENSMUSG00000114903.1	0
ENSMUSG00000114904.1	0
ENSMUSG00000114905.1	0
ENSMUSG00000114906.1	0
ENSMUSG00000114907.1	0
ENSMUSG00000114908.1	0
ENSMUSG00000114909.1	0
ENSMUSG00000114910.1	0
ENSMUSG00000114911.1	0
ENSMUSG00000114912.1	0
ENSMUSG00000114913.1	0
ENSMUSG00000114914.1	0
ENSMUSG00000114915.1	0
ENSMUSG00000114916.1	0
ENSMUSG00000114917.1	0
ENSMUSG00000114918.1	0
ENSMUSG00000114919.1	0
ENSMUSG00000114920.1	0
ENSMUSG00000114921.1	0
ENSMUSG00000114922.1	0
ENSMUSG00000114923.1	0
ENSMUSG00000114924.1	0
ENSMUSG00000114925.1	0
ENSMUSG00000114926.1	0
ENSMUSG00000114927.1	0
ENSMUSG00000114928.1	0
ENSMUSG00000114929.1	0
ENSMUSG00000114930.1	0
ENSMUSG00000114931.1	0
ENSMUSG00000114932.1	0
ENSMUSG00000114933.1	0
ENSMUSG00000114934.1	0
ENSMUSG00000114935.1	0
ENSMUSG00000114936.1	0
ENSMUSG00000114937.1	0
ENSMUSG00000114938.1	0
ENSMUSG00000114939.1	0
ENSMUSG00000114940.1	0
ENSMUSG00000114941.1	0
ENSMUSG00000114942.1	0
ENSMUSG00000114943.1	0
ENSMUSG00000114944.1	0
ENSMUSG00000114945.1	0
ENSMUSG00000114946.1	0
ENSMUSG00000114947.1	0
ENSMUSG00000114948.1	0
ENSMUSG00000114949.1	0
ENSMUSG00000114950.1	0
ENSMUSG00000114951.1	0
ENSMUSG00000114952.1	0
ENSMUSG00000114953.1	0
ENSMUSG00000114954.1	0
ENSMUSG00000114955.1	0
ENSMUSG00000114956.1	0
ENSMUSG00000114957.1	0
ENSMUSG00000114958.1	0
ENSMUSG00000114959.1	0
ENSMUSG00000114960.1	0
ENSMUSG00000114961.1	24.8518188156979
ENSMUSG00000114962.1	0
ENSMUSG00000114963.1	0
ENSMUSG00000114964.1	0
ENSMUSG00000114965.1	0
ENSMUSG00000114966.1	0
ENSMUSG00000114967.1	0
ENSMUSG00000114968.1	0
ENSMUSG00000114969.1	0
ENSMUSG00000114970.1	0
ENSMUSG00000114971.1	0
ENSMUSG00000114972.1	0
ENSMUSG00000114973.1	0
ENSMUSG00000114974.1	0
ENSMUSG00000114975.1	0
ENSMUSG00000114976.1	0
ENSMUSG00000114977.1	0
ENSMUSG00000114978.1	0
ENSMUSG00000114979.1	0
ENSMUSG00000114980.1	0
ENSMUSG00000114981.1	0
ENSMUSG00000114982.1	1.19115893042184
ENSMUSG00000114983.1	0
ENSMUSG00000114984.1	0
ENSMUSG00000114985.1	0
ENSMUSG00000114986.1	0
ENSMUSG00000114987.1	0
ENSMUSG00000114988.1	0
ENSMUSG00000114989.1	0
ENSMUSG00000114990.1	0
ENSMUSG00000114991.1	0
ENSMUSG00000114992.1	0
ENSMUSG00000114993.1	0
ENSMUSG00000114994.1	0
ENSMUSG00000114995.1	122.700293888204
ENSMUSG00000114996.1	0
ENSMUSG00000114997.1	0
ENSMUSG00000114998.1	0
ENSMUSG00000114999.1	0.732411053906269
ENSMUSG00000115000.1	0
ENSMUSG00000115001.1	0
ENSMUSG00000115002.1	0
ENSMUSG00000115003.1	0
ENSMUSG00000115004.1	0
ENSMUSG00000115005.1	0
ENSMUSG00000115006.1	0
ENSMUSG00000115007.1	94.8257266987882
ENSMUSG00000115008.1	0
ENSMUSG00000115009.1	0
ENSMUSG00000115010.1	0
ENSMUSG00000115011.1	0
ENSMUSG00000115012.1	0
ENSMUSG00000115013.1	0
ENSMUSG00000115014.1	0
ENSMUSG00000115015.1	0
ENSMUSG00000115016.1	0
ENSMUSG00000115017.1	7.83401420341395
ENSMUSG00000115018.2	140.25615501452
ENSMUSG00000115019.1	0
ENSMUSG00000115020.1	0
ENSMUSG00000115021.1	0
ENSMUSG00000115022.1	0
ENSMUSG00000115023.1	0
ENSMUSG00000115024.1	0
ENSMUSG00000115025.1	0
ENSMUSG00000115026.1	141.64063850251
ENSMUSG00000115027.1	0
ENSMUSG00000115028.1	0
ENSMUSG00000115029.1	0
ENSMUSG00000115030.1	0
ENSMUSG00000115031.1	0
ENSMUSG00000115032.1	0
ENSMUSG00000115033.1	0
ENSMUSG00000115034.1	0
ENSMUSG00000115035.1	0
ENSMUSG00000115036.1	0
ENSMUSG00000115037.1	0
ENSMUSG00000115038.1	0
ENSMUSG00000115039.1	0
ENSMUSG00000115040.1	0
ENSMUSG00000115041.1	0
ENSMUSG00000115042.1	0
ENSMUSG00000115043.1	0
ENSMUSG00000115044.1	0
ENSMUSG00000115045.1	0
ENSMUSG00000115046.1	0
ENSMUSG00000115047.1	0
ENSMUSG00000115048.1	0
ENSMUSG00000115049.1	0
ENSMUSG00000115050.1	0
ENSMUSG00000115051.1	0
ENSMUSG00000115052.1	0
ENSMUSG00000115053.1	0
ENSMUSG00000115054.1	0
ENSMUSG00000115056.1	0
ENSMUSG00000115057.1	0
ENSMUSG00000115058.1	0
ENSMUSG00000115059.1	0
ENSMUSG00000115060.1	0
ENSMUSG00000115061.1	0
ENSMUSG00000115062.1	0
ENSMUSG00000115063.1	0
ENSMUSG00000115064.1	0
ENSMUSG00000115065.1	0
ENSMUSG00000115066.1	0
ENSMUSG00000115067.1	0
ENSMUSG00000115068.1	0
ENSMUSG00000115069.1	0
ENSMUSG00000115070.1	0
ENSMUSG00000115071.1	0
ENSMUSG00000115072.1	0
ENSMUSG00000115073.1	0
ENSMUSG00000115074.1	0
ENSMUSG00000115075.1	0
ENSMUSG00000115076.1	0
ENSMUSG00000115077.1	0
ENSMUSG00000115079.1	0
ENSMUSG00000115080.1	0
ENSMUSG00000115081.1	0
ENSMUSG00000115082.1	0
ENSMUSG00000115083.1	0
ENSMUSG00000115084.1	0
ENSMUSG00000115085.1	0
ENSMUSG00000115086.1	0
ENSMUSG00000115087.1	0
ENSMUSG00000115088.1	0
ENSMUSG00000115089.1	0
ENSMUSG00000115090.1	0
ENSMUSG00000115091.1	0
ENSMUSG00000115092.1	0
ENSMUSG00000115093.1	0
ENSMUSG00000115094.1	0
ENSMUSG00000115095.1	0
ENSMUSG00000115096.1	0
ENSMUSG00000115097.1	0
ENSMUSG00000115098.1	0
ENSMUSG00000115099.1	163.952302471956
ENSMUSG00000115100.1	5.53375159956847
ENSMUSG00000115101.1	0
ENSMUSG00000115102.1	0
ENSMUSG00000115103.1	0
ENSMUSG00000115104.1	0
ENSMUSG00000115105.1	0
ENSMUSG00000115106.1	0
ENSMUSG00000115107.1	0
ENSMUSG00000115108.1	0
ENSMUSG00000115109.1	130.221848914056
ENSMUSG00000115110.1	0
ENSMUSG00000115111.1	7.72355640405427
ENSMUSG00000115112.1	0
ENSMUSG00000115113.1	0
ENSMUSG00000115114.1	0
ENSMUSG00000115115.1	0
ENSMUSG00000115116.1	0
ENSMUSG00000115117.1	0
ENSMUSG00000115118.1	0
ENSMUSG00000115119.1	0
ENSMUSG00000115120.1	0
ENSMUSG00000115121.1	0
ENSMUSG00000115122.1	0
ENSMUSG00000115123.1	0
ENSMUSG00000115124.1	145.030185423296
ENSMUSG00000115125.1	0
ENSMUSG00000115126.1	0
ENSMUSG00000115127.1	0
ENSMUSG00000115128.1	0
ENSMUSG00000115129.1	0
ENSMUSG00000115130.1	0
ENSMUSG00000115131.1	0
ENSMUSG00000115132.1	0
ENSMUSG00000115133.1	0
ENSMUSG00000115134.1	0
ENSMUSG00000115135.1	0
ENSMUSG00000115136.1	0
ENSMUSG00000115137.1	0
ENSMUSG00000115138.1	0
ENSMUSG00000115139.1	0
ENSMUSG00000115140.1	0
ENSMUSG00000115141.1	0
ENSMUSG00000115142.1	0
ENSMUSG00000115143.1	0
ENSMUSG00000115144.1	0
ENSMUSG00000115145.1	0
ENSMUSG00000115146.1	26.4246642192391
ENSMUSG00000115147.1	0
ENSMUSG00000115148.1	0
ENSMUSG00000115149.1	81.0519605979615
ENSMUSG00000115150.1	0
ENSMUSG00000115151.1	0
ENSMUSG00000115152.1	0
ENSMUSG00000115153.1	0
ENSMUSG00000115154.1	0
ENSMUSG00000115155.1	0
ENSMUSG00000115156.1	0
ENSMUSG00000115157.1	0
ENSMUSG00000115158.1	0
ENSMUSG00000115159.1	0
ENSMUSG00000115160.1	0
ENSMUSG00000115161.1	0
ENSMUSG00000115162.1	0
ENSMUSG00000115163.1	0
ENSMUSG00000115164.2	0
ENSMUSG00000115165.1	0
ENSMUSG00000115166.1	0
ENSMUSG00000115167.1	0
ENSMUSG00000115168.1	0
ENSMUSG00000115169.1	0
ENSMUSG00000115170.1	0
ENSMUSG00000115171.1	0
ENSMUSG00000115172.1	0
ENSMUSG00000115173.1	0
ENSMUSG00000115174.1	0
ENSMUSG00000115175.1	0
ENSMUSG00000115176.1	0
ENSMUSG00000115177.1	0
ENSMUSG00000115178.1	0
ENSMUSG00000115179.1	0
ENSMUSG00000115180.1	0
ENSMUSG00000115181.1	0
ENSMUSG00000115182.1	0
ENSMUSG00000115183.1	0
ENSMUSG00000115184.1	0
ENSMUSG00000115185.1	0
ENSMUSG00000115186.1	0
ENSMUSG00000115187.1	0
ENSMUSG00000115188.1	0
ENSMUSG00000115190.1	0
ENSMUSG00000115191.1	0
ENSMUSG00000115192.1	0
ENSMUSG00000115193.1	0
ENSMUSG00000115194.1	305.655894741436
ENSMUSG00000115195.1	0
ENSMUSG00000115196.1	0
ENSMUSG00000115197.1	0
ENSMUSG00000115198.1	0
ENSMUSG00000115199.1	25.2615020805736
ENSMUSG00000115200.1	0
ENSMUSG00000115201.1	0
ENSMUSG00000115202.1	0
ENSMUSG00000115203.1	0
ENSMUSG00000115204.1	0
ENSMUSG00000115205.1	45.1808604819712
ENSMUSG00000115206.1	0
ENSMUSG00000115207.1	0
ENSMUSG00000115208.1	0
ENSMUSG00000115209.1	0
ENSMUSG00000115210.1	0
ENSMUSG00000115211.1	0
ENSMUSG00000115212.1	0
ENSMUSG00000115213.1	0
ENSMUSG00000115214.1	0
ENSMUSG00000115215.1	0
ENSMUSG00000115216.1	0
ENSMUSG00000115217.1	0
ENSMUSG00000115218.1	0
ENSMUSG00000115219.2	92.8405450456451
ENSMUSG00000115220.1	65.9839749130013
ENSMUSG00000115221.1	0
ENSMUSG00000115222.1	0
ENSMUSG00000115223.1	0
ENSMUSG00000115224.1	0
ENSMUSG00000115225.1	0
ENSMUSG00000115226.1	0
ENSMUSG00000115227.1	0
ENSMUSG00000115228.1	0
ENSMUSG00000115229.1	0
ENSMUSG00000115230.1	0
ENSMUSG00000115231.1	0
ENSMUSG00000115232.1	0
ENSMUSG00000115233.1	0
ENSMUSG00000115234.1	0
ENSMUSG00000115235.1	0
ENSMUSG00000115236.1	0
ENSMUSG00000115237.1	0
ENSMUSG00000115238.1	0
ENSMUSG00000115239.1	0
ENSMUSG00000115240.1	0
ENSMUSG00000115241.1	0
ENSMUSG00000115242.1	0
ENSMUSG00000115243.1	0
ENSMUSG00000115244.1	0
ENSMUSG00000115245.1	0
ENSMUSG00000115246.1	0
ENSMUSG00000115247.1	0
ENSMUSG00000115248.1	401.342031204268
ENSMUSG00000115249.1	0
ENSMUSG00000115250.1	0
ENSMUSG00000115251.1	0
ENSMUSG00000115252.1	0
ENSMUSG00000115253.1	0
ENSMUSG00000115254.1	0
ENSMUSG00000115256.1	0
ENSMUSG00000115257.1	0
ENSMUSG00000115258.1	0
ENSMUSG00000115259.1	0
ENSMUSG00000115260.1	0
ENSMUSG00000115261.1	0
ENSMUSG00000115262.1	0
ENSMUSG00000115263.1	0
ENSMUSG00000115264.1	0
ENSMUSG00000115265.1	0
ENSMUSG00000115266.1	0
ENSMUSG00000115267.1	0
ENSMUSG00000115268.1	0
ENSMUSG00000115269.1	0
ENSMUSG00000115270.1	0
ENSMUSG00000115271.1	0
ENSMUSG00000115272.1	0
ENSMUSG00000115273.1	0
ENSMUSG00000115274.1	0
ENSMUSG00000115275.1	0
ENSMUSG00000115276.1	0
ENSMUSG00000115277.1	0
ENSMUSG00000115278.1	0
ENSMUSG00000115279.1	0
ENSMUSG00000115280.1	23.153846167841
ENSMUSG00000115281.1	0
ENSMUSG00000115282.1	0
ENSMUSG00000115283.1	0
ENSMUSG00000115284.1	0
ENSMUSG00000115285.1	0
ENSMUSG00000115286.1	0
ENSMUSG00000115287.1	0
ENSMUSG00000115288.1	0
ENSMUSG00000115289.1	0
ENSMUSG00000115290.1	0
ENSMUSG00000115291.1	0
ENSMUSG00000115292.1	0
ENSMUSG00000115293.2	0
ENSMUSG00000115294.1	0
ENSMUSG00000115295.1	0
ENSMUSG00000115296.1	0
ENSMUSG00000115297.1	0
ENSMUSG00000115298.1	0
ENSMUSG00000115299.1	0
ENSMUSG00000115300.1	0
ENSMUSG00000115301.1	0
ENSMUSG00000115302.1	0
ENSMUSG00000115303.1	0
ENSMUSG00000115304.1	0
ENSMUSG00000115305.1	0
ENSMUSG00000115306.1	0
ENSMUSG00000115307.1	0
ENSMUSG00000115308.1	0
ENSMUSG00000115309.1	0
ENSMUSG00000115310.1	0
ENSMUSG00000115311.1	91.1886406972669
ENSMUSG00000115312.1	21.3061203350936
ENSMUSG00000115313.1	0
ENSMUSG00000115314.1	0
ENSMUSG00000115315.1	0
ENSMUSG00000115316.1	0
ENSMUSG00000115317.1	9.21075721832086
ENSMUSG00000115318.1	0
ENSMUSG00000115319.1	0
ENSMUSG00000115320.1	0
ENSMUSG00000115321.1	0
ENSMUSG00000115322.1	0
ENSMUSG00000115323.1	0
ENSMUSG00000115324.1	0
ENSMUSG00000115325.2	0
ENSMUSG00000115326.1	0
ENSMUSG00000115327.1	0
ENSMUSG00000115328.1	0
ENSMUSG00000115329.1	0
ENSMUSG00000115330.1	0
ENSMUSG00000115331.1	0
ENSMUSG00000115332.1	0
ENSMUSG00000115333.1	0
ENSMUSG00000115334.1	0
ENSMUSG00000115335.1	0
ENSMUSG00000115336.1	0
ENSMUSG00000115337.1	0
ENSMUSG00000115338.2	304.783312459239
ENSMUSG00000115339.1	0
ENSMUSG00000115340.1	0
ENSMUSG00000115341.1	0
ENSMUSG00000115342.1	2.00075623406433
ENSMUSG00000115343.1	0
ENSMUSG00000115344.1	0
ENSMUSG00000115345.1	0
ENSMUSG00000115346.1	0
ENSMUSG00000115347.1	0
ENSMUSG00000115348.1	0
ENSMUSG00000115349.1	0
ENSMUSG00000115350.1	0
ENSMUSG00000115351.1	0
ENSMUSG00000115352.1	0
ENSMUSG00000115353.1	0
ENSMUSG00000115354.1	19.8000989350644
ENSMUSG00000115355.1	0
ENSMUSG00000115356.1	0
ENSMUSG00000115357.1	0
ENSMUSG00000115358.1	0
ENSMUSG00000115359.1	0
ENSMUSG00000115360.1	0
ENSMUSG00000115361.1	0
ENSMUSG00000115362.1	0
ENSMUSG00000115363.1	0
ENSMUSG00000115365.1	0
ENSMUSG00000115366.1	0
ENSMUSG00000115367.1	0
ENSMUSG00000115368.1	0
ENSMUSG00000115369.1	0
ENSMUSG00000115370.1	0
ENSMUSG00000115371.1	0
ENSMUSG00000115372.1	0
ENSMUSG00000115373.1	16.5266278989402
ENSMUSG00000115374.1	0
ENSMUSG00000115375.1	0
ENSMUSG00000115376.1	0
ENSMUSG00000115377.1	0
ENSMUSG00000115378.1	0
ENSMUSG00000115379.1	0
ENSMUSG00000115380.1	0
ENSMUSG00000115381.1	0
ENSMUSG00000115382.1	0
ENSMUSG00000115383.1	0
ENSMUSG00000115384.1	0
ENSMUSG00000115385.1	0
ENSMUSG00000115386.1	0
ENSMUSG00000115387.1	0
ENSMUSG00000115388.2	0
ENSMUSG00000115389.1	0
ENSMUSG00000115390.1	0
ENSMUSG00000115391.1	0
ENSMUSG00000115392.1	0
ENSMUSG00000115393.1	0
ENSMUSG00000115394.1	0
ENSMUSG00000115395.1	0
ENSMUSG00000115396.1	0
ENSMUSG00000115397.1	0
ENSMUSG00000115398.1	0
ENSMUSG00000115399.1	0
ENSMUSG00000115400.1	0
ENSMUSG00000115401.1	0
ENSMUSG00000115402.1	0
ENSMUSG00000115403.1	2.7581365559807
ENSMUSG00000115404.1	0
ENSMUSG00000115405.1	0
ENSMUSG00000115406.1	0
ENSMUSG00000115407.1	0
ENSMUSG00000115408.1	0
ENSMUSG00000115409.1	0
ENSMUSG00000115410.1	28.1863397121067
ENSMUSG00000115411.1	0
ENSMUSG00000115412.1	0
ENSMUSG00000115413.1	0
ENSMUSG00000115414.1	0
ENSMUSG00000115415.1	0
ENSMUSG00000115416.1	0
ENSMUSG00000115417.1	0
ENSMUSG00000115418.1	0
ENSMUSG00000115419.1	0
ENSMUSG00000115420.1	0
ENSMUSG00000115421.1	0
ENSMUSG00000115422.1	0
ENSMUSG00000115423.2	2341.21460667409
ENSMUSG00000115424.1	0
ENSMUSG00000115425.1	0
ENSMUSG00000115426.1	0
ENSMUSG00000115427.1	0
ENSMUSG00000115428.1	0
ENSMUSG00000115429.1	0
ENSMUSG00000115430.1	0
ENSMUSG00000115431.1	0
ENSMUSG00000115432.1	0
ENSMUSG00000115433.1	0
ENSMUSG00000115434.1	0
ENSMUSG00000115435.1	0
ENSMUSG00000115436.1	0
ENSMUSG00000115437.1	0
ENSMUSG00000115438.1	0
ENSMUSG00000115439.1	0
ENSMUSG00000115440.1	0
ENSMUSG00000115441.1	0
ENSMUSG00000115443.1	0
ENSMUSG00000115444.1	0
ENSMUSG00000115445.1	0
ENSMUSG00000115446.1	0
ENSMUSG00000115447.1	0
ENSMUSG00000115448.1	2.87240216871192
ENSMUSG00000115449.1	0
ENSMUSG00000115450.1	0
ENSMUSG00000115451.1	0
ENSMUSG00000115452.1	0
ENSMUSG00000115453.1	0
ENSMUSG00000115454.1	30.3132219612071
ENSMUSG00000115455.1	0
ENSMUSG00000115456.1	42.6846827590015
ENSMUSG00000115457.1	0
ENSMUSG00000115458.1	270.390299374691
ENSMUSG00000115459.1	0
ENSMUSG00000115460.1	0
ENSMUSG00000115461.1	0
ENSMUSG00000115462.1	0
ENSMUSG00000115463.1	0
ENSMUSG00000115464.1	0
ENSMUSG00000115465.1	0
ENSMUSG00000115466.1	0
ENSMUSG00000115467.1	0
ENSMUSG00000115468.1	0
ENSMUSG00000115469.1	1.81535941908933
ENSMUSG00000115470.1	0
ENSMUSG00000115471.1	0
ENSMUSG00000115472.1	0
ENSMUSG00000115473.1	0
ENSMUSG00000115474.1	0
ENSMUSG00000115475.1	0
ENSMUSG00000115476.1	0
ENSMUSG00000115477.1	0
ENSMUSG00000115478.1	0
ENSMUSG00000115479.1	0
ENSMUSG00000115480.1	0
ENSMUSG00000115481.1	0
ENSMUSG00000115482.1	0
ENSMUSG00000115483.1	7.12469972241703
ENSMUSG00000115484.1	0
ENSMUSG00000115485.1	0
ENSMUSG00000115486.1	0
ENSMUSG00000115487.1	0
ENSMUSG00000115488.1	0
ENSMUSG00000115489.1	0
ENSMUSG00000115490.1	0
ENSMUSG00000115491.1	0
ENSMUSG00000115492.1	0
ENSMUSG00000115493.1	0
ENSMUSG00000115494.1	0
ENSMUSG00000115495.1	0
ENSMUSG00000115497.1	619.808363212935
ENSMUSG00000115498.1	0
ENSMUSG00000115499.1	0
ENSMUSG00000115500.1	0
ENSMUSG00000115501.1	0
ENSMUSG00000115502.1	0
ENSMUSG00000115503.1	15.5707731079286
ENSMUSG00000115504.1	0
ENSMUSG00000115505.1	14.5890439129414
ENSMUSG00000115506.1	0
ENSMUSG00000115507.1	0
ENSMUSG00000115508.1	0
ENSMUSG00000115509.1	22.2370370696801
ENSMUSG00000115510.1	0
ENSMUSG00000115511.1	0
ENSMUSG00000115512.1	0
ENSMUSG00000115513.1	0
ENSMUSG00000115514.1	0
ENSMUSG00000115515.1	0
ENSMUSG00000115516.1	0
ENSMUSG00000115517.1	0
ENSMUSG00000115518.1	0
ENSMUSG00000115519.1	0
ENSMUSG00000115520.2	0
ENSMUSG00000115521.1	0
ENSMUSG00000115522.1	0
ENSMUSG00000115523.1	0
ENSMUSG00000115524.1	0
ENSMUSG00000115525.1	0
ENSMUSG00000115526.1	0
ENSMUSG00000115527.1	0
ENSMUSG00000115528.1	0
ENSMUSG00000115529.1	0
ENSMUSG00000115530.1	0
ENSMUSG00000115531.1	0
ENSMUSG00000115532.1	0
ENSMUSG00000115533.1	0
ENSMUSG00000115534.1	0
ENSMUSG00000115535.1	0
ENSMUSG00000115536.1	0
ENSMUSG00000115537.1	0
ENSMUSG00000115538.1	0
ENSMUSG00000115539.1	3.10221306915988
ENSMUSG00000115540.1	0
ENSMUSG00000115541.1	0
ENSMUSG00000115542.1	0
ENSMUSG00000115543.1	0
ENSMUSG00000115544.1	0
ENSMUSG00000115545.1	0
ENSMUSG00000115546.1	0
ENSMUSG00000115547.1	0
ENSMUSG00000115548.1	0
ENSMUSG00000115549.1	0
ENSMUSG00000115550.1	0
ENSMUSG00000115551.1	0
ENSMUSG00000115552.1	0
ENSMUSG00000115553.1	0
ENSMUSG00000115554.1	0
ENSMUSG00000115555.1	0
ENSMUSG00000115556.1	0
ENSMUSG00000115557.1	0
ENSMUSG00000115558.1	0
ENSMUSG00000115559.1	0
ENSMUSG00000115560.1	0
ENSMUSG00000115561.1	0
ENSMUSG00000115562.1	0
ENSMUSG00000115563.1	0
ENSMUSG00000115564.1	0
ENSMUSG00000115565.1	0
ENSMUSG00000115566.1	0
ENSMUSG00000115567.1	0
ENSMUSG00000115568.1	0
ENSMUSG00000115569.1	0
ENSMUSG00000115570.1	0
ENSMUSG00000115571.1	0
ENSMUSG00000115572.1	0
ENSMUSG00000115573.1	0
ENSMUSG00000115574.1	0
ENSMUSG00000115575.1	0
ENSMUSG00000115576.1	0
ENSMUSG00000115577.1	0
ENSMUSG00000115578.1	0
ENSMUSG00000115579.1	0
ENSMUSG00000115580.1	0
ENSMUSG00000115581.1	0
ENSMUSG00000115582.1	0
ENSMUSG00000115584.1	0
ENSMUSG00000115585.1	0
ENSMUSG00000115586.1	0
ENSMUSG00000115587.1	0
ENSMUSG00000115588.1	0
ENSMUSG00000115589.1	0
ENSMUSG00000115590.1	0
ENSMUSG00000115591.1	17.0687731306095
ENSMUSG00000115592.1	0
ENSMUSG00000115593.1	0
ENSMUSG00000115594.1	0
ENSMUSG00000115595.1	0
ENSMUSG00000115596.1	0
ENSMUSG00000115597.1	0
ENSMUSG00000115598.1	0
ENSMUSG00000115599.1	0
ENSMUSG00000115600.1	0
ENSMUSG00000115601.1	0
ENSMUSG00000115602.1	0
ENSMUSG00000115603.1	0
ENSMUSG00000115604.1	0
ENSMUSG00000115605.1	0
ENSMUSG00000115606.1	0
ENSMUSG00000115607.1	0
ENSMUSG00000115608.1	0
ENSMUSG00000115609.1	0
ENSMUSG00000115610.1	48.1277334925233
ENSMUSG00000115611.1	0
ENSMUSG00000115612.1	0
ENSMUSG00000115613.1	0
ENSMUSG00000115614.1	0
ENSMUSG00000115615.1	0
ENSMUSG00000115616.1	0
ENSMUSG00000115617.1	0
ENSMUSG00000115618.1	0
ENSMUSG00000115619.1	0
ENSMUSG00000115620.1	0
ENSMUSG00000115621.1	0
ENSMUSG00000115622.1	0
ENSMUSG00000115623.1	0
ENSMUSG00000115624.1	0
ENSMUSG00000115625.1	0
ENSMUSG00000115626.1	0
ENSMUSG00000115627.1	0
ENSMUSG00000115628.1	0
ENSMUSG00000115629.1	0
ENSMUSG00000115630.1	0
ENSMUSG00000115631.1	0
ENSMUSG00000115632.1	0
ENSMUSG00000115633.1	0
ENSMUSG00000115635.1	0
ENSMUSG00000115636.1	0
ENSMUSG00000115637.1	111.434441066312
ENSMUSG00000115638.1	0
ENSMUSG00000115639.1	0
ENSMUSG00000115640.1	0
ENSMUSG00000115641.1	0
ENSMUSG00000115642.1	0
ENSMUSG00000115643.1	0
ENSMUSG00000115644.1	0
ENSMUSG00000115645.1	0
ENSMUSG00000115646.1	0
ENSMUSG00000115647.1	0
ENSMUSG00000115648.1	0
ENSMUSG00000115649.1	0
ENSMUSG00000115650.1	0
ENSMUSG00000115651.1	0
ENSMUSG00000115652.1	0
ENSMUSG00000115653.1	0
ENSMUSG00000115654.1	0
ENSMUSG00000115656.1	0
ENSMUSG00000115657.1	0
ENSMUSG00000115658.1	0
ENSMUSG00000115659.1	0
ENSMUSG00000115660.1	0
ENSMUSG00000115661.1	0
ENSMUSG00000115662.1	204.25738277801
ENSMUSG00000115663.1	0
ENSMUSG00000115664.1	0
ENSMUSG00000115665.1	0
ENSMUSG00000115666.1	0
ENSMUSG00000115667.1	0
ENSMUSG00000115668.1	0
ENSMUSG00000115669.1	0
ENSMUSG00000115670.1	0
ENSMUSG00000115671.1	0
ENSMUSG00000115672.1	0
ENSMUSG00000115673.1	0
ENSMUSG00000115674.1	0
ENSMUSG00000115675.1	0
ENSMUSG00000115676.1	0
ENSMUSG00000115677.1	0
ENSMUSG00000115678.1	0
ENSMUSG00000115679.1	0
ENSMUSG00000115680.1	23.1294699199461
ENSMUSG00000115681.1	0
ENSMUSG00000115682.1	0
ENSMUSG00000115683.1	0
ENSMUSG00000115684.1	0
ENSMUSG00000115685.1	7.4727088953078
ENSMUSG00000115686.1	0
ENSMUSG00000115687.1	0
ENSMUSG00000115688.1	0
ENSMUSG00000115689.1	0
ENSMUSG00000115690.1	0
ENSMUSG00000115691.1	0
ENSMUSG00000115692.1	0
ENSMUSG00000115693.1	0
ENSMUSG00000115694.1	0
ENSMUSG00000115695.1	0
ENSMUSG00000115696.1	0
ENSMUSG00000115697.2	0
ENSMUSG00000115698.1	72.1118390332851
ENSMUSG00000115699.1	0
ENSMUSG00000115700.1	1.03054411394687
ENSMUSG00000115701.1	0
ENSMUSG00000115702.1	0
ENSMUSG00000115703.1	0
ENSMUSG00000115704.1	0
ENSMUSG00000115705.1	0
ENSMUSG00000115706.1	0
ENSMUSG00000115707.1	0
ENSMUSG00000115708.1	0
ENSMUSG00000115709.1	0
ENSMUSG00000115710.1	0
ENSMUSG00000115711.1	0
ENSMUSG00000115712.1	0
ENSMUSG00000115713.1	0
ENSMUSG00000115714.1	0
ENSMUSG00000115715.1	0
ENSMUSG00000115716.1	0
ENSMUSG00000115717.1	0
ENSMUSG00000115718.1	0
ENSMUSG00000115719.1	0
ENSMUSG00000115720.1	0
ENSMUSG00000115721.1	0
ENSMUSG00000115722.1	0
ENSMUSG00000115723.1	0
ENSMUSG00000115724.1	0
ENSMUSG00000115725.1	0
ENSMUSG00000115726.1	0
ENSMUSG00000115727.1	0
ENSMUSG00000115728.1	0
ENSMUSG00000115729.1	0
ENSMUSG00000115730.1	0
ENSMUSG00000115731.1	0
ENSMUSG00000115732.1	0
ENSMUSG00000115733.1	0
ENSMUSG00000115734.1	0
ENSMUSG00000115735.1	0
ENSMUSG00000115736.1	0
ENSMUSG00000115737.1	0
ENSMUSG00000115738.1	17.9728166905002
ENSMUSG00000115739.1	0
ENSMUSG00000115740.1	0
ENSMUSG00000115741.1	0
ENSMUSG00000115742.1	0
ENSMUSG00000115743.1	0
ENSMUSG00000115744.1	0
ENSMUSG00000115745.1	0
ENSMUSG00000115746.1	0
ENSMUSG00000115747.1	0
ENSMUSG00000115748.1	0
ENSMUSG00000115749.1	0
ENSMUSG00000115750.1	21.8720487945425
ENSMUSG00000115751.1	0
ENSMUSG00000115752.1	0
ENSMUSG00000115754.1	0
ENSMUSG00000115755.1	0
ENSMUSG00000115756.1	0
ENSMUSG00000115757.1	0
ENSMUSG00000115758.1	0
ENSMUSG00000115759.1	0
ENSMUSG00000115760.1	0
ENSMUSG00000115761.1	0
ENSMUSG00000115762.1	0
ENSMUSG00000115763.1	0
ENSMUSG00000115764.1	0
ENSMUSG00000115765.1	0
ENSMUSG00000115766.1	0
ENSMUSG00000115767.1	0
ENSMUSG00000115768.1	0
ENSMUSG00000115769.1	0
ENSMUSG00000115770.1	0
ENSMUSG00000115771.1	0
ENSMUSG00000115772.1	0
ENSMUSG00000115773.1	0
ENSMUSG00000115774.1	0
ENSMUSG00000115775.1	0
ENSMUSG00000115776.1	0
ENSMUSG00000115777.1	0
ENSMUSG00000115778.1	0
ENSMUSG00000115779.1	0
ENSMUSG00000115780.1	0
ENSMUSG00000115781.1	0
ENSMUSG00000115782.1	0
ENSMUSG00000115783.1	100804.491454464
ENSMUSG00000115784.1	0
ENSMUSG00000115785.1	0
ENSMUSG00000115786.1	0
ENSMUSG00000115787.1	0
ENSMUSG00000115788.1	0
ENSMUSG00000115789.1	0
ENSMUSG00000115790.1	0
ENSMUSG00000115791.1	0
ENSMUSG00000115792.1	0
ENSMUSG00000115793.1	0
ENSMUSG00000115794.1	0
ENSMUSG00000115795.1	0
ENSMUSG00000115796.1	0
ENSMUSG00000115797.1	0
ENSMUSG00000115798.1	0
ENSMUSG00000115799.1	0
ENSMUSG00000115800.1	0
ENSMUSG00000115801.1	0.569892330745528
ENSMUSG00000115802.1	0
ENSMUSG00000115803.1	0
ENSMUSG00000115804.1	0
ENSMUSG00000115805.1	0
ENSMUSG00000115806.1	0
ENSMUSG00000115807.1	0
ENSMUSG00000115808.1	0
ENSMUSG00000115809.1	0
ENSMUSG00000115810.1	63.2330170215735
ENSMUSG00000115811.1	0
ENSMUSG00000115812.1	0
ENSMUSG00000115813.1	0
ENSMUSG00000115814.1	0
ENSMUSG00000115815.1	0
ENSMUSG00000115816.1	0
ENSMUSG00000115817.1	0
ENSMUSG00000115818.1	0
ENSMUSG00000115819.1	0
ENSMUSG00000115820.1	0
ENSMUSG00000115821.1	0
ENSMUSG00000115822.1	0
ENSMUSG00000115823.1	0
ENSMUSG00000115824.1	0
ENSMUSG00000115825.1	0
ENSMUSG00000115826.1	0
ENSMUSG00000115827.1	0
ENSMUSG00000115828.1	0
ENSMUSG00000115829.1	0
ENSMUSG00000115830.1	0
ENSMUSG00000115831.1	0
ENSMUSG00000115832.1	0
ENSMUSG00000115833.1	0
ENSMUSG00000115834.1	0
ENSMUSG00000115835.1	0
ENSMUSG00000115836.1	0
ENSMUSG00000115837.1	0
ENSMUSG00000115838.1	0
ENSMUSG00000115839.1	0
ENSMUSG00000115840.1	0
ENSMUSG00000115841.1	0
ENSMUSG00000115842.1	76.1330460115567
ENSMUSG00000115843.1	43.2361914661746
ENSMUSG00000115844.1	0
ENSMUSG00000115845.1	0
ENSMUSG00000115846.1	0
ENSMUSG00000115847.1	0
ENSMUSG00000115848.1	0
ENSMUSG00000115849.1	0
ENSMUSG00000115850.1	0
ENSMUSG00000115852.2	0
ENSMUSG00000115854.1	0
ENSMUSG00000115855.1	0
ENSMUSG00000115856.1	0
ENSMUSG00000115858.1	0
ENSMUSG00000115860.1	0
ENSMUSG00000115862.1	0
ENSMUSG00000115863.1	0
ENSMUSG00000115866.1	0
ENSMUSG00000115867.1	41.3879350364819
ENSMUSG00000115868.1	57.004433116454
ENSMUSG00000115869.1	0
ENSMUSG00000115871.1	0
ENSMUSG00000115875.1	0
ENSMUSG00000115877.1	0
ENSMUSG00000115880.1	0
ENSMUSG00000115882.1	0
ENSMUSG00000115885.1	0
ENSMUSG00000115887.1	0
ENSMUSG00000115888.1	0
ENSMUSG00000115894.1	0
ENSMUSG00000115896.1	0
ENSMUSG00000115898.1	0
ENSMUSG00000115902.1	0
ENSMUSG00000115903.1	0
ENSMUSG00000115907.1	0
ENSMUSG00000115908.1	0
ENSMUSG00000115911.1	0
ENSMUSG00000115912.1	0
ENSMUSG00000115914.1	0
ENSMUSG00000115916.1	0
ENSMUSG00000115917.1	0
ENSMUSG00000115918.1	0
ENSMUSG00000115919.1	0
ENSMUSG00000115920.1	0
ENSMUSG00000115921.1	0
ENSMUSG00000115923.1	0
ENSMUSG00000115924.1	0
ENSMUSG00000115925.1	0
ENSMUSG00000115926.1	0
ENSMUSG00000115928.1	0
ENSMUSG00000115930.1	0
ENSMUSG00000115931.1	0
ENSMUSG00000115935.1	0
ENSMUSG00000115936.1	497.974378078342
ENSMUSG00000115938.1	0
ENSMUSG00000115943.1	0
ENSMUSG00000115944.1	0
ENSMUSG00000115946.2	0
ENSMUSG00000115948.1	0
ENSMUSG00000115952.1	0
ENSMUSG00000115955.1	0
ENSMUSG00000115957.1	0
ENSMUSG00000115958.1	66.022708490002
ENSMUSG00000115959.1	0
ENSMUSG00000115961.1	0
ENSMUSG00000115962.1	0
ENSMUSG00000115964.1	0
ENSMUSG00000115965.1	0
ENSMUSG00000115968.1	0
ENSMUSG00000115969.1	0
ENSMUSG00000115970.1	81.881314834917
ENSMUSG00000115971.1	0
ENSMUSG00000115973.1	0
ENSMUSG00000115975.1	0
ENSMUSG00000115976.1	0
ENSMUSG00000115979.1	0
ENSMUSG00000115980.1	0
ENSMUSG00000115983.1	0
ENSMUSG00000115985.1	0
ENSMUSG00000115986.1	0
ENSMUSG00000115987.1	13350.8811469918
ENSMUSG00000115988.1	0
ENSMUSG00000115989.1	0
ENSMUSG00000115992.1	0
ENSMUSG00000115993.1	0
ENSMUSG00000115996.1	0
ENSMUSG00000115997.1	0
ENSMUSG00000116000.1	0
ENSMUSG00000116004.1	28.2548491412094
ENSMUSG00000116007.1	0
ENSMUSG00000116008.1	0
ENSMUSG00000116009.1	92.2286107098876
ENSMUSG00000116010.1	0
ENSMUSG00000116011.1	0
ENSMUSG00000116013.1	0
ENSMUSG00000116016.1	0
ENSMUSG00000116017.1	0
ENSMUSG00000116021.1	0
ENSMUSG00000116024.1	0
ENSMUSG00000116025.1	0
ENSMUSG00000116029.1	83.4236040967309
ENSMUSG00000116030.1	0
ENSMUSG00000116031.1	0
ENSMUSG00000116033.1	0
ENSMUSG00000116038.1	0
ENSMUSG00000116039.1	0
ENSMUSG00000116040.1	0
ENSMUSG00000116041.1	0
ENSMUSG00000116044.1	0
ENSMUSG00000116048.1	148.155744758046
ENSMUSG00000116056.1	1.5388871990475
ENSMUSG00000116057.1	0
ENSMUSG00000116058.1	0
ENSMUSG00000116061.1	0
ENSMUSG00000116066.1	0
ENSMUSG00000116068.1	0
ENSMUSG00000116069.1	78.6194857200025
ENSMUSG00000116071.1	0
ENSMUSG00000116072.1	0
ENSMUSG00000116074.1	0
ENSMUSG00000116075.1	0
ENSMUSG00000116079.1	0
ENSMUSG00000116081.1	266.281887227894
ENSMUSG00000116083.1	0
ENSMUSG00000116088.1	0
ENSMUSG00000116089.1	5.00493371469956
ENSMUSG00000116090.1	12.4751144716213
ENSMUSG00000116091.1	0
ENSMUSG00000116092.1	0
ENSMUSG00000116093.1	2.00796611020225
ENSMUSG00000116095.1	0
ENSMUSG00000116096.1	0
ENSMUSG00000116097.1	0
ENSMUSG00000116102.1	0
ENSMUSG00000116104.1	0
ENSMUSG00000116107.1	0
ENSMUSG00000116109.1	0
ENSMUSG00000116113.1	0
ENSMUSG00000116114.1	0
ENSMUSG00000116116.1	0
ENSMUSG00000116117.1	0
ENSMUSG00000116118.1	0
ENSMUSG00000116120.1	0
ENSMUSG00000116121.1	9.93474114427372
ENSMUSG00000116122.1	0
ENSMUSG00000116123.1	0
ENSMUSG00000116124.1	0
ENSMUSG00000116125.1	71.6099567462821
ENSMUSG00000116127.1	0
ENSMUSG00000116129.1	0
ENSMUSG00000116130.1	0
ENSMUSG00000116131.1	0
ENSMUSG00000116132.1	0
ENSMUSG00000116136.1	0
ENSMUSG00000116138.1	891.465197495853
ENSMUSG00000116140.1	0
ENSMUSG00000116141.1	0
ENSMUSG00000116145.1	0
ENSMUSG00000116149.1	0
ENSMUSG00000116150.1	0
ENSMUSG00000116151.1	0
ENSMUSG00000116155.1	0
ENSMUSG00000116157.1	0
ENSMUSG00000116158.1	0
ENSMUSG00000116160.1	0
ENSMUSG00000116162.1	0
ENSMUSG00000116164.1	169.869894144009
ENSMUSG00000116165.1	7777.13018459248
ENSMUSG00000116166.1	0
ENSMUSG00000116167.1	0
ENSMUSG00000116168.1	0
ENSMUSG00000116170.1	0
ENSMUSG00000116171.1	0
ENSMUSG00000116173.1	0
ENSMUSG00000116174.1	7.2393398741684
ENSMUSG00000116178.1	0
ENSMUSG00000116179.1	0
ENSMUSG00000116180.1	82.6270532356236
ENSMUSG00000116182.1	0
ENSMUSG00000116183.1	0
ENSMUSG00000116184.1	0
ENSMUSG00000116185.1	0
ENSMUSG00000116187.1	0
ENSMUSG00000116188.2	0
ENSMUSG00000116190.1	0
ENSMUSG00000116191.1	0
ENSMUSG00000116192.1	0
ENSMUSG00000116194.1	0
ENSMUSG00000116197.1	0
ENSMUSG00000116199.1	0
ENSMUSG00000116202.1	0
ENSMUSG00000116204.1	0
ENSMUSG00000116207.1	178.294337901107
ENSMUSG00000116210.1	0
ENSMUSG00000116212.1	0
ENSMUSG00000116213.1	0
ENSMUSG00000116215.1	2.60392011443332
ENSMUSG00000116217.1	0
ENSMUSG00000116219.1	0
ENSMUSG00000116220.1	0
ENSMUSG00000116222.1	0
ENSMUSG00000116223.1	0
ENSMUSG00000116226.1	0
ENSMUSG00000116227.1	0
ENSMUSG00000116229.1	0
ENSMUSG00000116231.1	0
ENSMUSG00000116234.1	0
ENSMUSG00000116237.1	0
ENSMUSG00000116238.1	0
ENSMUSG00000116239.1	0
ENSMUSG00000116241.1	0
ENSMUSG00000116242.1	0
ENSMUSG00000116243.1	13.9035750828942
ENSMUSG00000116244.1	0
ENSMUSG00000116245.1	0
ENSMUSG00000116246.1	0
ENSMUSG00000116247.1	0
ENSMUSG00000116249.1	0
ENSMUSG00000116250.1	0
ENSMUSG00000116253.1	0
ENSMUSG00000116255.1	0
ENSMUSG00000116256.1	26.624668056
ENSMUSG00000116260.1	0
ENSMUSG00000116262.1	0.78603255695796
ENSMUSG00000116263.1	0
ENSMUSG00000116265.1	0
ENSMUSG00000116270.1	0
ENSMUSG00000116272.1	0
ENSMUSG00000116274.1	0
ENSMUSG00000116275.1	488.206806183396
ENSMUSG00000116280.1	0
ENSMUSG00000116283.1	0
ENSMUSG00000116284.1	0
ENSMUSG00000116287.1	0
ENSMUSG00000116288.1	0
ENSMUSG00000116289.1	0
ENSMUSG00000116290.1	0
ENSMUSG00000116291.1	79.1166862692537
ENSMUSG00000116292.1	0
ENSMUSG00000116294.1	0
ENSMUSG00000116295.1	0
ENSMUSG00000116296.1	0
ENSMUSG00000116297.1	0
ENSMUSG00000116298.1	0
ENSMUSG00000116299.1	0
ENSMUSG00000116300.1	0
ENSMUSG00000116301.1	0
ENSMUSG00000116303.1	0
ENSMUSG00000116304.1	0
ENSMUSG00000116305.1	56.9372969970918
ENSMUSG00000116307.1	0
ENSMUSG00000116308.1	0
ENSMUSG00000116309.1	0
ENSMUSG00000116311.1	0
ENSMUSG00000116314.1	0
ENSMUSG00000116317.1	0
ENSMUSG00000116319.1	0
ENSMUSG00000116321.1	0
ENSMUSG00000116323.1	0
ENSMUSG00000116324.1	0
ENSMUSG00000116325.1	0
ENSMUSG00000116331.1	0
ENSMUSG00000116335.1	0
ENSMUSG00000116336.1	0
ENSMUSG00000116338.1	0
ENSMUSG00000116339.1	0
ENSMUSG00000116341.1	0
ENSMUSG00000116343.1	0
ENSMUSG00000116345.1	0
ENSMUSG00000116347.1	0
ENSMUSG00000116348.1	0
ENSMUSG00000116350.1	0
ENSMUSG00000116352.1	0
ENSMUSG00000116353.1	0
ENSMUSG00000116354.1	0
ENSMUSG00000116355.1	0
ENSMUSG00000116356.1	0
ENSMUSG00000116358.1	0
ENSMUSG00000116360.1	0
ENSMUSG00000116365.1	0
ENSMUSG00000116366.1	0
ENSMUSG00000116367.1	0
ENSMUSG00000116368.1	0
ENSMUSG00000116371.1	0
ENSMUSG00000116376.1	0
ENSMUSG00000116378.1	0
ENSMUSG00000116380.1	0
ENSMUSG00000116383.1	0
ENSMUSG00000116384.1	0
ENSMUSG00000116385.1	0
ENSMUSG00000116386.1	0
ENSMUSG00000116388.1	0
ENSMUSG00000116389.1	0
ENSMUSG00000116395.1	0
ENSMUSG00000116396.1	0
ENSMUSG00000116397.1	0
ENSMUSG00000116398.1	2.14788764581385
ENSMUSG00000116400.1	0
ENSMUSG00000116402.1	0
ENSMUSG00000116403.1	0
ENSMUSG00000116404.1	0
ENSMUSG00000116406.1	0
ENSMUSG00000116409.1	0
ENSMUSG00000116412.1	0
ENSMUSG00000116413.1	0
ENSMUSG00000116414.2	0
ENSMUSG00000116416.1	0
ENSMUSG00000116419.1	0
ENSMUSG00000116423.1	0
ENSMUSG00000116424.1	0
ENSMUSG00000116426.1	0
ENSMUSG00000116428.1	0
ENSMUSG00000116429.1	911.807441662587
ENSMUSG00000116433.1	0
ENSMUSG00000116435.1	0
ENSMUSG00000116437.1	0
ENSMUSG00000116438.1	0
ENSMUSG00000116439.1	0
ENSMUSG00000116441.1	0
ENSMUSG00000116442.1	0
ENSMUSG00000116445.2	0
ENSMUSG00000116449.1	0
ENSMUSG00000116450.1	0
ENSMUSG00000116455.1	0
ENSMUSG00000116461.1	7.16037456408646
ENSMUSG00000116464.1	0
ENSMUSG00000116467.1	0
ENSMUSG00000116469.1	0
ENSMUSG00000116472.1	0
ENSMUSG00000116475.1	0
ENSMUSG00000116478.1	0
ENSMUSG00000116480.1	0
ENSMUSG00000116481.1	0
ENSMUSG00000116482.1	0
ENSMUSG00000116483.1	0
ENSMUSG00000116490.1	0
ENSMUSG00000116491.1	0
ENSMUSG00000116493.1	0
ENSMUSG00000116494.1	0
ENSMUSG00000116498.1	0
ENSMUSG00000116499.1	0
ENSMUSG00000116500.1	0
ENSMUSG00000116504.1	0
ENSMUSG00000116505.1	0
ENSMUSG00000116506.1	55.7350267424055
ENSMUSG00000116508.1	15.0664875288796
ENSMUSG00000116514.1	0
ENSMUSG00000116516.1	0
ENSMUSG00000116518.1	0
ENSMUSG00000116519.1	0
ENSMUSG00000116520.1	0
ENSMUSG00000116521.1	0
ENSMUSG00000116525.1	5.21639220316009
ENSMUSG00000116528.1	0
ENSMUSG00000116529.1	0
ENSMUSG00000116530.1	0
ENSMUSG00000116531.1	0
ENSMUSG00000116532.1	0
ENSMUSG00000116533.1	0
ENSMUSG00000116534.1	0
ENSMUSG00000116535.1	0
ENSMUSG00000116536.1	0
ENSMUSG00000116537.1	0
ENSMUSG00000116538.1	0
ENSMUSG00000116539.1	0
ENSMUSG00000116540.1	0
ENSMUSG00000116542.1	0
ENSMUSG00000116543.1	0
ENSMUSG00000116544.1	0
ENSMUSG00000116545.1	1.29986888102081
ENSMUSG00000116546.1	0
ENSMUSG00000116547.1	0
ENSMUSG00000116548.1	0
ENSMUSG00000116549.1	0
ENSMUSG00000116550.1	0
ENSMUSG00000116551.1	0
ENSMUSG00000116552.1	0
ENSMUSG00000116553.1	0
ENSMUSG00000116554.1	0
ENSMUSG00000116555.1	0
ENSMUSG00000116556.1	0
ENSMUSG00000116557.1	0
ENSMUSG00000116558.1	0
ENSMUSG00000116559.1	0
ENSMUSG00000116560.1	0
ENSMUSG00000116561.1	2.94665452945696
ENSMUSG00000116562.1	0
ENSMUSG00000116563.1	2752.66170064205
ENSMUSG00000116564.1	381.581851886434
ENSMUSG00000116565.1	0
ENSMUSG00000116566.1	0
ENSMUSG00000116567.1	0
ENSMUSG00000116568.1	0
ENSMUSG00000116569.1	0
ENSMUSG00000116570.1	0
ENSMUSG00000116571.1	110.20773214056
ENSMUSG00000116572.1	0
ENSMUSG00000116573.1	0
ENSMUSG00000116574.1	0
ENSMUSG00000116575.1	0
ENSMUSG00000116576.1	0
ENSMUSG00000116578.1	0
ENSMUSG00000116579.1	0
ENSMUSG00000116580.1	0
ENSMUSG00000116581.1	0
ENSMUSG00000116582.1	0
ENSMUSG00000116583.1	0
ENSMUSG00000116585.1	0
ENSMUSG00000116586.1	0
ENSMUSG00000116587.1	0
ENSMUSG00000116588.1	0
ENSMUSG00000116589.1	0
ENSMUSG00000116590.1	0
ENSMUSG00000116591.1	0
ENSMUSG00000116592.1	0
ENSMUSG00000116593.1	0
ENSMUSG00000116594.1	550.541179249286
ENSMUSG00000116595.1	0
ENSMUSG00000116596.1	0
ENSMUSG00000116597.1	0
ENSMUSG00000116598.1	0
ENSMUSG00000116599.1	0
ENSMUSG00000116600.1	0
ENSMUSG00000116601.1	0
ENSMUSG00000116603.1	0
ENSMUSG00000116604.1	0
ENSMUSG00000116605.1	0
ENSMUSG00000116606.1	0
ENSMUSG00000116607.1	0
ENSMUSG00000116608.1	0
ENSMUSG00000116609.1	0
ENSMUSG00000116610.1	0
ENSMUSG00000116611.1	0
ENSMUSG00000116612.1	0
ENSMUSG00000116614.1	0
ENSMUSG00000116615.1	0
ENSMUSG00000116616.1	0
ENSMUSG00000116617.1	0
ENSMUSG00000116618.1	0
ENSMUSG00000116619.1	0
ENSMUSG00000116620.1	4.43657075161965
ENSMUSG00000116621.1	0
ENSMUSG00000116622.1	0
ENSMUSG00000116623.1	0
ENSMUSG00000116624.1	0
ENSMUSG00000116625.1	0
ENSMUSG00000116626.1	0
ENSMUSG00000116627.1	0
ENSMUSG00000116628.1	0
ENSMUSG00000116629.1	0
ENSMUSG00000116630.1	0
ENSMUSG00000116631.1	0
ENSMUSG00000116632.1	104.155150363327
ENSMUSG00000116633.1	0
ENSMUSG00000116634.1	0
ENSMUSG00000116635.1	88.3248217144335
ENSMUSG00000116636.1	0
ENSMUSG00000116637.1	7.03078406311404
ENSMUSG00000116638.1	0
ENSMUSG00000116639.1	0
ENSMUSG00000116640.1	1.86770124715551
ENSMUSG00000116641.1	39.9067268465378
ENSMUSG00000116642.1	0
ENSMUSG00000116643.2	0
ENSMUSG00000116644.1	0
ENSMUSG00000116645.1	0
ENSMUSG00000116646.1	0
ENSMUSG00000116647.1	0
ENSMUSG00000116648.1	0
ENSMUSG00000116649.1	0
ENSMUSG00000116650.1	0
ENSMUSG00000116651.1	0
ENSMUSG00000116652.2	210.343548220717
ENSMUSG00000116653.1	0
ENSMUSG00000116654.1	0
ENSMUSG00000116655.1	0
ENSMUSG00000116656.1	0
ENSMUSG00000116657.1	0
ENSMUSG00000116658.1	0
ENSMUSG00000116659.1	0
ENSMUSG00000116660.1	0
ENSMUSG00000116661.1	0
ENSMUSG00000116662.1	0
ENSMUSG00000116663.1	0
ENSMUSG00000116664.1	0
ENSMUSG00000116665.1	0
ENSMUSG00000116666.1	0
ENSMUSG00000116667.1	0
ENSMUSG00000116668.1	0
ENSMUSG00000116669.1	0
ENSMUSG00000116670.1	0
ENSMUSG00000116671.1	0
ENSMUSG00000116672.1	0
ENSMUSG00000116673.1	16.2751249469085
ENSMUSG00000116674.1	0
ENSMUSG00000116675.1	0
ENSMUSG00000116676.1	0
ENSMUSG00000116677.1	0
ENSMUSG00000116678.1	0
ENSMUSG00000116679.1	559.656803556488
ENSMUSG00000116680.1	0
ENSMUSG00000116681.1	0
ENSMUSG00000116682.1	0
ENSMUSG00000116684.1	0
ENSMUSG00000116685.1	0
ENSMUSG00000116686.1	0
ENSMUSG00000116687.1	0
ENSMUSG00000116688.2	0
ENSMUSG00000116689.1	0
ENSMUSG00000116690.1	0
ENSMUSG00000116691.1	0
ENSMUSG00000116692.1	0
ENSMUSG00000116693.1	0
ENSMUSG00000116694.1	0
ENSMUSG00000116695.1	0
ENSMUSG00000116696.1	0
ENSMUSG00000116697.1	11.5567447942098
ENSMUSG00000116698.1	0
ENSMUSG00000116699.1	0
ENSMUSG00000116700.1	0
ENSMUSG00000116701.1	0
ENSMUSG00000116702.1	0
ENSMUSG00000116703.1	0
ENSMUSG00000116704.1	137.753266800773
ENSMUSG00000116705.1	0
ENSMUSG00000116706.1	0
ENSMUSG00000116707.1	0
ENSMUSG00000116708.1	0
ENSMUSG00000116709.1	0
ENSMUSG00000116710.1	0
ENSMUSG00000116711.1	0
ENSMUSG00000116712.1	0
ENSMUSG00000116713.1	0
ENSMUSG00000116714.1	0
ENSMUSG00000116715.1	0
ENSMUSG00000116716.1	0
ENSMUSG00000116717.1	0
ENSMUSG00000116718.1	0
ENSMUSG00000116719.1	0
ENSMUSG00000116720.1	0
ENSMUSG00000116721.1	0
ENSMUSG00000116722.1	0
ENSMUSG00000116723.1	0
ENSMUSG00000116725.1	0
ENSMUSG00000116727.1	0
ENSMUSG00000116728.1	0
ENSMUSG00000116729.1	0
ENSMUSG00000116730.1	0
ENSMUSG00000116731.1	0
ENSMUSG00000116732.1	0
ENSMUSG00000116733.1	7.89877824231515
ENSMUSG00000116734.1	0
ENSMUSG00000116735.1	0
ENSMUSG00000116736.1	0
ENSMUSG00000116737.1	0
ENSMUSG00000116738.1	0
ENSMUSG00000116739.1	0
ENSMUSG00000116740.1	0
ENSMUSG00000116741.1	0
ENSMUSG00000116742.1	0
ENSMUSG00000116743.1	0
ENSMUSG00000116744.1	0
ENSMUSG00000116745.1	0
ENSMUSG00000116746.1	0
ENSMUSG00000116747.1	0
ENSMUSG00000116748.1	0
ENSMUSG00000116749.1	0
ENSMUSG00000116750.1	0
ENSMUSG00000116751.1	0
ENSMUSG00000116752.1	0
ENSMUSG00000116753.1	0
ENSMUSG00000116754.1	0
ENSMUSG00000116755.1	0
ENSMUSG00000116756.1	0
ENSMUSG00000116757.1	0
ENSMUSG00000116758.1	0
ENSMUSG00000116759.1	0
ENSMUSG00000116760.1	134.922937848658
ENSMUSG00000116761.1	0
ENSMUSG00000116762.1	0
ENSMUSG00000116763.1	0
ENSMUSG00000116764.1	0
ENSMUSG00000116765.1	0
ENSMUSG00000116766.1	0
ENSMUSG00000116767.1	0
ENSMUSG00000116768.1	0
ENSMUSG00000116769.1	0
ENSMUSG00000116770.1	0
ENSMUSG00000116771.1	0
ENSMUSG00000116772.1	0
ENSMUSG00000116773.1	0
ENSMUSG00000116774.1	0
ENSMUSG00000116775.1	0
ENSMUSG00000116776.1	0
ENSMUSG00000116777.1	0
ENSMUSG00000116778.1	0
ENSMUSG00000116779.1	63.4600813025404
ENSMUSG00000116780.1	0
ENSMUSG00000116781.1	0
ENSMUSG00000116782.1	0
ENSMUSG00000116783.1	0
ENSMUSG00000116784.1	0
ENSMUSG00000116785.1	0
ENSMUSG00000116786.1	0
ENSMUSG00000116788.1	0
ENSMUSG00000116789.1	0
ENSMUSG00000116790.1	0
ENSMUSG00000116791.1	0
ENSMUSG00000116792.1	0
ENSMUSG00000116793.1	58.8311847640729
ENSMUSG00000116794.1	0
ENSMUSG00000116795.1	0
ENSMUSG00000116796.1	0
ENSMUSG00000116797.1	0
ENSMUSG00000116798.1	0
ENSMUSG00000116799.1	0
ENSMUSG00000116800.1	0
ENSMUSG00000116801.1	0
ENSMUSG00000116802.1	23.1614617945841
ENSMUSG00000116803.1	0
ENSMUSG00000116804.1	0
ENSMUSG00000116805.1	0
ENSMUSG00000116806.1	0
ENSMUSG00000116807.1	0
ENSMUSG00000116808.1	0
ENSMUSG00000116809.1	0
ENSMUSG00000116810.1	0
ENSMUSG00000116811.1	103.993474352962
ENSMUSG00000116812.1	0
ENSMUSG00000116813.1	0
ENSMUSG00000116814.1	0
ENSMUSG00000116815.1	16.3353320943978
ENSMUSG00000116816.1	0
ENSMUSG00000116817.1	0
ENSMUSG00000116818.1	0
ENSMUSG00000116819.1	0
ENSMUSG00000116820.1	0
ENSMUSG00000116821.1	0
ENSMUSG00000116822.1	0
ENSMUSG00000116823.1	0
ENSMUSG00000116824.1	0
ENSMUSG00000116825.1	0
ENSMUSG00000116826.1	0
ENSMUSG00000116827.1	0
ENSMUSG00000116828.1	0
ENSMUSG00000116829.1	0
ENSMUSG00000116830.1	0
ENSMUSG00000116831.1	0
ENSMUSG00000116832.1	0
ENSMUSG00000116833.1	0
ENSMUSG00000116834.1	0
ENSMUSG00000116835.1	0
ENSMUSG00000116836.1	0
ENSMUSG00000116837.2	0
ENSMUSG00000116838.1	0
ENSMUSG00000116839.1	0
ENSMUSG00000116840.1	0
ENSMUSG00000116841.1	0
ENSMUSG00000116842.1	0
ENSMUSG00000116843.1	0
ENSMUSG00000116845.1	0
ENSMUSG00000116846.1	0
ENSMUSG00000116847.1	14.1544850148107
ENSMUSG00000116848.1	0
ENSMUSG00000116849.1	0
ENSMUSG00000116850.1	0
ENSMUSG00000116851.1	0
ENSMUSG00000116852.1	0
ENSMUSG00000116853.1	0
ENSMUSG00000116854.1	0
ENSMUSG00000116855.1	0
ENSMUSG00000116857.2	0
ENSMUSG00000116858.1	325.883498756419
ENSMUSG00000116859.1	0
ENSMUSG00000116860.1	0
ENSMUSG00000116861.1	0
ENSMUSG00000116862.1	0
ENSMUSG00000116863.1	0
ENSMUSG00000116864.1	0
ENSMUSG00000116865.1	0
ENSMUSG00000116866.1	0
ENSMUSG00000116867.1	0
ENSMUSG00000116868.1	0
ENSMUSG00000116870.1	0
ENSMUSG00000116871.1	0
ENSMUSG00000116872.1	0
ENSMUSG00000116873.1	0
ENSMUSG00000116874.1	0
ENSMUSG00000116875.1	2821.28589474285
ENSMUSG00000116876.1	0
ENSMUSG00000116877.1	0
ENSMUSG00000116878.1	0
ENSMUSG00000116879.1	0
ENSMUSG00000116880.1	0
ENSMUSG00000116881.1	0
ENSMUSG00000116882.1	38.2521383018485
ENSMUSG00000116883.1	0
ENSMUSG00000116884.1	0
ENSMUSG00000116885.1	0
ENSMUSG00000116886.1	0
ENSMUSG00000116887.1	0
ENSMUSG00000116888.1	0
ENSMUSG00000116889.1	0
ENSMUSG00000116890.1	0
ENSMUSG00000116891.1	0
ENSMUSG00000116892.1	0
ENSMUSG00000116893.1	0
ENSMUSG00000116894.1	0
ENSMUSG00000116895.1	279.375303198616
ENSMUSG00000116896.1	0
ENSMUSG00000116897.1	0
ENSMUSG00000116898.1	401.549806725697
ENSMUSG00000116899.1	0
ENSMUSG00000116900.1	0
ENSMUSG00000116901.1	0
ENSMUSG00000116902.1	0
ENSMUSG00000116903.1	9.99151501741169
ENSMUSG00000116904.1	0
ENSMUSG00000116905.1	0
ENSMUSG00000116906.1	0
ENSMUSG00000116907.1	0
ENSMUSG00000116908.1	0
ENSMUSG00000116909.1	0
ENSMUSG00000116910.1	0
ENSMUSG00000116911.1	0
ENSMUSG00000116912.1	0
ENSMUSG00000116913.1	0
ENSMUSG00000116914.1	0
ENSMUSG00000116915.1	0
ENSMUSG00000116916.1	0
ENSMUSG00000116917.1	0
ENSMUSG00000116918.1	0
ENSMUSG00000116919.1	0
ENSMUSG00000116920.1	0
ENSMUSG00000116921.1	0
ENSMUSG00000116922.1	0
ENSMUSG00000116923.1	0
ENSMUSG00000116924.1	0
ENSMUSG00000116925.1	0
ENSMUSG00000116926.1	25.6920658958228
ENSMUSG00000116927.1	0
ENSMUSG00000116928.1	0
ENSMUSG00000116929.1	0
ENSMUSG00000116930.1	0
ENSMUSG00000116931.1	0
ENSMUSG00000116932.1	0
ENSMUSG00000116933.1	0
ENSMUSG00000116934.1	0
ENSMUSG00000116935.1	0
ENSMUSG00000116936.1	3.96664912766956
ENSMUSG00000116937.1	0
ENSMUSG00000116938.1	0
ENSMUSG00000116939.1	0
ENSMUSG00000116940.1	0
ENSMUSG00000116941.1	0
ENSMUSG00000116942.1	0
ENSMUSG00000116943.1	0
ENSMUSG00000116944.1	0
ENSMUSG00000116945.1	0
ENSMUSG00000116946.1	0
ENSMUSG00000116947.1	0
ENSMUSG00000116948.1	0
ENSMUSG00000116949.1	0
ENSMUSG00000116950.1	0
ENSMUSG00000116951.1	0
ENSMUSG00000116952.1	0
ENSMUSG00000116953.1	241.148758396478
ENSMUSG00000116954.1	0
ENSMUSG00000116955.1	0
ENSMUSG00000116956.1	0
ENSMUSG00000116957.1	0
ENSMUSG00000116958.1	2.80869932370115
ENSMUSG00000116959.1	0
ENSMUSG00000116960.1	0
ENSMUSG00000116961.1	0
ENSMUSG00000116962.1	0
ENSMUSG00000116963.1	0
ENSMUSG00000116964.1	0
ENSMUSG00000116965.1	0
ENSMUSG00000116966.1	0
ENSMUSG00000116967.1	0
ENSMUSG00000116968.1	0
ENSMUSG00000116969.1	0
ENSMUSG00000116970.1	0
ENSMUSG00000116971.1	0
ENSMUSG00000116972.1	3.69613832036513
ENSMUSG00000116973.1	0
ENSMUSG00000116974.1	0
ENSMUSG00000116975.1	0
ENSMUSG00000116976.1	0
ENSMUSG00000116977.1	0
ENSMUSG00000116978.1	0
ENSMUSG00000116979.1	0
ENSMUSG00000116980.1	0
ENSMUSG00000116981.1	0
ENSMUSG00000116982.1	0
ENSMUSG00000116983.1	0
ENSMUSG00000116984.1	0
ENSMUSG00000116985.1	0
ENSMUSG00000116986.1	0
ENSMUSG00000116987.1	0
ENSMUSG00000116988.1	0
ENSMUSG00000116989.1	0
ENSMUSG00000116990.1	0
ENSMUSG00000116991.1	9.40458116124927
ENSMUSG00000116992.1	0
ENSMUSG00000116993.1	0
ENSMUSG00000116994.1	0
ENSMUSG00000116995.1	784.59888401199
ENSMUSG00000116996.1	0
ENSMUSG00000116997.1	0
ENSMUSG00000116998.1	0
ENSMUSG00000116999.1	0
ENSMUSG00000117000.1	0
ENSMUSG00000117001.1	0
ENSMUSG00000117002.1	0
ENSMUSG00000117003.1	37.2217814574117
ENSMUSG00000117004.1	6.1202172819557
ENSMUSG00000117005.1	0
ENSMUSG00000117006.1	0
ENSMUSG00000117007.1	22.0548238363764
ENSMUSG00000117008.1	0
ENSMUSG00000117009.1	0
ENSMUSG00000117010.1	0
ENSMUSG00000117011.1	110.41706824124
ENSMUSG00000117012.1	0
ENSMUSG00000117013.1	167.69625694056
ENSMUSG00000117014.1	0
ENSMUSG00000117015.1	0
ENSMUSG00000117016.1	0
ENSMUSG00000117017.1	0
ENSMUSG00000117018.1	0
ENSMUSG00000117019.1	0
ENSMUSG00000117020.1	0
ENSMUSG00000117021.1	0
ENSMUSG00000117022.1	0
ENSMUSG00000117023.1	0
ENSMUSG00000117024.1	0
ENSMUSG00000117025.1	0
ENSMUSG00000117026.1	0
ENSMUSG00000117027.1	0
ENSMUSG00000117028.1	0
ENSMUSG00000117029.1	0
ENSMUSG00000117030.1	0
ENSMUSG00000117031.1	0
ENSMUSG00000117033.1	0
ENSMUSG00000117035.1	0
ENSMUSG00000117036.1	0
ENSMUSG00000117037.1	40.8775631983555
ENSMUSG00000117038.1	0
ENSMUSG00000117039.1	0
ENSMUSG00000117040.1	0
ENSMUSG00000117041.1	0
ENSMUSG00000117042.1	16.6587465382987
ENSMUSG00000117043.1	0
ENSMUSG00000117044.1	0
ENSMUSG00000117045.1	0
ENSMUSG00000117046.1	0
ENSMUSG00000117047.1	0
ENSMUSG00000117048.1	0
ENSMUSG00000117049.1	0
ENSMUSG00000117050.1	0
ENSMUSG00000117051.1	0
ENSMUSG00000117053.1	0
ENSMUSG00000117054.1	0
ENSMUSG00000117055.1	0
ENSMUSG00000117056.1	0
ENSMUSG00000117057.1	0
ENSMUSG00000117058.1	0
ENSMUSG00000117059.1	0
ENSMUSG00000117060.1	0
ENSMUSG00000117061.1	0
ENSMUSG00000117062.1	0
ENSMUSG00000117063.1	0
ENSMUSG00000117064.1	0
ENSMUSG00000117065.1	0
ENSMUSG00000117066.1	0
ENSMUSG00000117067.1	0
ENSMUSG00000117068.2	0
ENSMUSG00000117069.1	1.58286432233029
ENSMUSG00000117070.1	0
ENSMUSG00000117071.1	0
ENSMUSG00000117072.1	0
ENSMUSG00000117073.1	0
ENSMUSG00000117074.1	0
ENSMUSG00000117075.1	0
ENSMUSG00000117076.1	0
ENSMUSG00000117077.1	0
ENSMUSG00000117078.1	0
ENSMUSG00000117079.1	0.567707519794645
ENSMUSG00000117080.1	0
ENSMUSG00000117081.1	0
ENSMUSG00000117082.1	0
ENSMUSG00000117083.1	0
ENSMUSG00000117084.1	0
ENSMUSG00000117085.1	0
ENSMUSG00000117086.1	0
ENSMUSG00000117088.1	0
ENSMUSG00000117089.1	0
ENSMUSG00000117090.1	0
ENSMUSG00000117091.1	0
ENSMUSG00000117092.1	7.89484558260356
ENSMUSG00000117093.1	10.0834955584439
ENSMUSG00000117094.1	0
ENSMUSG00000117095.1	0
ENSMUSG00000117096.1	0
ENSMUSG00000117098.1	15651.8654251059
ENSMUSG00000117099.1	0
ENSMUSG00000117100.1	0
ENSMUSG00000117101.1	0
ENSMUSG00000117102.1	0.54910541512712
ENSMUSG00000117103.1	0
ENSMUSG00000117104.1	0
ENSMUSG00000117105.1	0
ENSMUSG00000117106.1	0
ENSMUSG00000117107.1	0
ENSMUSG00000117108.1	0
ENSMUSG00000117109.1	0
ENSMUSG00000117110.1	0
ENSMUSG00000117111.1	0
ENSMUSG00000117112.1	0
ENSMUSG00000117113.1	5.04032765210387
ENSMUSG00000117114.1	0
ENSMUSG00000117115.1	0
ENSMUSG00000117116.1	0
ENSMUSG00000117117.1	0
ENSMUSG00000117118.1	0
ENSMUSG00000117119.1	0
ENSMUSG00000117120.1	0
ENSMUSG00000117121.1	0
ENSMUSG00000117122.1	0
ENSMUSG00000117123.1	0
ENSMUSG00000117124.1	0
ENSMUSG00000117125.1	0
ENSMUSG00000117126.1	0
ENSMUSG00000117127.1	0
ENSMUSG00000117128.1	0
ENSMUSG00000117129.1	0
ENSMUSG00000117130.1	0
ENSMUSG00000117131.1	0
ENSMUSG00000117132.1	0
ENSMUSG00000117133.1	0
ENSMUSG00000117134.1	0
ENSMUSG00000117135.1	0
ENSMUSG00000117136.1	0
ENSMUSG00000117137.1	0
ENSMUSG00000117138.1	0
ENSMUSG00000117139.1	0
ENSMUSG00000117140.1	0
ENSMUSG00000117141.1	0
ENSMUSG00000117142.1	0
ENSMUSG00000117143.1	0
ENSMUSG00000117145.1	0
ENSMUSG00000117146.2	0
ENSMUSG00000117147.1	0
ENSMUSG00000117148.1	0
ENSMUSG00000117149.1	0
ENSMUSG00000117150.1	0
ENSMUSG00000117151.1	0
ENSMUSG00000117154.1	0
ENSMUSG00000117156.1	0
ENSMUSG00000117157.1	0
ENSMUSG00000117158.1	0
ENSMUSG00000117159.1	0
ENSMUSG00000117160.1	0
ENSMUSG00000117161.1	0
ENSMUSG00000117162.1	0
ENSMUSG00000117163.1	0
ENSMUSG00000117164.1	0
ENSMUSG00000117165.1	0
ENSMUSG00000117166.1	0
ENSMUSG00000117167.1	0
ENSMUSG00000117168.1	0
ENSMUSG00000117169.2	0
ENSMUSG00000117170.1	0
ENSMUSG00000117171.1	34.7471085165156
ENSMUSG00000117172.1	159.14253479834
ENSMUSG00000117174.1	0
ENSMUSG00000117175.1	0
ENSMUSG00000117176.1	0
ENSMUSG00000117177.1	0
ENSMUSG00000117178.1	0
ENSMUSG00000117179.1	0
ENSMUSG00000117180.1	0
ENSMUSG00000117181.1	0
ENSMUSG00000117182.1	0
ENSMUSG00000117183.1	1.4236852387659
ENSMUSG00000117184.1	0
ENSMUSG00000117185.1	71.8373643546841
ENSMUSG00000117186.1	0
ENSMUSG00000117187.1	55.276372500645
ENSMUSG00000117188.1	0
ENSMUSG00000117189.1	0
ENSMUSG00000117190.1	0
ENSMUSG00000117191.1	0
ENSMUSG00000117192.1	0
ENSMUSG00000117193.1	0
ENSMUSG00000117194.1	0
ENSMUSG00000117195.1	0
ENSMUSG00000117196.1	0
ENSMUSG00000117197.1	0
ENSMUSG00000117198.1	0
ENSMUSG00000117199.1	0
ENSMUSG00000117200.1	0
ENSMUSG00000117201.1	0
ENSMUSG00000117202.1	28.4252331837933
ENSMUSG00000117203.1	0
ENSMUSG00000117204.1	0
ENSMUSG00000117205.1	0
ENSMUSG00000117206.1	0
ENSMUSG00000117207.1	0
ENSMUSG00000117208.1	0
ENSMUSG00000117209.1	113.434885184526
ENSMUSG00000117210.1	0
ENSMUSG00000117211.1	0
ENSMUSG00000117213.1	0
ENSMUSG00000117214.1	0
ENSMUSG00000117215.1	0
ENSMUSG00000117216.1	0
ENSMUSG00000117217.1	0
ENSMUSG00000117218.1	24.4776543345665
ENSMUSG00000117219.1	0
ENSMUSG00000117220.1	0
ENSMUSG00000117221.1	0
ENSMUSG00000117222.1	50.0598554511448
ENSMUSG00000117223.1	0
ENSMUSG00000117224.1	0
ENSMUSG00000117225.1	0
ENSMUSG00000117226.1	0
ENSMUSG00000117227.1	0
ENSMUSG00000117228.1	0
ENSMUSG00000117229.1	0
ENSMUSG00000117230.1	0
ENSMUSG00000117231.1	0
ENSMUSG00000117232.1	0
ENSMUSG00000117233.1	0
ENSMUSG00000117234.1	26.402285512785
ENSMUSG00000117235.1	0
ENSMUSG00000117236.1	0
ENSMUSG00000117237.1	0
ENSMUSG00000117238.1	0
ENSMUSG00000117239.1	0
ENSMUSG00000117240.1	0
ENSMUSG00000117241.1	0
ENSMUSG00000117243.1	0
ENSMUSG00000117244.1	0
ENSMUSG00000117245.1	0
ENSMUSG00000117246.1	0
ENSMUSG00000117247.1	0
ENSMUSG00000117248.1	211.944640108694
ENSMUSG00000117249.1	0
ENSMUSG00000117250.1	0
ENSMUSG00000117251.1	0
ENSMUSG00000117252.1	0
ENSMUSG00000117253.1	0
ENSMUSG00000117254.1	0
ENSMUSG00000117255.1	4.77927395505827
ENSMUSG00000117256.1	167.221653578858
ENSMUSG00000117257.1	11.9449857001819
ENSMUSG00000117258.1	0
ENSMUSG00000117259.1	0
ENSMUSG00000117260.1	0
ENSMUSG00000117262.1	0
ENSMUSG00000117263.1	0
ENSMUSG00000117264.1	0
ENSMUSG00000117265.1	0
ENSMUSG00000117266.1	0
ENSMUSG00000117267.1	0
ENSMUSG00000117268.1	0
ENSMUSG00000117269.1	0
ENSMUSG00000117270.1	0
ENSMUSG00000117271.1	0
ENSMUSG00000117272.1	0
ENSMUSG00000117273.1	0
ENSMUSG00000117274.1	0
ENSMUSG00000117275.1	0
ENSMUSG00000117276.1	0
ENSMUSG00000117277.1	0
ENSMUSG00000117278.1	0
ENSMUSG00000117279.1	0
ENSMUSG00000117280.1	0
ENSMUSG00000117281.1	0
ENSMUSG00000117282.1	0
ENSMUSG00000117283.1	0
ENSMUSG00000117284.1	20.0770393288814
ENSMUSG00000117285.1	0
ENSMUSG00000117286.1	113.176859011226
ENSMUSG00000117287.1	0
ENSMUSG00000117288.1	0
ENSMUSG00000117289.1	9.02564130761098
ENSMUSG00000117290.1	0
ENSMUSG00000117291.1	0
ENSMUSG00000117292.1	0
ENSMUSG00000117293.1	0
ENSMUSG00000117294.1	0
ENSMUSG00000117295.1	0
ENSMUSG00000117296.1	0
ENSMUSG00000117297.1	0
ENSMUSG00000117298.1	0
ENSMUSG00000117299.1	0
ENSMUSG00000117300.1	365.393932108051
ENSMUSG00000117301.1	0
ENSMUSG00000117302.1	0
ENSMUSG00000117303.1	0
ENSMUSG00000117304.1	0
ENSMUSG00000117305.1	0
ENSMUSG00000117306.1	0
ENSMUSG00000117307.1	0
ENSMUSG00000117308.1	0
ENSMUSG00000117309.1	0
ENSMUSG00000117310.2	1039.26001148481
ENSMUSG00000117311.1	0
ENSMUSG00000117312.1	0
ENSMUSG00000117313.1	0
ENSMUSG00000117314.1	66.1542653208302
ENSMUSG00000117315.1	0
ENSMUSG00000117316.1	0
ENSMUSG00000117317.1	0
ENSMUSG00000117318.1	0
ENSMUSG00000117319.1	0
ENSMUSG00000117320.1	0
ENSMUSG00000117321.1	0
ENSMUSG00000117322.1	10.6328818778361
ENSMUSG00000117323.1	0
ENSMUSG00000117324.1	0
ENSMUSG00000117325.1	0
ENSMUSG00000117326.1	0
ENSMUSG00000117327.1	3.30443292845668
ENSMUSG00000117328.1	0
ENSMUSG00000117329.1	0
ENSMUSG00000117330.1	0
ENSMUSG00000117331.1	0
ENSMUSG00000117332.1	0
ENSMUSG00000117333.1	0
ENSMUSG00000117334.1	0
ENSMUSG00000117335.1	0
ENSMUSG00000117336.1	0
ENSMUSG00000117337.1	0
ENSMUSG00000117338.1	0
ENSMUSG00000117340.1	0
ENSMUSG00000117341.1	0
ENSMUSG00000117342.1	0
ENSMUSG00000117343.1	0
ENSMUSG00000117344.1	0
ENSMUSG00000117345.1	0
ENSMUSG00000117346.1	0
ENSMUSG00000117347.1	0
ENSMUSG00000117348.1	0
ENSMUSG00000117349.1	0
ENSMUSG00000117350.1	0
ENSMUSG00000117351.1	0
ENSMUSG00000117352.1	0
ENSMUSG00000117353.1	0
ENSMUSG00000117354.1	0
ENSMUSG00000117355.1	0
ENSMUSG00000117356.1	0
ENSMUSG00000117357.1	0
ENSMUSG00000117358.1	60.0407585296522
ENSMUSG00000117359.1	370.015056961851
ENSMUSG00000117360.1	0
ENSMUSG00000117361.1	20.7281754154148
ENSMUSG00000117362.1	0
ENSMUSG00000117363.1	0
ENSMUSG00000117364.1	0
ENSMUSG00000117365.1	0
ENSMUSG00000117366.1	0
ENSMUSG00000117367.1	0
ENSMUSG00000117368.1	0
ENSMUSG00000117369.1	0
ENSMUSG00000117370.1	0
ENSMUSG00000117371.1	0
ENSMUSG00000117372.1	0
ENSMUSG00000117373.1	0
ENSMUSG00000117374.1	0
ENSMUSG00000117375.1	0
ENSMUSG00000117376.1	0
ENSMUSG00000117377.1	0
ENSMUSG00000117378.1	0
ENSMUSG00000117379.1	0
ENSMUSG00000117380.1	0
ENSMUSG00000117381.1	0
ENSMUSG00000117382.1	0
ENSMUSG00000117383.1	0
ENSMUSG00000117384.1	0
ENSMUSG00000117385.1	0
ENSMUSG00000117386.1	0
ENSMUSG00000117387.1	0
ENSMUSG00000117388.1	0
ENSMUSG00000117389.1	0
ENSMUSG00000117390.1	0
ENSMUSG00000117391.1	0
ENSMUSG00000117392.1	0
ENSMUSG00000117393.1	0
ENSMUSG00000117394.1	0
ENSMUSG00000117395.1	0
ENSMUSG00000117396.1	0
ENSMUSG00000117397.1	0
ENSMUSG00000117398.1	0
ENSMUSG00000117399.1	0
ENSMUSG00000117400.1	0
ENSMUSG00000117401.1	329.473080725551
ENSMUSG00000117402.1	0
ENSMUSG00000117403.1	0
ENSMUSG00000117404.1	0
ENSMUSG00000117405.1	3.63412090094505
ENSMUSG00000117406.1	174.299161384736
ENSMUSG00000117407.1	0
ENSMUSG00000117408.1	0
ENSMUSG00000117409.1	0
ENSMUSG00000117410.1	0
ENSMUSG00000117411.1	6.62297349333907
ENSMUSG00000117412.1	0
ENSMUSG00000117413.1	0
ENSMUSG00000117414.1	0
ENSMUSG00000117415.1	0
ENSMUSG00000117416.1	3.28405176344344
ENSMUSG00000117417.1	0
ENSMUSG00000117418.1	0
ENSMUSG00000117419.1	0
ENSMUSG00000117420.1	0
ENSMUSG00000117421.1	0
ENSMUSG00000117422.1	0
ENSMUSG00000117423.1	0
ENSMUSG00000117424.1	0
ENSMUSG00000117425.1	0
ENSMUSG00000117426.1	0
ENSMUSG00000117427.1	0
ENSMUSG00000117428.1	2.52467390008626
ENSMUSG00000117429.1	0
ENSMUSG00000117430.1	0
ENSMUSG00000117431.1	0
ENSMUSG00000117432.1	0
ENSMUSG00000117433.1	0
ENSMUSG00000117434.1	0
ENSMUSG00000117435.1	0
ENSMUSG00000117436.1	0
ENSMUSG00000117437.1	0
ENSMUSG00000117438.1	69.8263707207356
ENSMUSG00000117439.1	453.443561277428
ENSMUSG00000117440.1	0
ENSMUSG00000117441.1	0
ENSMUSG00000117442.1	0
ENSMUSG00000117443.1	0
ENSMUSG00000117444.1	0
ENSMUSG00000117445.1	0
ENSMUSG00000117446.1	0
ENSMUSG00000117447.1	0
ENSMUSG00000117448.1	0
ENSMUSG00000117449.1	0
ENSMUSG00000117450.1	0
ENSMUSG00000117451.1	0
ENSMUSG00000117452.1	0
ENSMUSG00000117453.1	0
ENSMUSG00000117454.1	0
ENSMUSG00000117455.1	0
ENSMUSG00000117456.1	0
ENSMUSG00000117457.1	0
ENSMUSG00000117458.1	10.7266414792141
ENSMUSG00000117459.1	0
ENSMUSG00000117460.1	0
ENSMUSG00000117461.1	0
ENSMUSG00000117462.1	0
ENSMUSG00000117463.1	0
ENSMUSG00000117464.1	0
ENSMUSG00000117465.1	0
ENSMUSG00000117466.1	0
ENSMUSG00000117467.1	0
ENSMUSG00000117468.1	32.2972175741196
ENSMUSG00000117469.1	0
ENSMUSG00000117470.1	0
ENSMUSG00000117471.1	0
ENSMUSG00000117472.1	0
ENSMUSG00000117473.1	16.3808697969313
ENSMUSG00000117474.1	0
ENSMUSG00000117475.1	0
ENSMUSG00000117476.1	16.7821259338536
ENSMUSG00000117477.1	0
ENSMUSG00000117478.1	0
ENSMUSG00000117479.1	0
ENSMUSG00000117480.1	0
ENSMUSG00000117481.1	0
ENSMUSG00000117482.1	0
ENSMUSG00000117483.1	0
ENSMUSG00000117484.1	0
ENSMUSG00000117485.1	0
ENSMUSG00000117486.1	0
ENSMUSG00000117487.1	0
ENSMUSG00000117488.1	0
ENSMUSG00000117489.1	0
ENSMUSG00000117490.1	0
ENSMUSG00000117491.1	0
ENSMUSG00000117492.1	0
ENSMUSG00000117493.1	0
ENSMUSG00000117494.1	0
ENSMUSG00000117495.2	0
ENSMUSG00000117496.1	0
ENSMUSG00000117497.1	0
ENSMUSG00000117498.1	0
ENSMUSG00000117499.1	132.778483477195
ENSMUSG00000117500.1	0
ENSMUSG00000117501.1	0
ENSMUSG00000117502.1	0
ENSMUSG00000117503.1	0
ENSMUSG00000117504.1	0
ENSMUSG00000117505.1	0
ENSMUSG00000117506.1	0
ENSMUSG00000117507.1	0
ENSMUSG00000117508.1	0
ENSMUSG00000117509.1	0
ENSMUSG00000117510.1	0
ENSMUSG00000117511.1	0
ENSMUSG00000117512.1	0
ENSMUSG00000117513.1	0
ENSMUSG00000117514.1	0
ENSMUSG00000117515.1	33.1743255361444
ENSMUSG00000117516.1	0
ENSMUSG00000117517.1	0
ENSMUSG00000117518.1	0
ENSMUSG00000117519.1	0
ENSMUSG00000117520.1	0
ENSMUSG00000117521.1	0
ENSMUSG00000117522.1	17.2038880821292
ENSMUSG00000117523.1	0
ENSMUSG00000117524.1	0
ENSMUSG00000117525.1	0
ENSMUSG00000117526.1	0
ENSMUSG00000117527.1	0
ENSMUSG00000117528.1	0
ENSMUSG00000117529.1	0
ENSMUSG00000117530.1	0
ENSMUSG00000117531.1	0
ENSMUSG00000117532.1	0
ENSMUSG00000117533.1	0
ENSMUSG00000117534.1	0
ENSMUSG00000117535.1	0
ENSMUSG00000117536.1	0
ENSMUSG00000117537.1	0
ENSMUSG00000117538.1	0
ENSMUSG00000117539.1	0
ENSMUSG00000117540.1	0
ENSMUSG00000117541.1	0
ENSMUSG00000117542.1	0
ENSMUSG00000117543.1	0
ENSMUSG00000117544.1	0
ENSMUSG00000117545.1	0
ENSMUSG00000117546.1	0
ENSMUSG00000117547.1	0
ENSMUSG00000117548.1	49.0559972423837
ENSMUSG00000117549.1	0
ENSMUSG00000117550.1	0
ENSMUSG00000117551.1	0
ENSMUSG00000117552.1	3.32631224955053
ENSMUSG00000117553.1	0
ENSMUSG00000117554.1	0
ENSMUSG00000117555.1	0
ENSMUSG00000117556.1	0
ENSMUSG00000117557.1	0
ENSMUSG00000117558.1	0
ENSMUSG00000117559.1	0
ENSMUSG00000117560.1	0
ENSMUSG00000117561.1	0
ENSMUSG00000117562.2	0
ENSMUSG00000117563.1	0
ENSMUSG00000117564.1	0
ENSMUSG00000117565.1	0
ENSMUSG00000117566.1	0
ENSMUSG00000117567.1	0
ENSMUSG00000117568.1	0
ENSMUSG00000117569.1	0
ENSMUSG00000117570.1	0
ENSMUSG00000117571.1	0
ENSMUSG00000117572.1	0
ENSMUSG00000117573.1	0
ENSMUSG00000117574.1	0
ENSMUSG00000117575.1	0
ENSMUSG00000117576.1	0
ENSMUSG00000117577.1	0
ENSMUSG00000117578.1	2.15650204327733
ENSMUSG00000117579.1	0
ENSMUSG00000117580.1	0
ENSMUSG00000117581.1	0
ENSMUSG00000117582.1	0
ENSMUSG00000117583.1	0
ENSMUSG00000117584.1	0
ENSMUSG00000117585.1	0
ENSMUSG00000117586.1	0
ENSMUSG00000117587.1	0
ENSMUSG00000117588.1	0
ENSMUSG00000117589.1	0
ENSMUSG00000117590.1	0
ENSMUSG00000117591.1	0
ENSMUSG00000117592.1	1.3826420044743
ENSMUSG00000117593.1	0
ENSMUSG00000117594.1	0
ENSMUSG00000117595.1	0
ENSMUSG00000117596.1	0
ENSMUSG00000117597.1	0
ENSMUSG00000117598.1	0
ENSMUSG00000117599.1	0
ENSMUSG00000117600.1	0
ENSMUSG00000117601.1	0
ENSMUSG00000117602.1	0
ENSMUSG00000117603.1	0
ENSMUSG00000117604.1	0
ENSMUSG00000117605.1	0
ENSMUSG00000117606.1	0
ENSMUSG00000117607.1	0
ENSMUSG00000117608.1	0
ENSMUSG00000117609.1	0
ENSMUSG00000117610.1	0
ENSMUSG00000117611.1	0
ENSMUSG00000117612.1	0
ENSMUSG00000117613.1	9.75683510970176
ENSMUSG00000117614.1	0
ENSMUSG00000117615.1	0
ENSMUSG00000117616.1	0
ENSMUSG00000117617.1	0
ENSMUSG00000117618.1	0
ENSMUSG00000117619.1	0
ENSMUSG00000117620.1	0
ENSMUSG00000117621.1	40.4599521908865
ENSMUSG00000117622.1	0
ENSMUSG00000117623.1	0
ENSMUSG00000117624.1	0
ENSMUSG00000117625.1	0
ENSMUSG00000117626.1	0
ENSMUSG00000117627.1	7.2539156843693
ENSMUSG00000117628.1	0
ENSMUSG00000117629.1	0
ENSMUSG00000117630.1	0
ENSMUSG00000117631.1	0
ENSMUSG00000117632.1	0
ENSMUSG00000117633.1	0
ENSMUSG00000117634.1	27.1101954724564
ENSMUSG00000117635.1	0
ENSMUSG00000117636.1	0
ENSMUSG00000117637.1	0
ENSMUSG00000117638.1	0
ENSMUSG00000117639.1	0
ENSMUSG00000117640.1	0
ENSMUSG00000117641.1	0
ENSMUSG00000117642.1	87.6871066094555
ENSMUSG00000117643.1	0
ENSMUSG00000117644.1	0
ENSMUSG00000117645.1	0
ENSMUSG00000117646.1	0
ENSMUSG00000117647.1	0
ENSMUSG00000117648.1	89.0347604271306
ENSMUSG00000117649.1	0
ENSMUSG00000117650.1	0
ENSMUSG00000117651.1	0
ENSMUSG00000117652.1	0
ENSMUSG00000117653.1	0
ENSMUSG00000117654.1	0
ENSMUSG00000117655.1	101.638529052174
ENSMUSG00000117656.1	0
ENSMUSG00000117657.1	0
ENSMUSG00000117658.1	0
ENSMUSG00000117659.1	0
ENSMUSG00000117660.1	0
ENSMUSG00000117661.1	0
ENSMUSG00000117662.1	181.456321155566
ENSMUSG00000117663.1	0
ENSMUSG00000117664.1	0
ENSMUSG00000117665.1	0
ENSMUSG00000117666.1	0
ENSMUSG00000117667.1	0
ENSMUSG00000117669.1	0
ENSMUSG00000117670.1	0
ENSMUSG00000117671.1	0
ENSMUSG00000117673.1	0
ENSMUSG00000117674.1	18.0512514036369
ENSMUSG00000117675.1	0
ENSMUSG00000117676.1	0
ENSMUSG00000117677.1	0
ENSMUSG00000117678.1	0
ENSMUSG00000117679.1	1697.5985145873
ENSMUSG00000117680.1	0
ENSMUSG00000117681.1	0
ENSMUSG00000117682.1	0
ENSMUSG00000117683.1	0
ENSMUSG00000117684.1	0
ENSMUSG00000117685.1	0
ENSMUSG00000117686.1	0
ENSMUSG00000117687.1	0
ENSMUSG00000117688.1	0
ENSMUSG00000117689.1	0
ENSMUSG00000117690.1	0
ENSMUSG00000117691.1	0
ENSMUSG00000117692.1	0
ENSMUSG00000117693.1	0
ENSMUSG00000117694.1	0
ENSMUSG00000117695.1	0
ENSMUSG00000117696.1	0
ENSMUSG00000117697.1	0
ENSMUSG00000117698.1	80.9279257591213
ENSMUSG00000117699.1	0
ENSMUSG00000117700.1	0
ENSMUSG00000117701.1	0
ENSMUSG00000117702.1	0
ENSMUSG00000117703.1	0
ENSMUSG00000117704.1	0
ENSMUSG00000117705.1	0
ENSMUSG00000117706.1	0
ENSMUSG00000117707.1	0
ENSMUSG00000117708.1	0
ENSMUSG00000117709.1	0
ENSMUSG00000117710.1	8.17618680990737
ENSMUSG00000117711.1	0
ENSMUSG00000117712.1	0
ENSMUSG00000117713.1	10.0519718575811
ENSMUSG00000117714.1	0
ENSMUSG00000117715.1	0
ENSMUSG00000117717.1	0
ENSMUSG00000117718.1	0
ENSMUSG00000117719.1	0
ENSMUSG00000117720.1	0
ENSMUSG00000117721.1	0
ENSMUSG00000117722.1	0
ENSMUSG00000117723.1	0
ENSMUSG00000117724.1	0
ENSMUSG00000117725.1	440.319932492415
ENSMUSG00000117726.1	0
ENSMUSG00000117727.1	0
ENSMUSG00000117728.1	0
ENSMUSG00000117729.1	67.4205193247924
ENSMUSG00000117730.1	371.105933069627
ENSMUSG00000117731.1	0
ENSMUSG00000117732.1	0
ENSMUSG00000117733.1	80.1669873165135
ENSMUSG00000117734.1	0
ENSMUSG00000117735.1	0
ENSMUSG00000117736.1	0
ENSMUSG00000117737.1	0
ENSMUSG00000117738.1	0
ENSMUSG00000117739.1	0
ENSMUSG00000117740.1	0
ENSMUSG00000117741.1	0
ENSMUSG00000117742.1	0
ENSMUSG00000117743.1	0
ENSMUSG00000117744.1	0
ENSMUSG00000117745.1	0
ENSMUSG00000117746.1	0
ENSMUSG00000117747.1	0
ENSMUSG00000117748.1	531.438128642308
ENSMUSG00000117749.1	0
ENSMUSG00000117750.1	0
ENSMUSG00000117751.1	0
ENSMUSG00000117752.1	0
ENSMUSG00000117753.1	0
ENSMUSG00000117754.1	0
ENSMUSG00000117755.1	0
ENSMUSG00000117756.1	0
ENSMUSG00000117757.1	0
ENSMUSG00000117758.1	0
ENSMUSG00000117759.1	0
ENSMUSG00000117760.1	0
ENSMUSG00000117761.1	0
ENSMUSG00000117762.1	41.3719234933704
ENSMUSG00000117763.1	0
ENSMUSG00000117764.1	0
ENSMUSG00000117765.1	0
ENSMUSG00000117766.1	0
ENSMUSG00000117767.1	0
ENSMUSG00000117768.1	0
ENSMUSG00000117769.1	0
ENSMUSG00000117770.1	0
ENSMUSG00000117771.1	47.1286194446841
ENSMUSG00000117772.1	0
ENSMUSG00000117773.1	0
ENSMUSG00000117774.1	0
ENSMUSG00000117775.1	29.4393600040236
ENSMUSG00000117777.1	0
ENSMUSG00000117778.1	0
ENSMUSG00000117779.1	0
ENSMUSG00000117780.1	0
ENSMUSG00000117781.1	0
ENSMUSG00000117782.1	0
ENSMUSG00000117783.1	0
ENSMUSG00000117784.1	0
ENSMUSG00000117785.1	0
ENSMUSG00000117786.1	165.565410820163
ENSMUSG00000117787.1	0
ENSMUSG00000117788.1	0
ENSMUSG00000117789.1	248.401300771106
ENSMUSG00000117790.1	0
ENSMUSG00000117791.1	0
ENSMUSG00000117792.1	0
ENSMUSG00000117793.1	0
ENSMUSG00000117794.1	0
ENSMUSG00000117795.1	0
ENSMUSG00000117796.1	0
ENSMUSG00000117797.1	0
ENSMUSG00000117798.1	0
ENSMUSG00000117799.1	0
ENSMUSG00000117800.1	0
ENSMUSG00000117801.1	0
ENSMUSG00000117802.1	0
ENSMUSG00000117803.1	0
ENSMUSG00000117804.1	0
ENSMUSG00000117805.1	0
ENSMUSG00000117806.1	0
ENSMUSG00000117807.1	0
ENSMUSG00000117808.1	0
ENSMUSG00000117809.1	0
ENSMUSG00000117810.1	25.6313593629732
ENSMUSG00000117811.1	0
ENSMUSG00000117812.1	0
ENSMUSG00000117813.1	385.407174957167
ENSMUSG00000117814.1	310.451679624966
ENSMUSG00000117815.1	0
ENSMUSG00000117816.1	0
ENSMUSG00000117817.1	0
ENSMUSG00000117818.1	0
ENSMUSG00000117819.1	57.9886904498271
ENSMUSG00000117820.1	0
ENSMUSG00000117821.1	0
ENSMUSG00000117822.1	157.32592691585
ENSMUSG00000117823.1	0
ENSMUSG00000117824.1	109.886845835046
ENSMUSG00000117825.1	0
ENSMUSG00000117826.1	0
ENSMUSG00000117827.1	0
ENSMUSG00000117828.1	0
ENSMUSG00000117829.1	0
ENSMUSG00000117830.1	0
ENSMUSG00000117831.1	0
ENSMUSG00000117832.1	0
ENSMUSG00000117833.1	0
ENSMUSG00000117834.1	0
ENSMUSG00000117835.1	0
ENSMUSG00000117836.1	0
ENSMUSG00000117837.1	0
ENSMUSG00000117838.1	0
ENSMUSG00000117839.1	0
ENSMUSG00000117840.1	0
ENSMUSG00000117841.1	0
ENSMUSG00000117842.1	0
ENSMUSG00000117843.1	0
ENSMUSG00000117844.1	0
ENSMUSG00000117845.1	0
ENSMUSG00000117846.1	0
ENSMUSG00000117847.1	0
ENSMUSG00000117848.1	0
ENSMUSG00000117849.1	0
ENSMUSG00000117850.1	0
ENSMUSG00000117851.1	0
ENSMUSG00000117852.1	0
ENSMUSG00000117853.1	0
ENSMUSG00000117854.1	0
ENSMUSG00000117855.1	0
ENSMUSG00000117856.1	62.836099294968
ENSMUSG00000117857.1	0
ENSMUSG00000117858.1	0
ENSMUSG00000117859.1	0
ENSMUSG00000117860.1	0
ENSMUSG00000117861.1	0
ENSMUSG00000117862.1	0
ENSMUSG00000117863.1	0
ENSMUSG00000117864.1	0
ENSMUSG00000117865.1	0
ENSMUSG00000117866.1	0
ENSMUSG00000117867.1	0
ENSMUSG00000117868.1	0
ENSMUSG00000117869.1	177.518324262938
ENSMUSG00000117870.1	0
ENSMUSG00000117871.1	0
ENSMUSG00000117872.1	0
ENSMUSG00000117873.1	0
ENSMUSG00000117874.1	0
ENSMUSG00000117875.1	72.3747966370165
ENSMUSG00000117876.1	0
ENSMUSG00000117877.1	0
ENSMUSG00000117878.1	0
ENSMUSG00000117879.1	0
ENSMUSG00000117880.1	0
ENSMUSG00000117881.1	0
ENSMUSG00000117882.1	0
ENSMUSG00000117883.1	0
ENSMUSG00000117884.1	0
ENSMUSG00000117885.1	0
ENSMUSG00000117886.1	0
ENSMUSG00000117887.1	0
ENSMUSG00000117888.1	0
ENSMUSG00000117889.1	0
ENSMUSG00000117890.1	0
ENSMUSG00000117891.1	8.17996341169389
ENSMUSG00000117892.1	0
ENSMUSG00000117893.1	0
ENSMUSG00000117894.1	0
ENSMUSG00000117895.1	0
ENSMUSG00000117896.1	0
ENSMUSG00000117897.1	0
ENSMUSG00000117898.1	0
ENSMUSG00000117899.1	0
ENSMUSG00000117900.1	0
ENSMUSG00000117901.1	353.835252195571
ENSMUSG00000117902.1	0
ENSMUSG00000117903.1	0
ENSMUSG00000117904.1	0
ENSMUSG00000117905.1	0
ENSMUSG00000117906.1	0
ENSMUSG00000117907.1	0
ENSMUSG00000117908.1	0
ENSMUSG00000117909.1	0
ENSMUSG00000117910.1	0
ENSMUSG00000117911.1	0
ENSMUSG00000117912.1	0
ENSMUSG00000117913.1	0
ENSMUSG00000117914.1	0
ENSMUSG00000117915.1	0
ENSMUSG00000117916.1	5.52379510394944
ENSMUSG00000117917.1	0
ENSMUSG00000117918.1	0
ENSMUSG00000117919.1	1.46722539985851
ENSMUSG00000117920.1	0
ENSMUSG00000117921.1	0
ENSMUSG00000117922.1	0
ENSMUSG00000117923.1	0
ENSMUSG00000117924.1	2459.00850182148
ENSMUSG00000117925.1	0
ENSMUSG00000117926.1	54.6105981807406
ENSMUSG00000117927.1	0
ENSMUSG00000117928.1	0
ENSMUSG00000117929.1	3.802101651483
ENSMUSG00000117930.1	0
ENSMUSG00000117931.1	0
ENSMUSG00000117932.1	0
ENSMUSG00000117933.1	0
ENSMUSG00000117934.1	0
ENSMUSG00000117935.1	7.29829855825725
ENSMUSG00000117936.1	0
ENSMUSG00000117937.1	0
ENSMUSG00000117938.1	0
ENSMUSG00000117939.1	0
ENSMUSG00000117940.1	0
ENSMUSG00000117941.1	0
ENSMUSG00000117942.1	267.580757338195
ENSMUSG00000117943.1	0
ENSMUSG00000117944.1	0
ENSMUSG00000117945.1	0
ENSMUSG00000117946.1	0
ENSMUSG00000117947.1	0
ENSMUSG00000117948.1	0
ENSMUSG00000117949.1	0
ENSMUSG00000117950.1	0
ENSMUSG00000117951.1	0
ENSMUSG00000117952.1	0
ENSMUSG00000117953.1	0
ENSMUSG00000117955.1	0
ENSMUSG00000117956.1	0
ENSMUSG00000117957.1	0
ENSMUSG00000117958.1	0
ENSMUSG00000117959.1	62.7040742903646
ENSMUSG00000117960.1	0
ENSMUSG00000117961.1	0
ENSMUSG00000117962.1	0
ENSMUSG00000117963.1	0
ENSMUSG00000117964.1	0
ENSMUSG00000117965.1	0
ENSMUSG00000117966.1	0
ENSMUSG00000117967.1	0
ENSMUSG00000117968.1	0
ENSMUSG00000117969.1	0
ENSMUSG00000117970.1	0
ENSMUSG00000117971.1	0
ENSMUSG00000117972.1	0
ENSMUSG00000117973.1	0
ENSMUSG00000117974.1	0
ENSMUSG00000117975.1	0
ENSMUSG00000117976.1	0
ENSMUSG00000117977.1	0
ENSMUSG00000117978.1	0
ENSMUSG00000117979.1	0
ENSMUSG00000117980.1	0
ENSMUSG00000117981.1	0
ENSMUSG00000117982.1	0
ENSMUSG00000117983.1	0
ENSMUSG00000117984.1	0
ENSMUSG00000117985.1	0
ENSMUSG00000117986.1	0
ENSMUSG00000117987.1	0
ENSMUSG00000117988.1	0
ENSMUSG00000117989.1	0
ENSMUSG00000117990.1	0
ENSMUSG00000117991.1	0
ENSMUSG00000117992.1	30.300581269277
ENSMUSG00000117993.1	0
ENSMUSG00000117994.1	70.7440225316918
ENSMUSG00000117995.1	0
ENSMUSG00000117996.1	0
ENSMUSG00000117998.1	0
ENSMUSG00000117999.1	0
ENSMUSG00000118000.1	0
ENSMUSG00000118001.1	0
ENSMUSG00000118002.1	0
ENSMUSG00000118003.1	0
ENSMUSG00000118004.1	0
ENSMUSG00000118005.1	0
ENSMUSG00000118006.1	0
ENSMUSG00000118007.1	0
ENSMUSG00000118008.1	0
ENSMUSG00000118009.1	0
ENSMUSG00000118010.1	0
ENSMUSG00000118011.1	0
ENSMUSG00000118012.1	33.7162522867186
ENSMUSG00000118013.1	0
ENSMUSG00000118014.1	0
ENSMUSG00000118015.1	0
ENSMUSG00000118016.1	0
ENSMUSG00000118017.1	0
ENSMUSG00000118018.1	144.960209049698
ENSMUSG00000118020.1	0
ENSMUSG00000118021.1	0
ENSMUSG00000118022.1	74.408200189004
ENSMUSG00000118023.1	0
ENSMUSG00000118024.1	0
ENSMUSG00000118025.1	0
ENSMUSG00000118026.1	233.35544409992
ENSMUSG00000118027.1	0
ENSMUSG00000118028.1	0
ENSMUSG00000118029.1	0
ENSMUSG00000118030.1	64.2531052545412
ENSMUSG00000118031.1	0
ENSMUSG00000118032.1	0
ENSMUSG00000118033.1	0
ENSMUSG00000118034.1	0
ENSMUSG00000118035.1	0
ENSMUSG00000118036.1	0
ENSMUSG00000118037.1	0
ENSMUSG00000118038.1	0
ENSMUSG00000118039.1	0
ENSMUSG00000118040.1	0
ENSMUSG00000118041.1	0
ENSMUSG00000118042.1	0
ENSMUSG00000118043.1	0
ENSMUSG00000118044.1	0
ENSMUSG00000118045.1	0
ENSMUSG00000118046.1	0
ENSMUSG00000118047.1	0
ENSMUSG00000118048.1	0
ENSMUSG00000118049.1	0
ENSMUSG00000118050.1	0
ENSMUSG00000118051.1	0
ENSMUSG00000118052.1	17.8993134077955
ENSMUSG00000118053.1	0
ENSMUSG00000118054.1	0
ENSMUSG00000118055.1	0
ENSMUSG00000118056.1	0
ENSMUSG00000118057.1	8.80731627044767
ENSMUSG00000118058.1	0
ENSMUSG00000118059.1	0
ENSMUSG00000118060.1	0
ENSMUSG00000118061.1	10.5251706979576
ENSMUSG00000118062.1	0
ENSMUSG00000118063.1	0
ENSMUSG00000118064.1	0
ENSMUSG00000118065.1	0
ENSMUSG00000118066.1	0
ENSMUSG00000118067.1	0
ENSMUSG00000118068.1	0
ENSMUSG00000118070.1	0
ENSMUSG00000118071.1	0
ENSMUSG00000118072.1	0
ENSMUSG00000118073.1	0
ENSMUSG00000118074.1	0
ENSMUSG00000118075.1	0
ENSMUSG00000118076.1	0
ENSMUSG00000118077.1	0
ENSMUSG00000118078.1	0
ENSMUSG00000118079.1	0
ENSMUSG00000118080.1	0
ENSMUSG00000118081.1	0
ENSMUSG00000118082.1	0
ENSMUSG00000118083.1	0
ENSMUSG00000118084.1	0
ENSMUSG00000118085.1	0
ENSMUSG00000118086.1	0
ENSMUSG00000118087.1	0
ENSMUSG00000118088.1	0
ENSMUSG00000118089.1	0
ENSMUSG00000118090.1	0
ENSMUSG00000118091.1	0
ENSMUSG00000118092.1	0
ENSMUSG00000118093.1	23.4452063139339
ENSMUSG00000118094.1	23.9565457111957
ENSMUSG00000118096.1	0
ENSMUSG00000118097.1	11.8569378188613
ENSMUSG00000118098.1	0
ENSMUSG00000118099.1	73.280775315178
ENSMUSG00000118100.1	0
ENSMUSG00000118101.1	0
ENSMUSG00000118102.1	0
ENSMUSG00000118103.1	0
ENSMUSG00000118104.1	0
ENSMUSG00000118105.1	0
ENSMUSG00000118106.1	3.97875922265446
ENSMUSG00000118107.1	0
ENSMUSG00000118108.1	0
ENSMUSG00000118109.1	0
ENSMUSG00000118110.1	0
ENSMUSG00000118111.1	0
ENSMUSG00000118112.1	0
ENSMUSG00000118113.1	0
ENSMUSG00000118114.1	0
ENSMUSG00000118115.1	0
ENSMUSG00000118116.1	0
ENSMUSG00000118117.1	0
ENSMUSG00000118118.1	0
ENSMUSG00000118119.1	0
ENSMUSG00000118120.1	0
ENSMUSG00000118121.1	0
ENSMUSG00000118122.1	0
ENSMUSG00000118123.1	0
ENSMUSG00000118124.1	182.016444260203
ENSMUSG00000118125.1	217.487817606936
ENSMUSG00000118126.1	0
ENSMUSG00000118127.1	0
ENSMUSG00000118128.1	0
ENSMUSG00000118129.1	0
ENSMUSG00000118130.1	0
ENSMUSG00000118131.1	0
ENSMUSG00000118132.1	0
ENSMUSG00000118133.1	66.5342663683589
ENSMUSG00000118134.1	0
ENSMUSG00000118135.1	0
ENSMUSG00000118136.1	0
ENSMUSG00000118137.1	0
ENSMUSG00000118138.1	15.0153629526289
ENSMUSG00000118139.1	0
ENSMUSG00000118140.1	0
ENSMUSG00000118141.1	0
ENSMUSG00000118142.1	0
ENSMUSG00000118143.1	0
ENSMUSG00000118144.1	0
ENSMUSG00000118145.1	20.8333584569073
ENSMUSG00000118146.1	0
ENSMUSG00000118147.1	0
ENSMUSG00000118148.1	0
ENSMUSG00000118149.1	0
ENSMUSG00000118150.1	0
ENSMUSG00000118151.1	0
ENSMUSG00000118152.1	0
ENSMUSG00000118153.1	0
ENSMUSG00000118154.1	0
ENSMUSG00000118155.1	0
ENSMUSG00000118156.1	0
ENSMUSG00000118157.1	0
ENSMUSG00000118158.1	0
ENSMUSG00000118159.1	44.5687700882886
ENSMUSG00000118160.1	0
ENSMUSG00000118161.1	210.838532747432
ENSMUSG00000118162.1	0
ENSMUSG00000118163.1	0
ENSMUSG00000118164.1	0
ENSMUSG00000118165.1	0
ENSMUSG00000118166.1	0
ENSMUSG00000118167.1	0
ENSMUSG00000118168.1	0
ENSMUSG00000118169.1	0
ENSMUSG00000118170.1	0
ENSMUSG00000118171.1	76.8698578989498
ENSMUSG00000118172.1	0
ENSMUSG00000118173.1	0
ENSMUSG00000118174.1	0
ENSMUSG00000118175.1	0
ENSMUSG00000118176.1	0
ENSMUSG00000118177.1	0
ENSMUSG00000118178.1	0
ENSMUSG00000118179.1	0
ENSMUSG00000118180.1	0
ENSMUSG00000118181.1	1470.19231070664
ENSMUSG00000118182.1	0
ENSMUSG00000118183.1	0
ENSMUSG00000118184.1	0
ENSMUSG00000118185.1	0
ENSMUSG00000118186.1	0
ENSMUSG00000118187.1	0
ENSMUSG00000118188.1	0
ENSMUSG00000118189.1	0
ENSMUSG00000118190.1	0
ENSMUSG00000118191.1	0
ENSMUSG00000118192.1	0
ENSMUSG00000118193.1	0
ENSMUSG00000118194.1	0
ENSMUSG00000118195.1	0
ENSMUSG00000118196.1	0
ENSMUSG00000118197.1	110.847600844904
ENSMUSG00000118198.1	3340.18564303072
ENSMUSG00000118199.1	0
ENSMUSG00000118200.1	0
ENSMUSG00000118201.1	0
ENSMUSG00000118202.1	224.457177270746
ENSMUSG00000118203.1	0
ENSMUSG00000118204.1	0
ENSMUSG00000118205.1	0
ENSMUSG00000118206.1	0
ENSMUSG00000118207.1	0
ENSMUSG00000118208.1	0
ENSMUSG00000118209.1	0
ENSMUSG00000118210.1	0
ENSMUSG00000118211.1	0
ENSMUSG00000118212.1	35.6680687554832
ENSMUSG00000118213.1	0
ENSMUSG00000118214.1	0
ENSMUSG00000118215.1	0
ENSMUSG00000118216.1	0
ENSMUSG00000118217.1	0
ENSMUSG00000118218.1	0
ENSMUSG00000118219.1	29.7088720406076
ENSMUSG00000118220.1	7.5839469842928
ENSMUSG00000118221.1	0
ENSMUSG00000118222.1	0
ENSMUSG00000118223.1	0
ENSMUSG00000118224.1	0
ENSMUSG00000118225.1	0
ENSMUSG00000118226.1	0
ENSMUSG00000118227.1	0
ENSMUSG00000118228.1	0
ENSMUSG00000118229.1	0
ENSMUSG00000118230.1	0
ENSMUSG00000118231.1	0
ENSMUSG00000118232.1	0
ENSMUSG00000118233.1	0
ENSMUSG00000118234.1	0
ENSMUSG00000118235.1	0
ENSMUSG00000118236.1	0
ENSMUSG00000118237.1	0
ENSMUSG00000118238.1	0
ENSMUSG00000118239.1	123.117124606047
ENSMUSG00000118240.1	0
ENSMUSG00000118241.1	35.8938533614645
ENSMUSG00000118242.1	0
ENSMUSG00000118243.1	0
ENSMUSG00000118244.1	0
ENSMUSG00000118245.1	231.420200982797
ENSMUSG00000118246.1	4.55220967409142
ENSMUSG00000118247.1	0
ENSMUSG00000118248.1	0
ENSMUSG00000118249.1	87.6930368106079
ENSMUSG00000118250.1	0
ENSMUSG00000118251.1	0
ENSMUSG00000118252.1	2.71556395402348
ENSMUSG00000118253.1	0
ENSMUSG00000118254.1	0
ENSMUSG00000118255.1	0
ENSMUSG00000118256.1	0
ENSMUSG00000118257.1	110.668446346932
ENSMUSG00000118258.1	0
ENSMUSG00000118259.1	0
ENSMUSG00000118260.1	0
ENSMUSG00000118261.1	0
ENSMUSG00000118262.1	0
ENSMUSG00000118263.1	0
ENSMUSG00000118264.1	136.254299218957
ENSMUSG00000118265.1	0
ENSMUSG00000118266.1	0
ENSMUSG00000118267.1	0
ENSMUSG00000118268.1	0
ENSMUSG00000118269.1	0
ENSMUSG00000118270.1	0
ENSMUSG00000118271.1	0
ENSMUSG00000118272.1	0
ENSMUSG00000118273.1	0
ENSMUSG00000118274.1	8.02964841827309
ENSMUSG00000118275.1	0
ENSMUSG00000118276.1	0
ENSMUSG00000118277.1	0
ENSMUSG00000118278.1	0
ENSMUSG00000118279.1	0
ENSMUSG00000118280.1	0
ENSMUSG00000118281.1	0
ENSMUSG00000118282.1	0.946741008187968
ENSMUSG00000118283.1	0
ENSMUSG00000118284.1	0
ENSMUSG00000118285.1	0
ENSMUSG00000118286.1	0
ENSMUSG00000118287.1	0
ENSMUSG00000118288.1	0
ENSMUSG00000118289.1	0
ENSMUSG00000118290.1	0
ENSMUSG00000118291.1	0
ENSMUSG00000118292.1	0
ENSMUSG00000118293.1	0
ENSMUSG00000118294.1	0
ENSMUSG00000118295.1	10.805700424051
ENSMUSG00000118296.1	0
ENSMUSG00000118297.1	0
ENSMUSG00000118298.1	0
ENSMUSG00000118299.1	0
ENSMUSG00000118300.1	0
ENSMUSG00000118301.1	0
ENSMUSG00000118302.1	0
ENSMUSG00000118303.1	0
ENSMUSG00000118304.1	0
ENSMUSG00000118305.1	0
ENSMUSG00000118306.1	0
ENSMUSG00000118307.1	0
ENSMUSG00000118308.1	0
ENSMUSG00000118309.1	0
ENSMUSG00000118310.1	6.07883072022896
ENSMUSG00000118311.1	0
ENSMUSG00000118312.1	0
ENSMUSG00000118313.1	0
ENSMUSG00000118314.1	0
ENSMUSG00000118315.1	0
ENSMUSG00000118316.1	0
ENSMUSG00000118317.1	0
ENSMUSG00000118318.1	0
ENSMUSG00000118319.1	0
ENSMUSG00000118320.1	0
ENSMUSG00000118321.1	0
ENSMUSG00000118322.1	0
ENSMUSG00000118324.1	0
ENSMUSG00000118325.1	0
ENSMUSG00000118326.1	0
ENSMUSG00000118327.1	0
ENSMUSG00000118328.1	0
ENSMUSG00000118329.1	0
ENSMUSG00000118330.1	0
ENSMUSG00000118331.1	0
ENSMUSG00000118332.1	949.938635072512
ENSMUSG00000118333.1	0
ENSMUSG00000118334.1	0
ENSMUSG00000118335.1	0
ENSMUSG00000118336.1	0
ENSMUSG00000118337.1	0
ENSMUSG00000118338.1	0
ENSMUSG00000118339.1	0
ENSMUSG00000118340.1	0
ENSMUSG00000118341.1	0
ENSMUSG00000118342.1	0
ENSMUSG00000118343.1	0
ENSMUSG00000118344.1	0
ENSMUSG00000118345.1	0
ENSMUSG00000118346.1	137.863537330622
ENSMUSG00000118347.1	0
ENSMUSG00000118348.1	0
ENSMUSG00000118349.1	0
ENSMUSG00000118350.1	0
ENSMUSG00000118351.1	0
ENSMUSG00000118352.1	0
ENSMUSG00000118353.1	2.94019373135934
ENSMUSG00000118354.1	0
ENSMUSG00000118355.1	0
ENSMUSG00000118356.1	0
ENSMUSG00000118357.1	0
ENSMUSG00000118358.1	0
ENSMUSG00000118360.1	0
ENSMUSG00000118361.1	0
ENSMUSG00000118362.1	0
ENSMUSG00000118363.1	0
ENSMUSG00000118364.1	0
ENSMUSG00000118365.1	0
ENSMUSG00000118366.1	0
ENSMUSG00000118367.1	0
ENSMUSG00000118368.1	0
ENSMUSG00000118369.1	4.42592760113034
ENSMUSG00000118370.1	0
ENSMUSG00000118371.1	0
ENSMUSG00000118372.1	0
ENSMUSG00000118373.1	0
ENSMUSG00000118374.1	0
ENSMUSG00000118375.1	0
ENSMUSG00000118376.1	0
ENSMUSG00000118377.1	48.5415054750356
ENSMUSG00000118378.1	0
ENSMUSG00000118379.1	0
ENSMUSG00000118380.1	0
ENSMUSG00000118381.1	0
ENSMUSG00000118382.1	0
ENSMUSG00000118383.1	10.5699905340357
ENSMUSG00000118384.1	0
ENSMUSG00000118385.1	0
ENSMUSG00000118386.1	0
ENSMUSG00000118387.1	0
ENSMUSG00000118388.1	0
ENSMUSG00000118389.1	0
ENSMUSG00000118390.1	0
ENSMUSG00000118391.1	0
ENSMUSG00000118392.1	0
ENSMUSG00000118393.1	0
ENSMUSG00000118394.1	0
ENSMUSG00000118395.1	0
ENSMUSG00000118396.2	0
ENSMUSG00000118397.1	0
ENSMUSG00000118398.1	0
ENSMUSG00000118399.1	0
ENSMUSG00000118400.1	0
ENSMUSG00000118401.1	273.042222906874
ENSMUSG00000118402.1	0
ENSMUSG00000118403.1	0
ENSMUSG00000118404.1	0
ENSMUSG00000118405.1	0
ENSMUSG00000118406.1	0
ENSMUSG00000118407.1	0
ENSMUSG00000118408.1	0
ENSMUSG00000118409.1	0
ENSMUSG00000118410.1	0
ENSMUSG00000118411.1	0
ENSMUSG00000118412.1	0
ENSMUSG00000118413.1	0
ENSMUSG00000118414.1	0
ENSMUSG00000118415.1	0
ENSMUSG00000118416.1	0
ENSMUSG00000118417.1	0
ENSMUSG00000118418.1	0
ENSMUSG00000118419.1	0
ENSMUSG00000118420.1	0
ENSMUSG00000118421.1	0
ENSMUSG00000118422.1	0
ENSMUSG00000118423.1	0
ENSMUSG00000118424.1	0
ENSMUSG00000118425.1	0
ENSMUSG00000118426.1	0
ENSMUSG00000118427.1	0
ENSMUSG00000118428.1	0
ENSMUSG00000118429.1	0
ENSMUSG00000118430.1	0
ENSMUSG00000118431.1	0
ENSMUSG00000118432.1	0
ENSMUSG00000118433.1	0
ENSMUSG00000118434.1	0
ENSMUSG00000118435.2	0
ENSMUSG00000118436.1	0
ENSMUSG00000118437.1	0
ENSMUSG00000118438.1	0
ENSMUSG00000118439.1	0
ENSMUSG00000118440.1	0
ENSMUSG00000118441.1	0
ENSMUSG00000118442.1	0
ENSMUSG00000118443.1	0
ENSMUSG00000118444.1	0
ENSMUSG00000118445.1	0
ENSMUSG00000118447.1	0
ENSMUSG00000118448.1	0
ENSMUSG00000118449.1	35.0165269183446
ENSMUSG00000118450.1	0
ENSMUSG00000118451.1	0
ENSMUSG00000118452.1	0
ENSMUSG00000118453.1	0
ENSMUSG00000118454.1	0
ENSMUSG00000118456.1	0
ENSMUSG00000118457.1	0
ENSMUSG00000118458.1	0
ENSMUSG00000118459.1	0
ENSMUSG00000118460.1	0
ENSMUSG00000118461.1	0
ENSMUSG00000118462.1	0
ENSMUSG00000118463.1	0
ENSMUSG00000118464.1	0
ENSMUSG00000118465.1	0
ENSMUSG00000118466.1	0
ENSMUSG00000118467.1	0
ENSMUSG00000118468.1	0
ENSMUSG00000118469.1	0
ENSMUSG00000118470.1	0
ENSMUSG00000118471.1	0
ENSMUSG00000118472.1	0
ENSMUSG00000118473.1	0
ENSMUSG00000118474.1	0
ENSMUSG00000118475.1	0
ENSMUSG00000118476.1	0
ENSMUSG00000118477.1	0
ENSMUSG00000118478.1	0
ENSMUSG00000118479.1	0
ENSMUSG00000118480.1	0
ENSMUSG00000118481.1	0
ENSMUSG00000118482.1	0
ENSMUSG00000118483.1	0
ENSMUSG00000118484.1	0
ENSMUSG00000118485.1	0
ENSMUSG00000118486.1	0
ENSMUSG00000118487.1	0
ENSMUSG00000118488.1	0
ENSMUSG00000118489.1	0
ENSMUSG00000118490.1	0
ENSMUSG00000118491.1	0
ENSMUSG00000118492.1	0
ENSMUSG00000118493.1	0
ENSMUSG00000118494.1	0
ENSMUSG00000118495.1	0
ENSMUSG00000118496.1	0
ENSMUSG00000118497.1	0
ENSMUSG00000118498.2	0
ENSMUSG00000118499.1	13.0719111886477
ENSMUSG00000118500.1	0
ENSMUSG00000118501.1	0
ENSMUSG00000118502.1	0
ENSMUSG00000118503.1	0
ENSMUSG00000118504.1	49.8999585011251
ENSMUSG00000118505.1	0
ENSMUSG00000118506.1	48.3102588416771
ENSMUSG00000118507.1	0
ENSMUSG00000118508.1	0
ENSMUSG00000118509.1	0
ENSMUSG00000118510.1	0
ENSMUSG00000118511.1	0
ENSMUSG00000118512.1	0
ENSMUSG00000118513.1	0
ENSMUSG00000118514.1	0
ENSMUSG00000118515.1	0
ENSMUSG00000118516.1	0
ENSMUSG00000118517.1	0
ENSMUSG00000118518.1	0
ENSMUSG00000118519.1	0
ENSMUSG00000118520.1	0
ENSMUSG00000118521.1	0
ENSMUSG00000118522.1	0
ENSMUSG00000118523.1	0
ENSMUSG00000118524.1	0
ENSMUSG00000118525.1	0
ENSMUSG00000118526.2	0
ENSMUSG00000118527.1	0
ENSMUSG00000118528.1	0
ENSMUSG00000118529.1	0
ENSMUSG00000118530.1	0
ENSMUSG00000118531.1	18.0518444237522
ENSMUSG00000118532.1	0
ENSMUSG00000118533.1	0
ENSMUSG00000118534.1	0
ENSMUSG00000118535.1	0
ENSMUSG00000118536.1	0
ENSMUSG00000118537.1	49.2427361555143
ENSMUSG00000118538.1	0
ENSMUSG00000118539.1	0
ENSMUSG00000118540.1	0
ENSMUSG00000118541.1	0
ENSMUSG00000118542.1	0
ENSMUSG00000118543.1	0
ENSMUSG00000118544.1	0
ENSMUSG00000118545.1	0
ENSMUSG00000118546.1	0
ENSMUSG00000118547.1	0
ENSMUSG00000118548.1	0
ENSMUSG00000118549.1	0
ENSMUSG00000118550.1	0
ENSMUSG00000118551.1	0
ENSMUSG00000118552.1	128.381738708052
ENSMUSG00000118553.1	0
ENSMUSG00000118554.1	0
ENSMUSG00000118555.1	0
ENSMUSG00000118556.1	0
ENSMUSG00000118557.1	0
ENSMUSG00000118558.1	0
ENSMUSG00000118559.2	0
ENSMUSG00000118560.1	0
ENSMUSG00000118561.1	0
ENSMUSG00000118562.1	0
ENSMUSG00000118563.1	0
ENSMUSG00000118565.1	0
ENSMUSG00000118566.1	122.872394567963
ENSMUSG00000118568.1	0
ENSMUSG00000118569.1	0
ENSMUSG00000118570.1	0
ENSMUSG00000118571.1	0
ENSMUSG00000118572.1	0
ENSMUSG00000118573.1	0
ENSMUSG00000118574.1	0
ENSMUSG00000118576.1	0
ENSMUSG00000118578.1	0
ENSMUSG00000118579.1	0
ENSMUSG00000118580.1	0
ENSMUSG00000118581.1	0
ENSMUSG00000118582.1	0
ENSMUSG00000118583.1	0
ENSMUSG00000118584.1	0
ENSMUSG00000118585.1	0
ENSMUSG00000118586.1	0
ENSMUSG00000118587.1	0
ENSMUSG00000118588.1	32.4840813335902
ENSMUSG00000118589.1	0
ENSMUSG00000118590.1	0
ENSMUSG00000118591.1	0
ENSMUSG00000118592.1	0
ENSMUSG00000118593.1	0
ENSMUSG00000118594.1	0
ENSMUSG00000118595.1	0
ENSMUSG00000118596.1	0
ENSMUSG00000118597.1	0
ENSMUSG00000118598.1	0
ENSMUSG00000118599.1	0
ENSMUSG00000118600.1	0
ENSMUSG00000118601.1	0
ENSMUSG00000118602.1	0
ENSMUSG00000118603.1	0
ENSMUSG00000118604.1	0
ENSMUSG00000118605.1	0
ENSMUSG00000118606.1	0
ENSMUSG00000118607.1	0
ENSMUSG00000118608.1	178.112686476334
ENSMUSG00000118609.1	0
ENSMUSG00000118610.1	0
ENSMUSG00000118611.1	0
ENSMUSG00000118612.1	0
ENSMUSG00000118613.1	0
ENSMUSG00000118614.1	0
ENSMUSG00000118615.1	0
ENSMUSG00000118616.1	0
ENSMUSG00000118617.1	0
ENSMUSG00000118618.1	0
ENSMUSG00000118619.1	0
ENSMUSG00000118620.1	0
ENSMUSG00000118621.1	0
ENSMUSG00000118622.1	0
ENSMUSG00000118623.1	0
ENSMUSG00000118624.1	0
ENSMUSG00000118625.1	0
ENSMUSG00000118626.1	0
ENSMUSG00000118627.1	0
ENSMUSG00000118628.1	0
ENSMUSG00000118629.1	0
ENSMUSG00000118630.1	0
ENSMUSG00000118631.1	0
ENSMUSG00000118632.1	0
ENSMUSG00000118633.1	109.939499778962
ENSMUSG00000118634.1	0
ENSMUSG00000118635.1	0
ENSMUSG00000118636.1	0
ENSMUSG00000118637.1	0
ENSMUSG00000118638.1	0
ENSMUSG00000118639.1	0
ENSMUSG00000118640.1	0
ENSMUSG00000118641.1	0
ENSMUSG00000118642.1	0
ENSMUSG00000118643.1	0
ENSMUSG00000118644.1	0
ENSMUSG00000118645.1	0
ENSMUSG00000118646.1	0
ENSMUSG00000118647.1	0
ENSMUSG00000118648.1	0
ENSMUSG00000118649.1	0
ENSMUSG00000118650.1	0
ENSMUSG00000118651.1	0
ENSMUSG00000118652.1	0
ENSMUSG00000118653.1	24.37493700829
ENSMUSG00000118654.1	0
ENSMUSG00000118655.1	0
ENSMUSG00000118656.1	0
ENSMUSG00000118657.1	0
ENSMUSG00000118658.1	0
ENSMUSG00000118659.1	0
ERCC-00002	216022.969094123
ERCC-00003	4339.60793648346
ERCC-00004	67613.8530897782
ERCC-00009	8261.74974967562
ERCC-00012	0
ERCC-00013	0
ERCC-00014	16.5542189400914
ERCC-00016	0
ERCC-00017	0
ERCC-00019	335.834906887089
ERCC-00022	3399.50713058376
ERCC-00024	18.9893468027764
ERCC-00025	355.321048488512
ERCC-00028	47.3927318770609
ERCC-00031	0
ERCC-00033	0
ERCC-00034	363.526106014556
ERCC-00035	608.206548889967
ERCC-00039	17.9362991360354
ERCC-00040	81.4747839401275
ERCC-00041	0
ERCC-00042	5379.48955789538
ERCC-00043	4426.1176172599
ERCC-00044	349.665790188489
ERCC-00046	31748.8921989251
ERCC-00048	0
ERCC-00051	1265.79850209054
ERCC-00053	91.8061931183267
ERCC-00054	568.114300382114
ERCC-00057	0
ERCC-00058	0
ERCC-00059	534.19888697143
ERCC-00060	4353.20994523196
ERCC-00061	0
ERCC-00062	517.292570140811
ERCC-00067	0
ERCC-00069	4.70686307782898
ERCC-00071	1108.49682657625
ERCC-00073	49.1799384464689
ERCC-00074	245538.382835521
ERCC-00075	0
ERCC-00076	3850.88763730344
ERCC-00077	300.864573114563
ERCC-00078	699.238538642055
ERCC-00079	1304.00756840507
ERCC-00081	0
ERCC-00083	0
ERCC-00084	346.487015101293
ERCC-00085	59.340589043064
ERCC-00086	0
ERCC-00092	2979.62329549421
ERCC-00095	610.310334566158
ERCC-00096	136153.108232822
ERCC-00097	235.09683206253
ERCC-00098	0
ERCC-00099	164.948108091784
ERCC-00104	0
ERCC-00108	13116.2154717646
ERCC-00109	117.734031327335
ERCC-00111	6338.88886134741
ERCC-00112	629.767324547179
ERCC-00113	74882.1565657603
ERCC-00116	951.317718956294
ERCC-00117	0
ERCC-00120	0
ERCC-00123	0
ERCC-00126	0
ERCC-00130	290337.872299862
ERCC-00131	3398.73105452242
ERCC-00134	0
ERCC-00136	7606.94343043742
ERCC-00137	0
ERCC-00138	0
ERCC-00142	0
ERCC-00143	0
ERCC-00144	517.860246449021
ERCC-00145	8830.29795351258
ERCC-00147	0
ERCC-00148	244.556439248156
ERCC-00150	58.6529666136508
ERCC-00154	117.456404278648
ERCC-00156	0
ERCC-00157	70.9319162734678
ERCC-00158	15.8199976142544
ERCC-00160	1037.90230753676
ERCC-00162	258.606521511099
ERCC-00163	425.909980654276
ERCC-00164	26.5116821182543
ERCC-00165	1032.96407297924
ERCC-00168	0
ERCC-00170	81.2131684345517
ERCC-00171	112757.413043463
